56 0.990104 0.759259 0.0197917 0.161111 0.259969
56 0.146354 0.516667 0.0479167 0.037037 0.293681
56 0.0265625 0.552778 0.053125 0.0518519 0.294731
56 0.0270833 0.693519 0.0541667 0.181481 0.308706
56 0.152344 0.537037 0.0619792 0.0777778 0.437533
56 0.220052 0.511111 0.0432292 0.0333333 0.43958
56 0.0117188 0.585648 0.0234375 0.0546296 0.469487
56 0.219792 0.533796 0.0447917 0.0768519 0.559919
56 0.982292 0.712037 0.0354167 0.151852 0.566624
0 0.00807292 0.448148 0.0161458 0.148148 0.566916
60 0.532292 0.659259 0.333333 0.112963 0.593465
56 0.0739583 0.634259 0.05625 0.190741 0.594288
56 0.0393229 0.79537 0.0786458 0.377778 0.688053
0 0.623698 0.505093 0.103646 0.223148 0.711871
56 0.139062 0.625463 0.071875 0.19537 0.726564
56 0.969271 0.665278 0.0614583 0.156481 0.759087
56 0.359115 0.535185 0.0338542 0.0814815 0.774858
56 0.204948 0.725463 0.0828125 0.300926 0.79427
56 0.41849 0.591204 0.0244792 0.0712963 0.813962
0 0.501302 0.525463 0.151562 0.349074 0.831699
56 0.288021 0.801852 0.125 0.388889 0.844898
0 0.328906 0.707407 0.184896 0.572222 0.880596
0 0.722135 0.673148 0.210938 0.635185 0.896225
62 0.295312 0.372685 0.229167 0.252778 0.899241
56 0.764063 0.787037 0.180208 0.416667 0.912416
56 0.499479 0.834722 0.194792 0.319444 0.913716
