56 0.14375 0.575926 0.0791667 0.140741 0.311039
56 0.940885 0.756481 0.0619792 0.181481 0.384981
56 0.952344 0.698611 0.0942708 0.282407 0.456682
56 0.922917 0.545833 0.103125 0.134259 0.54543
56 0.642969 0.573148 0.0213542 0.0407407 0.551129
56 0.1125 0.624537 0.0666667 0.210185 0.56899
0 0.388021 0.6875 0.101042 0.532407 0.641611
60 0.465625 0.662963 0.313542 0.107407 0.662011
56 0.935156 0.613426 0.128646 0.256481 0.71576
56 0.160417 0.543981 0.0479167 0.0787037 0.754689
56 0.294792 0.578704 0.053125 0.15 0.804023
0 0.565625 0.510648 0.136458 0.232407 0.847305
56 0.502865 0.844907 0.202604 0.293519 0.867823
56 0.180729 0.736111 0.15 0.318519 0.875196
62 0.235156 0.37963 0.234896 0.246296 0.87876
56 0.704167 0.7875 0.161458 0.410185 0.882982
0 0.0489583 0.638889 0.0979167 0.651852 0.896374
56 0.31276 0.796759 0.169271 0.399074 0.902151
0 0.648177 0.646759 0.229687 0.693519 0.903816
