56 0.0197917 0.575463 0.0395833 0.062037 0.256445
56 0.990104 0.760185 0.0197917 0.159259 0.27594
56 0.146354 0.516667 0.0479167 0.037037 0.293272
0 0.775781 0.619444 0.0838542 0.335185 0.30999
56 0.0476562 0.652315 0.0942708 0.199074 0.314348
56 0.151823 0.535648 0.0609375 0.075 0.352882
56 0.0239583 0.543981 0.046875 0.0324074 0.359578
56 0.0117188 0.584722 0.0234375 0.0527778 0.451841
56 0.0273438 0.693519 0.0546875 0.181481 0.521794
56 0.0744792 0.634259 0.05625 0.190741 0.526577
56 0.0348958 0.798611 0.0697917 0.362037 0.534468
56 0.220052 0.534259 0.0453125 0.0777778 0.559649
56 0.982552 0.712037 0.0348958 0.153704 0.584143
56 0.136719 0.624537 0.0671875 0.193519 0.709933
56 0.969271 0.665278 0.0614583 0.156481 0.752411
56 0.205208 0.724074 0.0875 0.301852 0.786996
56 0.360156 0.528704 0.0328125 0.0685185 0.799005
56 0.7875 0.790741 0.109375 0.405556 0.800419
56 0.284115 0.800926 0.116146 0.387037 0.829579
62 0.295312 0.374537 0.228125 0.252778 0.855029
0 0.335417 0.708796 0.186458 0.567593 0.855728
56 0.478906 0.84213 0.210938 0.29537 0.872967
0 0.657292 0.499537 0.25 0.980556 0.925566
0 0.463542 0.521296 0.135417 0.227778 0.933566
