56 0.146615 0.516667 0.0484375 0.037037 0.26331
56 0.151823 0.536574 0.0609375 0.0768519 0.366312
56 0.0239583 0.544444 0.046875 0.0333333 0.393865
56 0.0270833 0.694444 0.0541667 0.183333 0.427767
27 0.343229 0.583333 0.0270833 0.0851852 0.460265
56 0.0119792 0.584259 0.0239583 0.0537037 0.482422
56 0.0330729 0.781944 0.0651042 0.362037 0.520117
56 0.0744792 0.634722 0.05625 0.191667 0.537512
56 0.982813 0.7125 0.034375 0.15463 0.5397
56 0.220052 0.534259 0.0453125 0.0777778 0.561143
56 0.691406 0.570833 0.0359375 0.0509259 0.631657
60 0.52526 0.655556 0.336979 0.116667 0.692753
56 0.138021 0.624537 0.0697917 0.193519 0.738255
56 0.96849 0.665278 0.0630208 0.158333 0.771113
56 0.204167 0.725463 0.0885417 0.30463 0.789279
0 0.502083 0.525926 0.15 0.35 0.789759
56 0.360677 0.527778 0.0307292 0.0666667 0.790767
56 0.286198 0.801852 0.123438 0.388889 0.854915
0 0.716927 0.638889 0.208854 0.692593 0.872395
0 0.335417 0.705556 0.186458 0.568519 0.881025
62 0.295312 0.374074 0.228125 0.251852 0.889367
56 0.49974 0.835185 0.195312 0.318519 0.898807
0 0.62526 0.50463 0.108854 0.218519 0.906164
0 0.435937 0.519907 0.0822917 0.225 0.910371
56 0.764323 0.7875 0.178646 0.413889 0.913697
