56 0.146615 0.51713 0.0484375 0.037963 0.251793
56 0.0239583 0.543981 0.046875 0.0324074 0.320518
56 0.0270833 0.694444 0.0541667 0.183333 0.365255
41 0.584115 0.610648 0.0182292 0.0175926 0.365445
56 0.152083 0.537037 0.0614583 0.0777778 0.392472
60 0.518229 0.654167 0.310417 0.112037 0.474934
56 0.0122396 0.584259 0.0244792 0.0537037 0.47581
56 0.982292 0.7125 0.0354167 0.156481 0.503316
56 0.0742188 0.635648 0.0567708 0.193519 0.549866
56 0.0367187 0.793981 0.0734375 0.375 0.57137
56 0.220313 0.534722 0.0447917 0.0787037 0.593246
56 0.139323 0.624074 0.0723958 0.192593 0.721628
56 0.96875 0.665741 0.0625 0.159259 0.732551
56 0.694531 0.573611 0.0380208 0.0546296 0.755916
56 0.36276 0.528704 0.0265625 0.0685185 0.760387
56 0.203646 0.725926 0.0916667 0.303704 0.777086
0 0.613802 0.50463 0.135937 0.222222 0.785796
56 0.284375 0.799537 0.115625 0.386111 0.816742
0 0.334635 0.706944 0.180729 0.567593 0.858459
0 0.708854 0.639352 0.221875 0.70463 0.866137
62 0.295052 0.373611 0.227604 0.252778 0.8724
56 0.482552 0.843056 0.219271 0.297222 0.874677
0 0.919531 0.443981 0.0744792 0.480556 0.897003
56 0.751823 0.790278 0.180729 0.410185 0.900429
0 0.464844 0.521296 0.139062 0.227778 0.936592
