56 0.989844 0.758333 0.0203125 0.162963 0.252928
56 0.146615 0.516667 0.0473958 0.037037 0.287842
56 0.152083 0.534722 0.0604167 0.075 0.369525
56 0.0242187 0.543519 0.0473958 0.0333333 0.418088
56 0.220052 0.511574 0.0432292 0.0324074 0.424703
56 0.0119792 0.583796 0.0239583 0.0527778 0.486879
56 0.220052 0.533796 0.0453125 0.0768519 0.502571
56 0.0270833 0.693056 0.0541667 0.180556 0.506794
56 0.0744792 0.634722 0.0572917 0.191667 0.530151
56 0.0364583 0.797685 0.0729167 0.358333 0.543596
56 0.982552 0.711574 0.0348958 0.150926 0.577748
0 0.623438 0.508333 0.105208 0.22963 0.586035
60 0.532031 0.65787 0.331771 0.108333 0.603439
56 0.13776 0.625 0.0692708 0.196296 0.711399
56 0.969271 0.665278 0.0614583 0.156481 0.741342
56 0.361198 0.525463 0.0296875 0.0601852 0.757609
0 0.501302 0.527315 0.150521 0.352778 0.764498
56 0.204167 0.724537 0.0895833 0.30463 0.783502
56 0.2875 0.799537 0.125 0.391667 0.860079
0 0.721615 0.648148 0.210938 0.67963 0.885596
0 0.326562 0.70463 0.16875 0.57963 0.892359
62 0.295052 0.374074 0.228646 0.253704 0.899615
56 0.499479 0.834722 0.194792 0.319444 0.90738
0 0.436198 0.518519 0.0796875 0.222222 0.907782
56 0.764063 0.7875 0.180208 0.415741 0.912099
