56 0.0177083 0.639815 0.0354167 0.194444 0.276046
56 0.0804688 0.581019 0.0671875 0.136111 0.276292
0 0.371094 0.535648 0.0838542 0.213889 0.401937
0 0.367969 0.674074 0.0880208 0.494444 0.441494
56 0.0833333 0.525463 0.05 0.0361111 0.452144
56 0.0890625 0.546296 0.0614583 0.0777778 0.452708
56 0.940625 0.757407 0.0604167 0.183333 0.467436
56 0.26875 0.698611 0.0791667 0.247222 0.471388
56 0.94974 0.689352 0.0953125 0.291667 0.490833
56 0.64349 0.572222 0.0223958 0.0407407 0.700434
56 0.198177 0.675463 0.0838542 0.199074 0.707367
56 0.280208 0.581019 0.0822917 0.15463 0.713115
56 0.928646 0.599537 0.121875 0.237963 0.717942
56 0.159896 0.543981 0.0458333 0.0768519 0.718387
56 0.0703125 0.638426 0.0645833 0.202778 0.754551
0 0.48125 0.69537 0.215625 0.588889 0.770592
62 0.235156 0.378704 0.233854 0.248148 0.865189
56 0.517708 0.832407 0.19375 0.324074 0.888486
56 0.705729 0.788889 0.158333 0.414815 0.89525
0 0.58151 0.503704 0.106771 0.216667 0.908794
56 0.202083 0.80463 0.204167 0.381481 0.914169
0 0.666146 0.646759 0.194792 0.69537 0.9209
