0 0.0161458 0.590741 0.0322917 0.162963 0.323635
56 0.0890625 0.542593 0.059375 0.0685185 0.38764
56 0.0838542 0.525926 0.05 0.037037 0.401545
56 0.940104 0.756944 0.0604167 0.180556 0.475524
56 0.948438 0.7 0.0958333 0.255556 0.479427
56 0.642708 0.573148 0.021875 0.0407407 0.515239
0 0.388281 0.687963 0.102604 0.531482 0.62641
60 0.465885 0.662963 0.314063 0.107407 0.629531
56 0.0773437 0.638426 0.0796875 0.200926 0.709437
56 0.927083 0.599074 0.11875 0.237037 0.710852
56 0.160417 0.543519 0.0479167 0.0777778 0.743646
62 0.235677 0.381019 0.233854 0.249074 0.803483
56 0.295052 0.578241 0.0536458 0.150926 0.804524
56 0.176823 0.735648 0.156771 0.319444 0.813733
56 0.502604 0.844907 0.2 0.293519 0.867898
56 0.704167 0.787037 0.161458 0.411111 0.875885
0 0.565625 0.511111 0.135417 0.233333 0.884362
56 0.313281 0.796296 0.171354 0.4 0.903515
0 0.648177 0.645833 0.228646 0.693519 0.909187
