62 0.636719 0.333333 0.291146 0.27963 0.264506
56 0.989844 0.75787 0.0203125 0.162037 0.268262
56 0.638021 0.669444 0.134375 0.55 0.273679
56 0.146354 0.516667 0.0479167 0.037037 0.287547
56 0.0239583 0.543981 0.046875 0.0324074 0.360885
27 0.343229 0.583333 0.028125 0.0888889 0.364832
56 0.151823 0.536111 0.0609375 0.0759259 0.371423
56 0.0119792 0.583796 0.0239583 0.0527778 0.492867
56 0.0315104 0.770833 0.0619792 0.339815 0.517936
56 0.984635 0.719907 0.0307292 0.162037 0.531973
56 0.0742188 0.634722 0.0557292 0.189815 0.560016
56 0.694271 0.662037 0.053125 0.233333 0.572843
56 0.220313 0.534259 0.0447917 0.0777778 0.620638
60 0.523177 0.655093 0.341146 0.110185 0.645879
0 0.633073 0.672222 0.129688 0.55 0.729891
56 0.139062 0.625 0.071875 0.194444 0.737118
56 0.96875 0.665278 0.0625 0.158333 0.758305
0 0.501562 0.525 0.148958 0.348148 0.766469
56 0.204688 0.725463 0.0875 0.302778 0.786152
56 0.359896 0.528241 0.0322917 0.0675926 0.805795
56 0.286198 0.800926 0.121354 0.387037 0.84239
0 0.336719 0.70463 0.188021 0.566667 0.863267
62 0.295312 0.375 0.228125 0.253704 0.877343
56 0.499219 0.835185 0.194271 0.318519 0.896155
0 0.436979 0.516667 0.0833333 0.22037 0.908777
56 0.76224 0.788426 0.182812 0.412037 0.933374
