56 0.146354 0.516667 0.0479167 0.037037 0.269103
56 0.742188 0.959259 0.0447917 0.0777778 0.278059
56 0.989844 0.758796 0.0203125 0.162037 0.285009
56 0.151823 0.536111 0.0609375 0.0759259 0.353414
27 0.344531 0.584722 0.0276042 0.0861111 0.395664
56 0.0236979 0.543981 0.0463542 0.0324074 0.402309
56 0.0119792 0.584259 0.0239583 0.0537037 0.466769
56 0.0341146 0.798611 0.0682292 0.358333 0.468254
56 0.0744792 0.638889 0.0552083 0.2 0.534052
56 0.0273438 0.693519 0.0546875 0.181481 0.541341
56 0.982813 0.712037 0.034375 0.151852 0.56803
60 0.521354 0.654167 0.329167 0.117593 0.586559
56 0.220573 0.534259 0.0453125 0.0777778 0.622698
56 0.136458 0.624074 0.0666667 0.192593 0.716252
56 0.96901 0.664815 0.0619792 0.157407 0.757759
0 0.501823 0.523611 0.150521 0.350926 0.76381
56 0.202344 0.725 0.0932292 0.303704 0.776875
56 0.360938 0.527315 0.03125 0.0657407 0.792072
56 0.694271 0.575463 0.0385417 0.0583333 0.794708
56 0.286458 0.801852 0.122917 0.387037 0.849018
0 0.33724 0.704167 0.188021 0.565741 0.855885
0 0.627344 0.505093 0.108854 0.223148 0.886259
56 0.499219 0.834259 0.194271 0.318519 0.886273
62 0.295052 0.373611 0.227604 0.252778 0.89305
0 0.705208 0.636111 0.216667 0.705556 0.90021
0 0.435937 0.518519 0.08125 0.224074 0.910667
56 0.758073 0.789815 0.167187 0.409259 0.911416
