56 0.146354 0.51713 0.0479167 0.037963 0.270024
56 0.0239583 0.544444 0.046875 0.0333333 0.336988
56 0.151823 0.537037 0.0609375 0.0777778 0.380421
60 0.511719 0.659259 0.310937 0.112963 0.393516
56 0.0119792 0.583796 0.0239583 0.0527778 0.477562
56 0.0317708 0.77037 0.0625 0.338889 0.52422
56 0.0742188 0.634722 0.0557292 0.189815 0.543432
56 0.982292 0.712963 0.0354167 0.153704 0.560696
56 0.220313 0.534722 0.0447917 0.0768519 0.650539
56 0.136979 0.625 0.0677083 0.194444 0.71917
0 0.502604 0.5375 0.154167 0.387963 0.750908
56 0.969271 0.665278 0.0614583 0.156481 0.760767
56 0.204167 0.726389 0.0927083 0.30463 0.778606
56 0.69349 0.573611 0.0401042 0.0564815 0.795904
56 0.360156 0.527778 0.0317708 0.0666667 0.799935
56 0.285417 0.800463 0.117708 0.387963 0.821503
0 0.336979 0.70787 0.1875 0.565741 0.864971
62 0.295052 0.374074 0.227604 0.253704 0.88702
56 0.497917 0.833333 0.197917 0.32037 0.888589
0 0.435156 0.513889 0.0807292 0.214815 0.899251
0 0.701042 0.640741 0.233333 0.701852 0.903101
56 0.748177 0.791204 0.186979 0.410185 0.904219
0 0.626823 0.505093 0.107813 0.215741 0.923452
