56 0.160156 0.519444 0.0453125 0.0314815 0.253102
56 0.329427 0.566667 0.0411458 0.109259 0.295386
56 0.0885417 0.541667 0.059375 0.0666667 0.388845
56 0.0835937 0.525463 0.0505208 0.0361111 0.458312
56 0.940625 0.757407 0.0604167 0.181481 0.468435
56 0.948958 0.687963 0.0958333 0.290741 0.488617
56 0.642708 0.573611 0.021875 0.0398148 0.541273
0 0.446354 0.598148 0.191667 0.477778 0.697578
56 0.0768229 0.637963 0.0776042 0.2 0.703082
56 0.221615 0.804167 0.107813 0.378704 0.703973
56 0.160156 0.543981 0.0463542 0.0805556 0.716239
56 0.927865 0.599537 0.120312 0.239815 0.71626
62 0.235677 0.382407 0.233854 0.253704 0.787703
56 0.149219 0.7375 0.0890625 0.302778 0.795711
0 0.364583 0.535185 0.05625 0.231481 0.863213
0 0.282813 0.711111 0.19375 0.57037 0.887107
56 0.700521 0.788889 0.167708 0.412963 0.888892
0 0.580208 0.506019 0.108333 0.221296 0.893228
56 0.484635 0.844907 0.201562 0.297222 0.911917
0 0.648177 0.646296 0.227604 0.696296 0.924372
