0 0.389062 0.5375 0.104167 0.226852 0.251663
56 0.0192708 0.660648 0.0385417 0.223148 0.331995
56 0.0841146 0.525926 0.0505208 0.037037 0.376215
56 0.0898438 0.543981 0.0630208 0.0712963 0.387449
56 0.948438 0.685185 0.096875 0.296296 0.488101
56 0.940625 0.757407 0.059375 0.181481 0.494207
56 0.642969 0.573148 0.0213542 0.0407407 0.541776
0 0.388802 0.684722 0.102604 0.525 0.609365
60 0.465365 0.6625 0.311979 0.108333 0.662855
56 0.0770833 0.639352 0.0791667 0.20463 0.691719
56 0.926823 0.600463 0.117188 0.239815 0.713561
56 0.160417 0.543519 0.0479167 0.0777778 0.743775
56 0.294792 0.578241 0.0541667 0.150926 0.800075
56 0.177083 0.736111 0.157292 0.32037 0.823572
62 0.235677 0.381019 0.233854 0.249074 0.823681
56 0.501562 0.844444 0.198958 0.294444 0.871526
0 0.565885 0.511574 0.136979 0.232407 0.878005
56 0.703385 0.7875 0.161979 0.410185 0.881429
56 0.313802 0.796296 0.172396 0.4 0.906853
0 0.647917 0.64537 0.229167 0.694444 0.908329
