56 0.146354 0.516667 0.0479167 0.037037 0.26037
56 0.151823 0.536111 0.0609375 0.0759259 0.355804
56 0.220052 0.513426 0.0432292 0.0361111 0.373935
56 0.0239583 0.543519 0.046875 0.0333333 0.377519
56 0.657552 0.592593 0.0776042 0.103704 0.444392
56 0.0119792 0.583796 0.0239583 0.0527778 0.490738
56 0.0294271 0.739352 0.0578125 0.273148 0.524931
56 0.0744792 0.638889 0.05625 0.198148 0.532103
56 0.220052 0.534259 0.0442708 0.0777778 0.533001
60 0.53099 0.660648 0.335938 0.117593 0.559218
56 0.982292 0.712037 0.0354167 0.151852 0.565636
56 0.96901 0.665278 0.0619792 0.158333 0.751386
56 0.139583 0.623148 0.071875 0.192593 0.754326
56 0.361198 0.527778 0.0307292 0.0666667 0.759053
56 0.203125 0.725 0.090625 0.303704 0.782663
0 0.502344 0.522685 0.152604 0.356481 0.816334
56 0.285417 0.800926 0.117708 0.387037 0.840286
0 0.332812 0.706944 0.18125 0.573148 0.87341
62 0.295312 0.374074 0.228125 0.253704 0.897596
56 0.498958 0.834722 0.195833 0.319444 0.902516
0 0.435156 0.520833 0.0796875 0.225 0.910149
56 0.764844 0.787963 0.178646 0.414815 0.915776
0 0.717708 0.655093 0.216667 0.671296 0.929743
