56 0.0151042 0.547685 0.0302083 0.0435185 0.279497
0 0.990885 0.513889 0.0171875 0.137037 0.32474
56 0.929427 0.578241 0.0578125 0.137963 0.383507
56 0.863021 0.768519 0.065625 0.211111 0.485159
56 0.0195312 0.65 0.0390625 0.174074 0.544156
56 0.88724 0.643056 0.131771 0.282407 0.600455
56 0.171094 0.796296 0.134896 0.403704 0.657813
56 0.229167 0.555093 0.0364583 0.0824074 0.661954
60 0.402344 0.672222 0.335938 0.111111 0.729223
56 0.0830729 0.558796 0.0473958 0.0805556 0.731489
56 0.866927 0.553241 0.0692708 0.130556 0.756154
62 0.159635 0.392593 0.244271 0.255556 0.767943
56 0.957552 0.587037 0.0546875 0.124074 0.803643
56 0.0841146 0.758796 0.113021 0.319444 0.850121
0 0.201042 0.708796 0.185417 0.562037 0.853735
0 0.51875 0.681481 0.158333 0.524074 0.873044
56 0.378385 0.84537 0.204688 0.292593 0.897892
56 0.641667 0.791204 0.165625 0.412037 0.921202
0 0.786979 0.50463 0.171875 0.968518 0.93272
0 0.341927 0.537037 0.139062 0.22963 0.940533
