56 0.146615 0.516667 0.0484375 0.037037 0.252434
56 0.339063 0.636574 0.059375 0.232407 0.310099
60 0.628906 0.65787 0.128646 0.10463 0.314253
56 0.0236979 0.543519 0.0473958 0.0333333 0.378853
56 0.152344 0.536574 0.0619792 0.0787037 0.398994
56 0.0122396 0.583796 0.0244792 0.0546296 0.449485
56 0.0273438 0.69213 0.0546875 0.180556 0.469413
56 0.075 0.637037 0.0583333 0.196296 0.488147
56 0.0364583 0.799074 0.0729167 0.364815 0.543393
56 0.982552 0.7125 0.0348958 0.15463 0.558125
56 0.340885 0.571296 0.0734375 0.153704 0.561868
60 0.527865 0.661574 0.333854 0.112037 0.567456
56 0.220052 0.533796 0.0453125 0.0768519 0.68894
56 0.139844 0.622685 0.0723958 0.191667 0.712958
0 0.500781 0.528704 0.152604 0.35 0.719617
56 0.96901 0.665741 0.0619792 0.157407 0.75561
0 0.622396 0.502778 0.102083 0.225926 0.761643
56 0.223698 0.719907 0.130729 0.308333 0.803118
0 0.720833 0.652315 0.210417 0.675 0.838325
0 0.434635 0.516667 0.0796875 0.231481 0.873878
56 0.501042 0.835185 0.191667 0.32037 0.889358
62 0.294792 0.372685 0.229167 0.250926 0.899702
56 0.31224 0.793056 0.183854 0.40463 0.902604
56 0.763802 0.7875 0.179688 0.415741 0.902892
