56 0.146615 0.516667 0.0484375 0.037037 0.266677
27 0.34375 0.586111 0.0260417 0.0796296 0.310288
56 0.152083 0.536574 0.0614583 0.0768519 0.364188
56 0.0242187 0.543519 0.0473958 0.0333333 0.410144
56 0.0122396 0.584259 0.0244792 0.0537037 0.493956
60 0.529948 0.660185 0.332812 0.116667 0.510598
56 0.0270833 0.694444 0.0541667 0.183333 0.52001
56 0.220052 0.534259 0.0442708 0.0777778 0.556382
56 0.0354167 0.796759 0.0708333 0.363889 0.55649
56 0.0747396 0.6375 0.0578125 0.197222 0.562945
56 0.648177 0.575 0.0973958 0.0666667 0.592186
56 0.138281 0.624074 0.0703125 0.192593 0.727331
56 0.201823 0.724537 0.0921875 0.302778 0.77946
56 0.360417 0.527315 0.03125 0.0675926 0.792549
0 0.501823 0.524537 0.152604 0.352778 0.802733
56 0.285417 0.801852 0.119792 0.387037 0.846981
0 0.333073 0.70787 0.180729 0.573148 0.866206
62 0.295573 0.374537 0.228646 0.252778 0.895994
56 0.498177 0.834722 0.195312 0.319444 0.900132
0 0.939062 0.567593 0.121875 0.77037 0.907573
56 0.764844 0.787963 0.178646 0.412963 0.914374
0 0.435156 0.519907 0.0796875 0.226852 0.915541
0 0.716927 0.65463 0.218229 0.67037 0.928013
