56 0.0203125 0.564352 0.040625 0.0824074 0.256598
56 0.0153646 0.548148 0.0307292 0.0462963 0.297071
56 0.927865 0.576852 0.0484375 0.137037 0.335677
56 0.942448 0.598611 0.0255208 0.102778 0.34564
56 0.86276 0.768519 0.0661458 0.214815 0.431242
56 0.840104 0.548148 0.0979167 0.125926 0.491977
56 0.0192708 0.649074 0.0385417 0.172222 0.56437
56 0.229427 0.553704 0.0369792 0.0796296 0.5747
56 0.885156 0.672222 0.130729 0.324074 0.615094
56 0.171615 0.796759 0.135937 0.40463 0.664881
56 0.85 0.608796 0.121875 0.24537 0.720349
60 0.402344 0.670833 0.334896 0.112037 0.721025
56 0.0833333 0.558796 0.046875 0.0805556 0.726108
62 0.159635 0.392593 0.244271 0.255556 0.764167
56 0.0851562 0.758333 0.116146 0.318519 0.837306
0 0.2 0.708333 0.186458 0.562963 0.853901
0 0.518229 0.68287 0.15625 0.523148 0.884668
56 0.377865 0.844907 0.203646 0.293519 0.89308
0 0.969531 0.359259 0.0609375 0.574074 0.897523
56 0.641927 0.790741 0.165104 0.411111 0.930383
0 0.342187 0.538889 0.139583 0.22963 0.936939
