56 0.309375 0.60787 0.0260417 0.0953704 0.276688
56 0.177344 0.64537 0.0421875 0.125926 0.299359
56 0.0841146 0.527778 0.0515625 0.0407407 0.358292
0 0.373177 0.530093 0.0838542 0.215741 0.411133
0 0.372135 0.675926 0.0859375 0.512963 0.463121
56 0.940365 0.757407 0.0598958 0.183333 0.482906
56 0.948698 0.685185 0.0963542 0.294444 0.494744
56 0.0898438 0.548148 0.0630208 0.0814815 0.548181
56 0.64349 0.572222 0.0223958 0.0407407 0.649866
56 0.159635 0.543519 0.0453125 0.0777778 0.675848
56 0.927604 0.599537 0.120833 0.239815 0.723059
56 0.0708333 0.639815 0.0666667 0.205556 0.745814
0 0.479427 0.69537 0.216146 0.588889 0.752547
56 0.183073 0.80463 0.164062 0.37963 0.811543
56 0.518229 0.832407 0.192708 0.324074 0.892277
56 0.705469 0.788426 0.157813 0.413889 0.8936
0 0.58125 0.503704 0.107292 0.216667 0.914982
0 0.666146 0.646759 0.194792 0.69537 0.922672
0 0.253385 0.552778 0.164062 0.875926 0.944378
