56 0.0210938 0.564352 0.0421875 0.0824074 0.25255
56 0.0158854 0.55 0.0317708 0.05 0.293297
56 0.942708 0.597222 0.0260417 0.103704 0.382138
56 0.927604 0.577315 0.0489583 0.136111 0.387364
56 0.839583 0.548611 0.096875 0.125 0.479161
56 0.0190104 0.651389 0.0380208 0.176852 0.520046
56 0.8625 0.768981 0.065625 0.213889 0.530345
56 0.171354 0.797222 0.134375 0.403704 0.656114
56 0.884375 0.64537 0.133333 0.27963 0.656333
56 0.229167 0.554167 0.0364583 0.0805556 0.660003
56 0.0828125 0.558333 0.046875 0.0796296 0.705089
60 0.401563 0.672222 0.335417 0.112963 0.708636
56 0.848698 0.609722 0.120312 0.247222 0.724468
62 0.159635 0.392593 0.244271 0.255556 0.739812
56 0.084375 0.757407 0.114583 0.318519 0.838539
0 0.201823 0.708796 0.185937 0.562037 0.856049
0 0.972135 0.357407 0.0557292 0.575926 0.880284
0 0.517708 0.682407 0.15625 0.52037 0.886904
56 0.378125 0.84537 0.204167 0.292593 0.893592
56 0.642187 0.790741 0.165625 0.411111 0.932809
0 0.341667 0.5375 0.139583 0.230556 0.940082
