60 0.457292 0.699074 0.348958 0.0962963 0.252573
56 0.963802 0.771296 0.0713542 0.227778 0.284432
56 0.0203125 0.660185 0.040625 0.222222 0.302659
56 0.0898438 0.541204 0.0619792 0.0638889 0.334293
56 0.940885 0.755556 0.0609375 0.175926 0.434113
56 0.94974 0.702315 0.0932292 0.252778 0.473311
56 0.084375 0.526852 0.05 0.0351852 0.473947
56 0.922917 0.547685 0.103125 0.136111 0.490011
0 0.451302 0.540741 0.186979 0.414815 0.602251
56 0.249219 0.812963 0.131771 0.37037 0.677732
56 0.604948 0.581944 0.0942708 0.0638889 0.692686
56 0.304167 0.546296 0.028125 0.0814815 0.696524
56 0.160938 0.544444 0.046875 0.0796296 0.710177
56 0.078125 0.637963 0.0770833 0.198148 0.729851
56 0.935156 0.611574 0.127604 0.252778 0.731436
0 0.272656 0.713889 0.185937 0.561111 0.824505
56 0.159115 0.740741 0.106771 0.311111 0.869055
56 0.700781 0.787963 0.168229 0.412963 0.891377
62 0.236198 0.381019 0.235938 0.250926 0.897306
56 0.457031 0.84213 0.195312 0.30463 0.9017
0 0.652083 0.651389 0.219792 0.680556 0.940085
