0 0.627865 0.652315 0.119271 0.513889 0.272976
56 0.146354 0.516667 0.0479167 0.037037 0.280733
56 0.220052 0.512963 0.0432292 0.0351852 0.377651
56 0.152083 0.537037 0.0614583 0.0777778 0.378655
56 0.0236979 0.543981 0.0473958 0.0342593 0.400314
56 0.0270833 0.694907 0.0541667 0.184259 0.415871
60 0.521875 0.651852 0.336458 0.114815 0.514446
56 0.0122396 0.583796 0.0244792 0.0527778 0.534709
56 0.220313 0.534259 0.0447917 0.0777778 0.555243
56 0.0338542 0.7875 0.0677083 0.369444 0.556961
56 0.982292 0.711574 0.0354167 0.152778 0.562976
27 0.342448 0.582407 0.0286458 0.0888889 0.58697
56 0.0744792 0.634722 0.05625 0.191667 0.608923
0 0.628125 0.508333 0.113542 0.224074 0.662896
56 0.692708 0.584259 0.0375 0.0796296 0.688552
56 0.139323 0.625 0.0723958 0.196296 0.719345
56 0.96901 0.665278 0.0619792 0.156481 0.745376
0 0.501042 0.526389 0.151042 0.347222 0.753079
56 0.203125 0.725463 0.0916667 0.30463 0.78456
56 0.359896 0.527778 0.0333333 0.0666667 0.810214
56 0.775521 0.787037 0.153125 0.411111 0.810813
56 0.286719 0.801389 0.122396 0.387963 0.84437
0 0.335677 0.705093 0.185937 0.567593 0.873319
62 0.295052 0.373148 0.227604 0.253704 0.881992
56 0.499219 0.834722 0.195312 0.319444 0.892623
0 0.733854 0.497685 0.214583 0.993519 0.899431
0 0.435417 0.518519 0.0802083 0.224074 0.909932
