56 0.146354 0.516667 0.0479167 0.037037 0.286648
56 0.151823 0.536111 0.0609375 0.0759259 0.345577
56 0.0236979 0.543981 0.0463542 0.0324074 0.359207
56 0.0270833 0.693981 0.0541667 0.182407 0.454316
60 0.516667 0.656944 0.307292 0.112037 0.465238
56 0.0119792 0.583796 0.0239583 0.0527778 0.469477
56 0.982292 0.711574 0.0354167 0.15463 0.530882
56 0.0739583 0.633796 0.0552083 0.189815 0.537865
56 0.0361979 0.79537 0.0723958 0.37037 0.554725
56 0.220313 0.534259 0.0447917 0.0777778 0.600995
56 0.695312 0.574074 0.0364583 0.0555556 0.69653
56 0.138542 0.625926 0.0708333 0.196296 0.722519
56 0.969792 0.667593 0.0604167 0.159259 0.74571
56 0.203385 0.725463 0.0921875 0.302778 0.778787
56 0.360938 0.528241 0.0302083 0.0675926 0.798608
56 0.283854 0.800463 0.114583 0.386111 0.821761
62 0.295052 0.373611 0.227604 0.252778 0.826928
0 0.614583 0.50463 0.135417 0.222222 0.858609
0 0.335156 0.709259 0.182812 0.568519 0.860218
56 0.483073 0.843056 0.219271 0.297222 0.875015
0 0.703125 0.64213 0.229167 0.700926 0.896785
56 0.753646 0.790741 0.177083 0.409259 0.90564
0 0.908854 0.452315 0.0885417 0.515741 0.910636
0 0.464323 0.521759 0.139062 0.226852 0.935361
