60 0.5125 0.650463 0.278125 0.136111 0.274674
60 0.511979 0.653241 0.3125 0.286111 0.28913
56 0.0242187 0.544444 0.0473958 0.0333333 0.356365
56 0.151823 0.5375 0.0609375 0.0787037 0.367709
56 0.0119792 0.584259 0.0239583 0.0537037 0.471059
56 0.0273438 0.693981 0.0546875 0.182407 0.477946
56 0.0325521 0.77963 0.0640625 0.355556 0.530413
56 0.0747396 0.634259 0.0567708 0.190741 0.556462
56 0.982292 0.7125 0.0354167 0.152778 0.590957
56 0.220313 0.534722 0.0447917 0.0768519 0.639044
56 0.96901 0.665278 0.0619792 0.156481 0.752301
56 0.138281 0.624074 0.0703125 0.192593 0.753079
0 0.502604 0.537037 0.154167 0.387037 0.765858
56 0.204688 0.725463 0.0895833 0.30463 0.789851
56 0.360677 0.528241 0.0317708 0.0657407 0.798091
56 0.69349 0.574074 0.0411458 0.0574074 0.806423
56 0.286198 0.800926 0.118229 0.387037 0.824358
0 0.336458 0.706944 0.186458 0.565741 0.868675
56 0.498698 0.834259 0.198437 0.322222 0.894938
62 0.295312 0.374537 0.228125 0.252778 0.895577
56 0.748958 0.791204 0.186458 0.410185 0.900563
0 0.435417 0.513426 0.08125 0.213889 0.90909
0 0.702344 0.642593 0.230729 0.701852 0.915377
0 0.626823 0.505556 0.108854 0.214815 0.924493
