27 0.346094 0.580556 0.0244792 0.0833333 0.261134
56 0.146354 0.516667 0.0479167 0.037037 0.277097
56 0.989844 0.759259 0.0203125 0.162963 0.285189
56 0.0239583 0.543981 0.046875 0.0324074 0.325476
56 0.151823 0.536111 0.0609375 0.0759259 0.355127
60 0.516146 0.655556 0.3 0.12037 0.363046
56 0.0270833 0.693981 0.0541667 0.182407 0.388793
56 0.0119792 0.584259 0.0239583 0.0537037 0.52131
56 0.0747396 0.6375 0.0567708 0.197222 0.55231
56 0.0369792 0.793981 0.0739583 0.375 0.572178
56 0.982552 0.7125 0.0348958 0.152778 0.586164
56 0.220573 0.534259 0.0453125 0.0777778 0.669553
56 0.138281 0.622685 0.0692708 0.189815 0.748471
56 0.96901 0.665278 0.0619792 0.156481 0.752194
56 0.695052 0.573148 0.0348958 0.0537037 0.762506
0 0.505469 0.5375 0.150521 0.386111 0.774368
56 0.204167 0.725926 0.0916667 0.303704 0.781334
56 0.361198 0.527778 0.0307292 0.0666667 0.782702
56 0.285417 0.800463 0.11875 0.387963 0.826608
0 0.339063 0.706481 0.190625 0.564815 0.868935
0 0.43776 0.506481 0.0838542 0.203704 0.895099
56 0.498698 0.834259 0.198437 0.322222 0.895469
56 0.751302 0.790278 0.181771 0.410185 0.895555
62 0.295052 0.374537 0.228646 0.252778 0.90094
0 0.702865 0.649074 0.222396 0.685185 0.915796
0 0.629427 0.502778 0.105729 0.22037 0.921144
