56 0.146354 0.51713 0.0479167 0.037963 0.279534
0 0.614844 0.671759 0.138021 0.563889 0.326123
56 0.0471354 0.657407 0.0942708 0.203704 0.335634
56 0.151042 0.536111 0.059375 0.0759259 0.33861
56 0.0239583 0.543981 0.046875 0.0324074 0.343662
60 0.516406 0.655556 0.307813 0.111111 0.398377
56 0.0335938 0.799074 0.0671875 0.353704 0.460549
56 0.0119792 0.584259 0.0239583 0.0537037 0.465498
56 0.0747396 0.635648 0.0567708 0.193519 0.527287
56 0.982031 0.7125 0.0348958 0.152778 0.548059
56 0.220313 0.534722 0.0447917 0.0768519 0.561984
56 0.0273438 0.693981 0.0546875 0.182407 0.562887
56 0.138542 0.624537 0.0708333 0.193519 0.707291
0 0.613542 0.50463 0.136458 0.222222 0.712152
56 0.694531 0.574074 0.0380208 0.0555556 0.739203
56 0.36276 0.52963 0.0255208 0.0685185 0.755888
56 0.96875 0.665741 0.0625 0.159259 0.766808
56 0.200781 0.725926 0.0973958 0.305556 0.784961
56 0.284635 0.800463 0.117188 0.386111 0.828443
56 0.480729 0.843056 0.214583 0.297222 0.853288
0 0.334115 0.709259 0.181771 0.568519 0.857678
62 0.295052 0.373148 0.227604 0.251852 0.866648
0 0.707292 0.641204 0.225 0.699074 0.882626
0 0.920052 0.444907 0.0713542 0.480556 0.899959
56 0.752083 0.790278 0.180208 0.408333 0.9011
0 0.465104 0.521296 0.139583 0.227778 0.93675
