60 0.628646 0.657407 0.129167 0.103704 0.253728
56 0.338021 0.644907 0.0552083 0.223148 0.356545
56 0.0239583 0.543519 0.046875 0.0333333 0.36509
56 0.152344 0.536111 0.0609375 0.0777778 0.397935
56 0.0119792 0.583333 0.0239583 0.0537037 0.446897
56 0.0742188 0.634722 0.0567708 0.193519 0.477241
56 0.0273438 0.689352 0.0546875 0.175 0.478146
56 0.340625 0.570833 0.0739583 0.15463 0.561121
56 0.982292 0.711111 0.0354167 0.151852 0.581376
60 0.528385 0.658796 0.332812 0.108333 0.602933
56 0.0380208 0.8 0.0760417 0.364815 0.609554
56 0.220052 0.533333 0.0453125 0.0759259 0.647596
0 0.500521 0.528704 0.152083 0.35 0.688278
0 0.622917 0.505093 0.102083 0.221296 0.730341
56 0.139583 0.623611 0.0729167 0.193519 0.732237
56 0.96901 0.665741 0.0619792 0.157407 0.754563
0 0.724479 0.650463 0.202083 0.675 0.781377
56 0.22474 0.721759 0.127604 0.312037 0.810419
0 0.434635 0.519444 0.0786458 0.225926 0.890074
56 0.500781 0.834722 0.192188 0.319444 0.890913
62 0.295052 0.374537 0.228646 0.252778 0.893535
56 0.311979 0.793056 0.18125 0.40463 0.902919
56 0.763802 0.787963 0.179688 0.414815 0.905841
