56 0.146354 0.516667 0.0479167 0.037037 0.300303
56 0.151302 0.533796 0.0598958 0.0712963 0.319222
56 0.613802 0.868981 0.0348958 0.0824074 0.3612
56 0.0236979 0.544444 0.0463542 0.0333333 0.364192
56 0.0270833 0.693519 0.0541667 0.181481 0.398978
56 0.0119792 0.584259 0.0239583 0.0537037 0.475767
56 0.0742188 0.634722 0.0567708 0.191667 0.552844
56 0.982552 0.712037 0.0348958 0.153704 0.569342
56 0.220313 0.535185 0.0447917 0.0777778 0.5879
56 0.0375 0.796759 0.075 0.375 0.617617
56 0.138281 0.624537 0.0703125 0.191667 0.7441
56 0.693229 0.574074 0.0395833 0.0574074 0.759673
56 0.96901 0.665278 0.0619792 0.156481 0.763139
0 0.507031 0.537963 0.152604 0.398148 0.788301
56 0.207292 0.725926 0.090625 0.305556 0.803641
56 0.285677 0.799537 0.116146 0.387963 0.833318
0 0.339063 0.707407 0.185417 0.562963 0.862574
56 0.498437 0.833796 0.197917 0.321296 0.891785
56 0.749219 0.790278 0.185937 0.410185 0.896922
62 0.294792 0.373611 0.229167 0.250926 0.903548
0 0.701302 0.644907 0.225521 0.697222 0.905824
0 0.438281 0.516667 0.0755208 0.22037 0.908083
0 0.629948 0.505556 0.101562 0.216667 0.911859
