56 0.989844 0.758333 0.0203125 0.162963 0.254377
56 0.6375 0.664815 0.133333 0.540741 0.281802
56 0.146615 0.516667 0.0484375 0.037037 0.282298
56 0.0239583 0.543981 0.046875 0.0324074 0.361533
56 0.151562 0.535648 0.0604167 0.075 0.369007
56 0.0117188 0.584259 0.0234375 0.0537037 0.441923
56 0.0270833 0.694444 0.0541667 0.183333 0.479948
56 0.0317708 0.776389 0.0625 0.350926 0.529284
56 0.0739583 0.634259 0.05625 0.190741 0.545343
56 0.982552 0.712037 0.0348958 0.153704 0.564113
56 0.220573 0.534259 0.0453125 0.0777778 0.565261
56 0.695833 0.656018 0.0479167 0.223148 0.616023
60 0.522396 0.655093 0.341667 0.112037 0.684838
0 0.633073 0.665278 0.129688 0.537963 0.716393
56 0.969271 0.665741 0.0614583 0.157407 0.727794
0 0.501042 0.526389 0.15 0.347222 0.732835
56 0.360417 0.527778 0.0302083 0.0648148 0.75486
56 0.139844 0.624074 0.0734375 0.192593 0.758069
56 0.204427 0.725926 0.0890625 0.305556 0.788132
56 0.286979 0.801389 0.122917 0.387963 0.845475
0 0.335417 0.705093 0.1875 0.567593 0.88185
62 0.295052 0.374074 0.227604 0.253704 0.883691
56 0.499479 0.835185 0.194792 0.318519 0.887437
0 0.434635 0.519444 0.0796875 0.224074 0.908818
56 0.76224 0.789352 0.182812 0.413889 0.93328
