56 0.0171875 0.552315 0.034375 0.0546296 0.304407
56 0.928385 0.576852 0.0484375 0.135185 0.336808
56 0.942448 0.595833 0.0265625 0.106481 0.348201
56 0.839583 0.548611 0.096875 0.125 0.467213
56 0.863021 0.769444 0.065625 0.214815 0.482439
56 0.0192708 0.650926 0.0385417 0.175926 0.508953
56 0.229167 0.553704 0.0364583 0.0796296 0.638814
56 0.171875 0.795833 0.1375 0.40463 0.671154
56 0.884375 0.646759 0.134375 0.280556 0.675688
60 0.402083 0.671296 0.3375 0.112963 0.70567
56 0.0830729 0.558333 0.0463542 0.0796296 0.720985
56 0.848177 0.609259 0.119271 0.246296 0.722267
62 0.159115 0.392593 0.244271 0.255556 0.729886
56 0.0841146 0.758333 0.114063 0.318519 0.846129
0 0.201302 0.709722 0.185937 0.563889 0.861121
0 0.971875 0.35787 0.05625 0.575 0.883771
0 0.519271 0.683796 0.157292 0.523148 0.89137
56 0.378125 0.844907 0.204167 0.293519 0.894726
56 0.642448 0.791204 0.165104 0.412037 0.932837
0 0.342187 0.537963 0.139583 0.231481 0.940072
