56 0.146615 0.516667 0.0484375 0.037037 0.261392
27 0.34349 0.585185 0.0265625 0.0851852 0.276173
64 0.639583 0.638889 0.0333333 0.0351852 0.327273
56 0.152083 0.537037 0.0614583 0.0777778 0.370372
56 0.0236979 0.543519 0.0463542 0.0333333 0.392518
56 0.0122396 0.583796 0.0244792 0.0527778 0.483705
60 0.529167 0.658333 0.354167 0.112963 0.485811
56 0.0304688 0.747685 0.0598958 0.289815 0.512297
56 0.0744792 0.634259 0.05625 0.190741 0.567706
56 0.220313 0.534259 0.0447917 0.0777778 0.569554
56 0.982292 0.712963 0.0354167 0.155556 0.57238
56 0.648698 0.574074 0.0973958 0.0648148 0.627617
56 0.139583 0.622685 0.071875 0.189815 0.74374
56 0.969271 0.665741 0.0614583 0.157407 0.747456
56 0.202344 0.724537 0.0942708 0.302778 0.771507
56 0.360938 0.527778 0.03125 0.0666667 0.799884
56 0.284375 0.800926 0.117708 0.387037 0.81878
0 0.502083 0.527315 0.151042 0.349074 0.843281
0 0.335156 0.70787 0.184896 0.573148 0.866707
62 0.295312 0.374074 0.228125 0.253704 0.887645
56 0.499219 0.834259 0.194271 0.318519 0.898772
0 0.436198 0.519444 0.0817708 0.225926 0.910607
56 0.765365 0.787963 0.179688 0.412963 0.919524
0 0.717448 0.648148 0.218229 0.685185 0.931049
