56 0.01875 0.563889 0.0375 0.0814815 0.254755
56 0.86875 0.5625 0.104167 0.143519 0.264452
56 0.922135 0.565741 0.0317708 0.114815 0.308328
56 0.0148437 0.546296 0.0296875 0.0407407 0.341919
56 0.863802 0.767593 0.0671875 0.212963 0.450223
56 0.0190104 0.650463 0.0369792 0.176852 0.523652
56 0.875781 0.672685 0.111979 0.315741 0.598703
56 0.230469 0.556019 0.0369792 0.0824074 0.644997
56 0.173698 0.796759 0.139062 0.402778 0.67886
56 0.842969 0.604167 0.107813 0.234259 0.687848
60 0.403385 0.673148 0.333854 0.116667 0.717893
56 0.0841146 0.558796 0.0463542 0.0805556 0.718615
62 0.160677 0.393519 0.244271 0.257407 0.832673
56 0.084375 0.758796 0.114583 0.319444 0.83284
0 0.202344 0.709259 0.191146 0.562963 0.8337
0 0.521354 0.681481 0.157292 0.525926 0.871679
0 0.96224 0.356019 0.0744792 0.587963 0.891749
56 0.378125 0.84537 0.205208 0.292593 0.900684
56 0.64349 0.790278 0.164062 0.410185 0.92394
0 0.343229 0.538889 0.138542 0.231481 0.937315
