56 0.146354 0.51713 0.0479167 0.037963 0.279721
56 0.151562 0.536111 0.0604167 0.0759259 0.33551
56 0.0239583 0.543981 0.046875 0.0324074 0.340955
60 0.614583 0.657407 0.10625 0.0925926 0.408592
56 0.0273438 0.693519 0.0546875 0.181481 0.46903
56 0.0122396 0.584259 0.0244792 0.0537037 0.489834
56 0.0744792 0.634259 0.05625 0.190741 0.526846
56 0.982552 0.713426 0.0348958 0.15463 0.564856
56 0.0359375 0.798611 0.071875 0.367593 0.578786
56 0.220313 0.534259 0.0447917 0.0777778 0.652238
0 0.330208 0.735185 0.1625 0.509259 0.714613
56 0.686458 0.568981 0.034375 0.0453704 0.722516
56 0.139323 0.624074 0.0723958 0.192593 0.72959
0 0.365885 0.553704 0.0651042 0.144444 0.747312
56 0.96875 0.665741 0.0625 0.157407 0.767772
56 0.205469 0.725463 0.102604 0.306481 0.806089
56 0.285937 0.799537 0.119792 0.391667 0.825358
0 0.623177 0.509722 0.100521 0.226852 0.855159
0 0.504948 0.540278 0.148438 0.399074 0.859282
56 0.749479 0.790741 0.185417 0.411111 0.896768
0 0.438542 0.516667 0.0822917 0.225926 0.900163
56 0.498958 0.834259 0.198958 0.322222 0.904094
0 0.698438 0.648148 0.229167 0.687037 0.911372
62 0.294792 0.373611 0.229167 0.250926 0.912781
