60 0.511979 0.650463 0.3125 0.363889 0.264755
27 0.344271 0.580093 0.0291667 0.0842593 0.266632
56 0.146354 0.51713 0.0479167 0.037963 0.29445
56 0.0270833 0.694907 0.0541667 0.184259 0.327416
56 0.0239583 0.543981 0.046875 0.0324074 0.347776
56 0.151823 0.534259 0.0609375 0.0740741 0.35125
56 0.0119792 0.584259 0.0239583 0.0537037 0.486081
56 0.982552 0.713426 0.0348958 0.156481 0.540316
56 0.0364583 0.790278 0.0729167 0.373148 0.581382
56 0.0744792 0.634259 0.05625 0.190741 0.593769
56 0.220313 0.534722 0.0447917 0.0768519 0.623629
56 0.139583 0.624074 0.0729167 0.192593 0.728868
56 0.96901 0.665741 0.0619792 0.157407 0.752649
0 0.505469 0.538426 0.153646 0.39537 0.781142
56 0.202344 0.725926 0.0963542 0.305556 0.783296
56 0.360938 0.528241 0.03125 0.0657407 0.794054
56 0.69375 0.573611 0.0395833 0.0564815 0.819673
56 0.286458 0.800926 0.119792 0.388889 0.835032
0 0.338021 0.706944 0.189583 0.565741 0.870877
56 0.498437 0.833796 0.197917 0.321296 0.887118
56 0.74974 0.790741 0.184896 0.409259 0.894301
62 0.295052 0.373611 0.227604 0.252778 0.896272
0 0.435156 0.517593 0.0807292 0.222222 0.90929
0 0.703125 0.64213 0.229167 0.700926 0.916189
0 0.629167 0.506481 0.103125 0.212963 0.924642
