27 0.343229 0.584722 0.0270833 0.0842593 0.293004
56 0.152344 0.537037 0.0619792 0.0777778 0.381203
56 0.0239583 0.543519 0.046875 0.0333333 0.415272
56 0.0359375 0.798611 0.071875 0.360185 0.488685
56 0.0122396 0.583796 0.0244792 0.0527778 0.496196
56 0.0273438 0.693519 0.0546875 0.181481 0.528371
60 0.529427 0.660648 0.333854 0.119444 0.536503
56 0.075 0.635185 0.0572917 0.192593 0.568231
56 0.982552 0.7125 0.0348958 0.152778 0.575619
56 0.648698 0.577315 0.0973958 0.0694444 0.588036
56 0.220052 0.534259 0.0442708 0.0777778 0.602625
56 0.139323 0.622685 0.0703125 0.189815 0.75003
56 0.969271 0.665741 0.0614583 0.157407 0.756198
56 0.202604 0.725463 0.0927083 0.30463 0.77674
56 0.360677 0.527315 0.0317708 0.0657407 0.799191
56 0.285156 0.801389 0.119271 0.387963 0.830649
0 0.502083 0.527778 0.151042 0.346296 0.835543
0 0.335156 0.70787 0.185937 0.573148 0.872069
62 0.295052 0.374537 0.228646 0.252778 0.893754
56 0.499219 0.834259 0.194271 0.318519 0.90122
0 0.436198 0.519907 0.0817708 0.226852 0.911303
56 0.765104 0.787963 0.179167 0.412963 0.919413
0 0.717188 0.648148 0.21875 0.685185 0.930165
