56 0.220833 0.509722 0.0416667 0.0324074 0.254887
56 0.0239583 0.543519 0.046875 0.0333333 0.397368
56 0.152344 0.536574 0.0619792 0.0787037 0.42261
56 0.0119792 0.584259 0.0239583 0.0537037 0.46962
56 0.0294271 0.727315 0.0578125 0.250926 0.49329
56 0.219792 0.533333 0.04375 0.0777778 0.518786
0 0.623698 0.509259 0.104687 0.22037 0.538487
56 0.0744792 0.634722 0.05625 0.191667 0.539256
56 0.982292 0.7125 0.0354167 0.15463 0.565085
60 0.532552 0.659722 0.334896 0.112037 0.570757
56 0.360677 0.535185 0.0307292 0.0814815 0.728566
56 0.139583 0.625926 0.0739583 0.196296 0.745874
56 0.96901 0.665278 0.0619792 0.158333 0.748139
56 0.203125 0.727315 0.0875 0.302778 0.78351
56 0.41875 0.590741 0.0239583 0.0703704 0.807904
0 0.501302 0.526389 0.151562 0.350926 0.825727
56 0.289062 0.802778 0.123958 0.387037 0.8583
0 0.330469 0.705556 0.184896 0.572222 0.869871
0 0.286979 0.3625 0.101042 0.317593 0.879662
0 0.720833 0.647685 0.211458 0.684259 0.888041
56 0.764063 0.787963 0.180208 0.414815 0.904124
56 0.499479 0.834722 0.194792 0.319444 0.911394
