56 0.0179687 0.555093 0.0359375 0.0583333 0.28966
56 0.277865 0.606481 0.0130208 0.0518519 0.309489
56 0.866406 0.767593 0.0630208 0.207407 0.48056
56 0.0197917 0.647685 0.0395833 0.171296 0.545131
56 0.891667 0.610185 0.127083 0.203704 0.576191
60 0.40026 0.673148 0.311979 0.122222 0.646053
56 0.228906 0.555093 0.0380208 0.0805556 0.674078
56 0.178125 0.801852 0.147917 0.392593 0.686536
56 0.0841146 0.558796 0.0473958 0.0805556 0.717691
56 0.959375 0.588426 0.0572917 0.123148 0.719337
56 0.867448 0.552315 0.0671875 0.126852 0.76587
62 0.160417 0.39213 0.24375 0.256481 0.765942
56 0.652604 0.77963 0.105208 0.335185 0.809586
0 0.201302 0.709259 0.193229 0.562963 0.826627
56 0.0846354 0.756019 0.114063 0.325 0.84803
56 0.378125 0.84537 0.204167 0.292593 0.90862
0 0.557552 0.656944 0.249479 0.675 0.917149
0 0.754948 0.495833 0.169271 0.991667 0.918402
0 0.342969 0.536111 0.136979 0.233333 0.934983
