56 0.146615 0.51713 0.0484375 0.037963 0.257557
0 0.990104 0.759722 0.0197917 0.162037 0.266897
56 0.0239583 0.544444 0.046875 0.0333333 0.348821
56 0.220573 0.513426 0.0432292 0.0361111 0.359709
56 0.152344 0.536574 0.0619792 0.0768519 0.382676
56 0.0270833 0.694907 0.0541667 0.184259 0.436855
60 0.516146 0.655556 0.30625 0.111111 0.442595
56 0.0119792 0.583796 0.0239583 0.0527778 0.458859
56 0.0333333 0.78287 0.065625 0.363889 0.514849
56 0.982031 0.712037 0.0348958 0.153704 0.524524
56 0.220573 0.534722 0.0453125 0.0787037 0.563905
56 0.0744792 0.633796 0.05625 0.189815 0.571324
56 0.13776 0.624537 0.0692708 0.193519 0.712132
56 0.694531 0.574074 0.0380208 0.0555556 0.728709
56 0.96875 0.665741 0.0625 0.159259 0.748376
56 0.363021 0.52963 0.0260417 0.0703704 0.767937
56 0.204688 0.723148 0.090625 0.3 0.769724
0 0.614062 0.505556 0.136458 0.222222 0.778685
56 0.284375 0.800463 0.116667 0.386111 0.815829
0 0.334115 0.70787 0.180729 0.569444 0.846728
56 0.48151 0.842593 0.219271 0.298148 0.871112
62 0.295052 0.373148 0.227604 0.251852 0.873691
0 0.7 0.643056 0.239583 0.700926 0.887356
0 0.917448 0.443981 0.0734375 0.482407 0.889199
56 0.751302 0.790278 0.181771 0.410185 0.902997
0 0.465104 0.521296 0.139583 0.227778 0.93521
