56 0.00989583 0.540741 0.0197917 0.0351852 0.263419
56 0.688021 0.684722 0.0416667 0.191667 0.322527
56 0.0190104 0.562963 0.0380208 0.0833333 0.369844
56 0.858594 0.769907 0.0651042 0.213889 0.389823
56 0.951302 0.587037 0.0557292 0.124074 0.43558
56 0.883073 0.646759 0.144271 0.276852 0.599247
56 0.83151 0.550463 0.0953125 0.125 0.605274
60 0.397917 0.677778 0.338542 0.105556 0.614644
56 0.226302 0.552315 0.0317708 0.0731481 0.632344
56 0.841146 0.604167 0.119792 0.230556 0.658585
56 0.173698 0.816204 0.136979 0.363889 0.674767
56 0.0773437 0.55787 0.0463542 0.0805556 0.721954
0 0.586979 0.658333 0.191667 0.661111 0.757301
62 0.153385 0.393981 0.245312 0.258333 0.814251
0 0.496875 0.518056 0.103125 0.217593 0.833839
0 0.37474 0.541667 0.151562 0.338889 0.839444
56 0.0794271 0.760648 0.115104 0.319444 0.847834
0 0.19974 0.713426 0.190104 0.563889 0.854139
56 0.630208 0.791667 0.1625 0.409259 0.888019
56 0.375781 0.841204 0.194271 0.30463 0.896557
0 0.308594 0.534722 0.0828125 0.232407 0.907158
