56 0.193229 0.739815 0.0729167 0.283333 0.305333
56 0.0236979 0.543981 0.0463542 0.0324074 0.352165
56 0.152865 0.536111 0.0619792 0.0777778 0.436949
56 0.25599 0.853241 0.0932292 0.284259 0.456924
56 0.0273438 0.69537 0.0546875 0.185185 0.494492
56 0.0119792 0.584259 0.0239583 0.0537037 0.507273
0 0.428646 0.463889 0.04375 0.103704 0.519456
56 0.214583 0.511574 0.0302083 0.0305556 0.540593
56 0.0359375 0.797685 0.071875 0.365741 0.565604
56 0.982292 0.712037 0.0354167 0.151852 0.570494
56 0.0742188 0.635648 0.0557292 0.191667 0.576638
56 0.134896 0.625926 0.0635417 0.196296 0.66611
0 0.489062 0.627778 0.253125 0.588889 0.72931
56 0.67526 0.571759 0.0317708 0.0564815 0.757928
56 0.96875 0.665278 0.0625 0.156481 0.769319
56 0.352083 0.56713 0.0479167 0.143519 0.771613
0 0.29401 0.715741 0.189063 0.557407 0.859213
62 0.295312 0.375 0.228125 0.251852 0.890491
56 0.764063 0.783796 0.161458 0.423148 0.895144
0 0.611458 0.50787 0.109375 0.213889 0.902698
56 0.483073 0.835185 0.200521 0.318519 0.904868
0 0.708073 0.6375 0.214062 0.699074 0.912304
