56 0.989844 0.758333 0.0203125 0.164815 0.25813
0 0.517708 0.648611 0.323958 0.480556 0.268137
56 0.689844 0.571296 0.0286458 0.0481481 0.273586
56 0.146354 0.51713 0.0479167 0.037963 0.306199
56 0.151302 0.534259 0.0598958 0.0722222 0.315705
56 0.0236979 0.544444 0.0463542 0.0314815 0.34598
56 0.0273438 0.693981 0.0546875 0.182407 0.437783
56 0.0119792 0.584259 0.0239583 0.0537037 0.472805
56 0.0744792 0.636574 0.0572917 0.19537 0.529674
56 0.0351562 0.79537 0.0703125 0.368519 0.553887
56 0.982552 0.712037 0.0348958 0.151852 0.575308
0 0.507031 0.540278 0.152604 0.389815 0.588312
56 0.220313 0.534259 0.0447917 0.0777778 0.608765
0 0.377344 0.546759 0.0598958 0.150926 0.671221
56 0.139062 0.625 0.071875 0.194444 0.73832
56 0.96875 0.665278 0.0625 0.158333 0.772192
56 0.204688 0.725 0.104167 0.305556 0.802935
0 0.339583 0.720833 0.180208 0.537963 0.81548
56 0.284635 0.799074 0.117188 0.390741 0.81894
56 0.498698 0.834259 0.198437 0.322222 0.897823
62 0.295052 0.374537 0.228646 0.252778 0.898883
56 0.750781 0.790278 0.182812 0.410185 0.898892
0 0.707812 0.649074 0.2125 0.683333 0.904891
0 0.439844 0.514815 0.0765625 0.224074 0.907506
0 0.628646 0.512963 0.102083 0.227778 0.915144
