60 0.457292 0.698611 0.347917 0.0953704 0.257462
56 0.96276 0.770833 0.0734375 0.226852 0.259913
56 0.0197917 0.659722 0.0395833 0.225 0.351449
56 0.0893229 0.54213 0.0598958 0.0657407 0.385216
56 0.941146 0.756481 0.0614583 0.17963 0.399149
56 0.084375 0.526852 0.05 0.0351852 0.43022
56 0.95026 0.700463 0.0942708 0.260185 0.474613
56 0.922917 0.547222 0.103125 0.135185 0.49151
0 0.451562 0.540278 0.186458 0.413889 0.595412
56 0.605208 0.581481 0.0947917 0.062963 0.702368
56 0.160938 0.543981 0.046875 0.0805556 0.712429
56 0.303906 0.545833 0.0296875 0.0824074 0.713829
56 0.078125 0.637963 0.0770833 0.198148 0.719857
56 0.252083 0.8125 0.1375 0.373148 0.730694
56 0.935156 0.610648 0.127604 0.252778 0.732484
0 0.273177 0.713426 0.184896 0.563889 0.824315
56 0.158854 0.740278 0.10625 0.310185 0.857447
56 0.700781 0.787963 0.168229 0.412963 0.891739
62 0.236198 0.381019 0.235938 0.250926 0.892338
56 0.457292 0.84213 0.195833 0.30463 0.900212
0 0.651823 0.651852 0.220313 0.67963 0.940061
