56 0.220052 0.533333 0.0453125 0.0740741 0.275622
56 0.146354 0.516667 0.0479167 0.037037 0.286039
56 0.0460938 0.654167 0.0911458 0.197222 0.307268
56 0.152083 0.534722 0.0614583 0.075 0.360274
56 0.0239583 0.543981 0.046875 0.0342593 0.409238
56 0.0736979 0.633796 0.0557292 0.189815 0.494196
56 0.0119792 0.584259 0.0239583 0.0537037 0.503056
56 0.0273438 0.69213 0.0546875 0.180556 0.509557
56 0.220052 0.510648 0.0432292 0.0305556 0.525143
56 0.0375 0.798148 0.075 0.366667 0.564562
56 0.982552 0.7125 0.0348958 0.152778 0.57162
60 0.525521 0.656018 0.34375 0.113889 0.705335
56 0.138542 0.625 0.071875 0.194444 0.722421
56 0.969271 0.665278 0.0614583 0.156481 0.757393
56 0.204427 0.725926 0.0848958 0.301852 0.774756
56 0.358854 0.530093 0.0333333 0.0712963 0.789735
0 0.501823 0.527778 0.151562 0.351852 0.79543
0 0.644792 0.501852 0.148958 0.222222 0.81222
62 0.295312 0.373611 0.229167 0.252778 0.833567
56 0.288281 0.803241 0.124479 0.386111 0.857469
0 0.329167 0.705093 0.186458 0.571296 0.874442
0 0.420833 0.519444 0.0864583 0.185185 0.887867
0 0.719531 0.651389 0.216146 0.678704 0.893969
56 0.5 0.834722 0.194792 0.319444 0.906492
56 0.764063 0.788426 0.180208 0.413889 0.908437
