56 0.0239583 0.544444 0.046875 0.0333333 0.389916
56 0.152344 0.5375 0.0619792 0.0787037 0.407014
56 0.0351562 0.798148 0.0703125 0.361111 0.452615
56 0.982292 0.710185 0.0354167 0.159259 0.455711
60 0.517187 0.654167 0.309375 0.112037 0.482324
56 0.0119792 0.584259 0.0239583 0.0537037 0.496555
56 0.0283854 0.703704 0.0557292 0.203704 0.522856
56 0.0742188 0.635648 0.0557292 0.193519 0.555657
56 0.220313 0.534259 0.0447917 0.0777778 0.651119
56 0.138542 0.625463 0.0708333 0.19537 0.706746
56 0.970573 0.668519 0.0578125 0.166667 0.714606
56 0.694792 0.573611 0.0385417 0.0546296 0.76845
56 0.202865 0.725926 0.0921875 0.305556 0.780932
56 0.359635 0.528704 0.0317708 0.0685185 0.800786
0 0.615104 0.505093 0.132292 0.221296 0.807909
56 0.284375 0.8 0.115625 0.387037 0.817633
62 0.295052 0.373611 0.227604 0.252778 0.843788
0 0.335677 0.707407 0.186979 0.568519 0.855057
56 0.482292 0.843056 0.21875 0.297222 0.864636
0 0.706771 0.639815 0.227083 0.701852 0.889333
56 0.752865 0.790278 0.179688 0.408333 0.907275
0 0.465104 0.520833 0.138542 0.228704 0.936005
0 0.919792 0.474074 0.1375 0.674074 0.940903
