56 0.0239583 0.544444 0.046875 0.0333333 0.334489
56 0.196615 0.738426 0.0734375 0.287963 0.341334
56 0.0273438 0.693981 0.0546875 0.182407 0.432849
56 0.152865 0.536574 0.0619792 0.0768519 0.448116
56 0.214062 0.511574 0.0291667 0.0305556 0.480117
56 0.311719 0.852315 0.203646 0.284259 0.498473
56 0.0119792 0.584259 0.0239583 0.0537037 0.499221
0 0.43151 0.578704 0.0755208 0.222222 0.500375
56 0.672396 0.573611 0.025 0.0601852 0.530167
56 0.982292 0.7125 0.0354167 0.152778 0.562668
56 0.0388021 0.793981 0.0776042 0.369444 0.568535
56 0.0744792 0.636574 0.05625 0.193519 0.585066
56 0.135677 0.626389 0.0651042 0.197222 0.651171
56 0.96875 0.665741 0.0625 0.157407 0.76654
56 0.353906 0.569907 0.0494792 0.149074 0.794431
62 0.295312 0.376852 0.228125 0.253704 0.824679
0 0.311198 0.716204 0.225521 0.549074 0.867351
0 0.513281 0.685185 0.219271 0.612963 0.886355
56 0.56901 0.821296 0.222396 0.346296 0.903094
0 0.7125 0.639815 0.209375 0.7 0.90384
0 0.617969 0.506944 0.101562 0.212037 0.90528
56 0.76849 0.783796 0.155729 0.423148 0.906877
