56 0.220573 0.510648 0.0421875 0.0305556 0.254723
56 0.146354 0.516667 0.0479167 0.037037 0.285657
56 0.151823 0.535648 0.0609375 0.075 0.35872
64 0.639063 0.638889 0.0333333 0.0351852 0.375235
60 0.534115 0.661111 0.341146 0.116667 0.386376
56 0.0239583 0.544444 0.046875 0.0333333 0.40518
27 0.342708 0.583796 0.0291667 0.0861111 0.424029
56 0.0364583 0.798148 0.0729167 0.361111 0.469591
56 0.0119792 0.584259 0.0239583 0.0537037 0.476401
56 0.0744792 0.635648 0.05625 0.191667 0.531159
56 0.0270833 0.693981 0.0541667 0.182407 0.53668
56 0.982552 0.7125 0.0348958 0.152778 0.562351
56 0.65 0.576852 0.09375 0.0703704 0.563555
56 0.220052 0.534259 0.0442708 0.0777778 0.563754
56 0.96901 0.665741 0.0619792 0.157407 0.751827
56 0.138802 0.625926 0.0723958 0.196296 0.752062
56 0.203125 0.725 0.090625 0.303704 0.772151
0 0.501562 0.523611 0.152083 0.350926 0.803654
56 0.360156 0.527778 0.0328125 0.0666667 0.808332
56 0.284896 0.800926 0.11875 0.387037 0.821546
0 0.333073 0.706481 0.181771 0.57037 0.863477
62 0.295052 0.374074 0.228646 0.253704 0.883609
56 0.498698 0.834259 0.195312 0.318519 0.899615
0 0.435417 0.519907 0.0802083 0.226852 0.913384
56 0.765104 0.788426 0.179167 0.413889 0.916892
0 0.716927 0.655093 0.218229 0.669444 0.930523
