56 0.146354 0.516667 0.0479167 0.037037 0.275486
60 0.514063 0.653704 0.289583 0.125926 0.348784
56 0.151823 0.536574 0.0609375 0.0768519 0.355176
56 0.0239583 0.543981 0.046875 0.0324074 0.359681
56 0.0122396 0.584259 0.0244792 0.0537037 0.482026
56 0.0742188 0.635648 0.0567708 0.193519 0.52863
56 0.0286458 0.723611 0.05625 0.241667 0.531875
56 0.982552 0.711574 0.0348958 0.152778 0.575665
56 0.220313 0.534259 0.0447917 0.0777778 0.653594
56 0.138542 0.625463 0.0708333 0.19537 0.710347
56 0.36224 0.52963 0.0265625 0.0685185 0.734386
56 0.96901 0.665741 0.0619792 0.159259 0.75753
56 0.203385 0.725926 0.0921875 0.305556 0.776704
0 0.503125 0.538889 0.154167 0.390741 0.778309
56 0.69349 0.574074 0.0401042 0.0555556 0.792257
56 0.286458 0.800463 0.117708 0.387963 0.838173
0 0.33776 0.70787 0.188021 0.563889 0.870156
56 0.498698 0.833796 0.198437 0.321296 0.889442
62 0.295052 0.374537 0.228646 0.252778 0.893529
56 0.749219 0.791204 0.185937 0.410185 0.901495
0 0.435417 0.513889 0.08125 0.214815 0.903929
0 0.702604 0.640741 0.230208 0.703704 0.911943
0 0.627083 0.505556 0.107292 0.214815 0.924227
