56 0.01875 0.564352 0.0375 0.0805556 0.257867
60 0.511458 0.663889 0.10625 0.0962963 0.305786
56 0.0148437 0.546759 0.0296875 0.0416667 0.315631
56 0.863281 0.766667 0.0671875 0.207407 0.365642
56 0.0190104 0.651389 0.0380208 0.178704 0.541067
56 0.179427 0.81713 0.135937 0.362037 0.547038
56 0.840625 0.548611 0.0958333 0.125 0.54904
56 0.959115 0.588889 0.0578125 0.124074 0.64559
56 0.232552 0.551389 0.0307292 0.0731481 0.658559
56 0.88776 0.643519 0.139062 0.272222 0.662003
56 0.84974 0.609259 0.120312 0.240741 0.685851
0 0.184896 0.696759 0.154167 0.534259 0.698372
56 0.0835937 0.558796 0.0463542 0.0805556 0.757289
0 0.589323 0.660185 0.201562 0.655556 0.795311
0 0.361719 0.642593 0.246354 0.633333 0.815524
0 0.497917 0.519907 0.0989583 0.213889 0.823195
56 0.0841146 0.758333 0.115104 0.32037 0.839123
62 0.160417 0.393519 0.24375 0.259259 0.877694
56 0.374479 0.844444 0.196875 0.298148 0.893038
56 0.636719 0.79213 0.164062 0.408333 0.905909
