56 0.0197917 0.564352 0.0395833 0.0824074 0.263022
60 0.945573 0.821296 0.107813 0.346296 0.303992
56 0.835938 0.548611 0.0979167 0.125 0.445378
56 0.861979 0.769444 0.065625 0.212963 0.454096
60 0.401823 0.669907 0.332812 0.106481 0.591273
56 0.0184896 0.652778 0.0369792 0.175926 0.596177
56 0.884896 0.643981 0.138542 0.273148 0.664958
56 0.957292 0.5875 0.0572917 0.125 0.676372
56 0.847135 0.612037 0.119271 0.246296 0.678111
56 0.17526 0.818981 0.133854 0.356481 0.738129
56 0.0815104 0.558796 0.0473958 0.0805556 0.744721
56 0.229948 0.55463 0.0307292 0.0796296 0.749212
0 0.590365 0.660185 0.194271 0.662963 0.81415
0 0.5 0.518981 0.101042 0.215741 0.8188
0 0.379687 0.539815 0.151042 0.340741 0.820868
62 0.158333 0.393519 0.244792 0.255556 0.82447
56 0.0809896 0.758796 0.119271 0.317593 0.831347
0 0.20599 0.712963 0.186979 0.562963 0.871769
56 0.379687 0.840741 0.192708 0.305556 0.897047
56 0.633073 0.791204 0.166146 0.408333 0.904476
0 0.31276 0.535648 0.0838542 0.230556 0.905425
