56 0.880208 0.574074 0.0927083 0.15 0.259213
56 0.850521 0.550463 0.096875 0.125 0.279839
56 0.0385417 0.658796 0.0739583 0.193519 0.333507
62 0.171354 0.388889 0.241667 0.25 0.390164
56 0.0138021 0.583333 0.0276042 0.0611111 0.440117
56 0.159635 0.889352 0.119271 0.215741 0.441584
56 0.878906 0.773148 0.0713542 0.212963 0.442913
56 0.0184896 0.542593 0.0369792 0.0333333 0.479494
56 0.0703125 0.786111 0.0708333 0.257407 0.503446
56 0.0179687 0.644907 0.0359375 0.184259 0.510687
56 0.970573 0.59213 0.0578125 0.125 0.601767
60 0.410937 0.674074 0.325 0.0981481 0.622281
56 0.897396 0.645833 0.14375 0.271296 0.699137
0 0.390885 0.54213 0.152604 0.343519 0.720335
56 0.853385 0.609259 0.110937 0.238889 0.722655
0 0.323698 0.537037 0.0828125 0.22963 0.794217
0 0.508333 0.519444 0.0947917 0.218519 0.800239
0 0.601562 0.661111 0.194792 0.651852 0.80612
56 0.23724 0.595833 0.0453125 0.158333 0.821736
56 0.392448 0.84213 0.190104 0.300926 0.888109
56 0.645573 0.793519 0.165104 0.403704 0.892638
0 0.16875 0.650463 0.2375 0.687963 0.913495
