56 0.269531 0.687963 0.0807292 0.268519 0.334161
0 0.367448 0.674074 0.0942708 0.494444 0.373203
56 0.0833333 0.525463 0.05 0.0361111 0.431221
56 0.0895833 0.547685 0.0635417 0.0768519 0.466808
56 0.940104 0.756481 0.0604167 0.183333 0.479692
56 0.949479 0.688426 0.0958333 0.293519 0.506434
0 0.372917 0.535185 0.0875 0.209259 0.538444
56 0.278385 0.581944 0.0859375 0.156481 0.688315
56 0.64349 0.572222 0.0223958 0.0407407 0.692979
56 0.199219 0.675 0.0859375 0.2 0.698254
56 0.160156 0.544444 0.0463542 0.0777778 0.719357
56 0.928646 0.599537 0.121875 0.237963 0.721658
56 0.0705729 0.640278 0.0661458 0.206481 0.734054
0 0.480208 0.695833 0.215625 0.587963 0.792856
62 0.234896 0.37963 0.233333 0.246296 0.854948
56 0.705469 0.788426 0.157813 0.413889 0.89333
56 0.51849 0.832407 0.192188 0.324074 0.894424
0 0.58125 0.503704 0.10625 0.216667 0.913296
56 0.201562 0.80463 0.203125 0.383333 0.917192
0 0.666146 0.647222 0.195833 0.692593 0.921876
