60 0.627604 0.657407 0.127083 0.103704 0.30887
56 0.338281 0.643981 0.0546875 0.225 0.315873
56 0.0239583 0.543519 0.046875 0.0333333 0.400459
56 0.152604 0.5375 0.0625 0.0787037 0.43706
56 0.0273438 0.691667 0.0546875 0.17963 0.455783
56 0.0119792 0.583796 0.0239583 0.0546296 0.45586
56 0.0744792 0.636111 0.0572917 0.196296 0.506884
56 0.982552 0.712963 0.0348958 0.155556 0.549612
56 0.341927 0.570833 0.0713542 0.15463 0.553788
56 0.0356771 0.797222 0.0713542 0.37037 0.563001
60 0.527083 0.661111 0.33125 0.112963 0.579652
56 0.220313 0.533333 0.0447917 0.0759259 0.665504
0 0.500521 0.528241 0.152083 0.349074 0.712782
56 0.139323 0.623148 0.0713542 0.192593 0.714881
56 0.969271 0.665741 0.0614583 0.157407 0.750804
56 0.224479 0.722222 0.129167 0.311111 0.803956
0 0.622135 0.502778 0.101562 0.225926 0.812389
0 0.435156 0.516667 0.0796875 0.231481 0.880611
56 0.501302 0.835185 0.191146 0.32037 0.889917
62 0.295052 0.374074 0.228646 0.251852 0.895846
0 0.719531 0.651389 0.211979 0.676852 0.901696
56 0.763542 0.7875 0.18125 0.415741 0.904753
56 0.313281 0.793519 0.184896 0.405556 0.906707
