56 0.989844 0.758796 0.0203125 0.162037 0.251986
41 0.411979 0.637037 0.0197917 0.037037 0.259809
56 0.146354 0.516667 0.0479167 0.037037 0.304328
56 0.151302 0.534259 0.0598958 0.0722222 0.329816
56 0.0239583 0.543519 0.046875 0.0333333 0.392299
56 0.219792 0.510648 0.0427083 0.0324074 0.459891
56 0.0270833 0.693056 0.0541667 0.180556 0.466068
56 0.219792 0.533333 0.0447917 0.0759259 0.468152
56 0.0119792 0.583796 0.0239583 0.0527778 0.484969
56 0.0369792 0.796296 0.0739583 0.366667 0.537878
56 0.0742188 0.636574 0.0567708 0.19537 0.546135
56 0.982552 0.711574 0.0348958 0.152778 0.575285
56 0.690885 0.571296 0.0390625 0.0518519 0.632897
56 0.138281 0.625926 0.0713542 0.196296 0.73564
0 0.502604 0.527778 0.151042 0.353704 0.742679
60 0.526042 0.656482 0.340625 0.114815 0.743132
56 0.36224 0.527778 0.0265625 0.0648148 0.746571
56 0.969271 0.665741 0.0614583 0.157407 0.756197
56 0.200781 0.725 0.0963542 0.303704 0.774515
56 0.28724 0.801389 0.121354 0.387963 0.843899
0 0.722917 0.639815 0.208333 0.683333 0.860639
0 0.625 0.506019 0.110417 0.225 0.881106
0 0.33151 0.705093 0.182812 0.567593 0.88853
56 0.5 0.835185 0.195833 0.318519 0.897493
62 0.295312 0.374537 0.228125 0.252778 0.898472
0 0.435937 0.519907 0.08125 0.226852 0.912262
56 0.764844 0.7875 0.179688 0.413889 0.916564
