56 0.947396 0.738889 0.0989583 0.283333 0.266256
56 0.296094 0.934259 0.0401042 0.127778 0.327315
60 0.457552 0.700926 0.347396 0.101852 0.34547
56 0.0148437 0.670833 0.0296875 0.213889 0.417281
56 0.93125 0.787037 0.0583333 0.211111 0.425845
56 0.914583 0.5625 0.110417 0.137963 0.489951
56 0.335417 0.606944 0.015625 0.0527778 0.587934
56 0.0820312 0.560185 0.0640625 0.0796296 0.594241
56 0.29349 0.560648 0.0380208 0.087963 0.624659
0 0.447396 0.576852 0.189583 0.461111 0.654078
56 0.235677 0.808796 0.127604 0.376852 0.660516
56 0.932031 0.621759 0.129688 0.24537 0.707946
56 0.152604 0.556481 0.0458333 0.0777778 0.740328
56 0.06875 0.65 0.078125 0.198148 0.781208
56 0.14401 0.755093 0.120312 0.312037 0.850394
0 0.586458 0.525 0.13125 0.211111 0.857881
0 0.264844 0.710185 0.188021 0.557407 0.86653
0 0.379687 0.546759 0.0822917 0.202778 0.877752
56 0.449219 0.846296 0.194271 0.292593 0.884793
62 0.228906 0.394444 0.233854 0.253704 0.885779
56 0.691667 0.79537 0.169792 0.401852 0.910091
0 0.642969 0.654167 0.224479 0.680556 0.911514
