62 0.547917 0.345833 0.286458 0.276852 0.258176
56 0.90625 0.762963 0.0583333 0.196296 0.282877
56 0.0585938 0.543981 0.0671875 0.0694444 0.413158
56 0.991146 0.597685 0.0177083 0.108333 0.426038
56 0.977344 0.577778 0.0453125 0.142593 0.44616
56 0.0533854 0.528704 0.0515625 0.0388889 0.479964
56 0.932552 0.667593 0.129688 0.311111 0.514628
56 0.272396 0.545833 0.0375 0.0787037 0.521183
56 0.215365 0.787963 0.132812 0.412963 0.555334
56 0.889583 0.545833 0.0989583 0.128704 0.572563
56 0.901302 0.609259 0.126563 0.253704 0.707847
56 0.13099 0.546296 0.0463542 0.0777778 0.7369
56 0.0458333 0.641667 0.0770833 0.198148 0.748702
0 0.234635 0.702778 0.168229 0.568519 0.824771
56 0.129688 0.743519 0.109375 0.318519 0.834547
62 0.206771 0.383333 0.2375 0.251852 0.841537
56 0.408333 0.843518 0.202083 0.298148 0.884724
0 0.353125 0.516667 0.08125 0.203704 0.886864
56 0.692969 0.784722 0.149479 0.412037 0.889241
0 0.414062 0.648148 0.2375 0.592593 0.89012
0 0.60599 0.703704 0.227604 0.575926 0.923702
