56 0.0164062 0.563426 0.0328125 0.0842593 0.260851
56 0.920052 0.594907 0.105729 0.156481 0.306808
56 0.858594 0.567593 0.0848958 0.144444 0.326528
56 0.851302 0.764352 0.0671875 0.200926 0.331041
60 0.940885 0.818519 0.117188 0.346296 0.341301
56 0.827604 0.549074 0.09375 0.124074 0.573727
56 0.877083 0.664352 0.140625 0.306481 0.58342
56 0.0713542 0.559259 0.0489583 0.0833333 0.605722
56 0.222396 0.554167 0.03125 0.0768519 0.605939
56 0.945833 0.586574 0.0572917 0.125 0.65011
56 0.838281 0.608796 0.122396 0.237963 0.664321
60 0.392969 0.676852 0.334896 0.103704 0.670608
0 0.603125 0.618981 0.148958 0.587963 0.678852
56 0.16849 0.818519 0.138021 0.357407 0.726601
0 0.491146 0.518519 0.1 0.218519 0.727822
0 0.370833 0.54213 0.15 0.341667 0.828821
56 0.0708333 0.759722 0.111458 0.321296 0.863075
62 0.148958 0.394907 0.245833 0.260185 0.867892
0 0.19401 0.712037 0.192188 0.562963 0.875339
56 0.625521 0.791204 0.161458 0.408333 0.891576
56 0.372135 0.841204 0.194271 0.302778 0.905698
0 0.303646 0.536111 0.0822917 0.233333 0.906326
