56 0.0205729 0.564352 0.0411458 0.0824074 0.267644
56 0.942448 0.597685 0.0255208 0.102778 0.302811
56 0.0158854 0.548611 0.0317708 0.0472222 0.305362
56 0.927604 0.576852 0.05 0.137037 0.346836
56 0.839844 0.548611 0.0973958 0.125 0.446432
56 0.86276 0.769444 0.0661458 0.214815 0.49159
56 0.0195312 0.651852 0.0390625 0.177778 0.543093
56 0.884896 0.671296 0.13125 0.318519 0.593058
56 0.171875 0.796296 0.135417 0.403704 0.656762
56 0.229427 0.556019 0.0369792 0.0842593 0.672558
60 0.402344 0.671759 0.334896 0.113889 0.698014
56 0.0830729 0.558796 0.0473958 0.0805556 0.708014
62 0.159635 0.392593 0.244271 0.255556 0.723158
56 0.848698 0.609722 0.120312 0.247222 0.725183
56 0.0833333 0.759722 0.115625 0.317593 0.83697
0 0.201562 0.708796 0.184375 0.562037 0.851392
0 0.518229 0.68287 0.15625 0.519444 0.881768
0 0.970833 0.358796 0.0583333 0.573148 0.88957
56 0.377865 0.844907 0.204688 0.293519 0.895568
56 0.641927 0.790278 0.165104 0.410185 0.928141
0 0.342448 0.5375 0.139062 0.230556 0.938635
