56 0.146354 0.51713 0.0479167 0.037963 0.291832
56 0.151302 0.533796 0.0598958 0.0731481 0.325622
56 0.0239583 0.543981 0.046875 0.0324074 0.377644
60 0.515885 0.656018 0.305729 0.112037 0.445744
56 0.0119792 0.584259 0.0239583 0.0537037 0.456892
56 0.0299479 0.749537 0.0588542 0.291667 0.516147
56 0.982552 0.711111 0.0348958 0.151852 0.519598
56 0.0739583 0.634259 0.05625 0.188889 0.519635
56 0.220313 0.534259 0.0447917 0.0777778 0.608642
56 0.694792 0.573611 0.0375 0.0564815 0.730797
56 0.139323 0.623148 0.0713542 0.190741 0.730894
56 0.96875 0.666667 0.0625 0.159259 0.74629
56 0.363021 0.529167 0.0260417 0.0694444 0.762441
56 0.204167 0.725463 0.090625 0.302778 0.773232
56 0.283594 0.800463 0.117188 0.386111 0.821209
0 0.614062 0.505556 0.136458 0.22037 0.835367
0 0.334115 0.70787 0.181771 0.567593 0.848065
56 0.48099 0.843056 0.216146 0.297222 0.869276
62 0.295312 0.373148 0.228125 0.251852 0.870868
0 0.699479 0.640741 0.240625 0.705556 0.877878
0 0.916667 0.444444 0.0739583 0.47963 0.888643
56 0.753646 0.790278 0.178125 0.408333 0.903855
0 0.464844 0.521296 0.139062 0.227778 0.932898
