56 0.307813 0.925 0.040625 0.146296 0.311301
56 0.0945313 0.539352 0.0619792 0.0657407 0.315992
56 0.166667 0.519444 0.0447917 0.0296296 0.36384
60 0.471354 0.685185 0.334375 0.109259 0.396391
56 0.0901042 0.525463 0.0479167 0.0342593 0.478699
56 0.950521 0.763426 0.0604167 0.206481 0.482296
56 0.953906 0.685648 0.0921875 0.278704 0.486518
56 0.253385 0.806944 0.130729 0.380556 0.488654
56 0.166667 0.537963 0.0458333 0.0648148 0.633186
56 0.308073 0.544907 0.0307292 0.0842593 0.676
56 0.0229167 0.660648 0.0447917 0.230556 0.727708
56 0.614323 0.578704 0.0890625 0.0666667 0.742335
0 0.457292 0.539352 0.188542 0.413889 0.743739
56 0.931771 0.601389 0.116667 0.24537 0.748022
56 0.0838542 0.635648 0.0770833 0.19537 0.762168
0 0.278646 0.706019 0.186458 0.565741 0.84395
56 0.158333 0.740278 0.11875 0.310185 0.845975
62 0.241667 0.380556 0.233333 0.253704 0.876764
56 0.463021 0.841204 0.196875 0.306481 0.897334
56 0.70625 0.788426 0.167708 0.415741 0.899988
0 0.656771 0.645833 0.223958 0.693519 0.938881
