56 0.146354 0.51713 0.0479167 0.037963 0.254137
56 0.0239583 0.543981 0.046875 0.0324074 0.356459
60 0.516406 0.657407 0.302604 0.127778 0.366661
56 0.151823 0.536574 0.0609375 0.0787037 0.384478
56 0.0270833 0.694444 0.0541667 0.183333 0.384489
56 0.0119792 0.583796 0.0239583 0.0527778 0.459791
56 0.982292 0.712037 0.0354167 0.153704 0.560186
56 0.0369792 0.793519 0.0739583 0.374074 0.562984
56 0.0742188 0.635648 0.0557292 0.193519 0.564781
56 0.220313 0.534722 0.0447917 0.0768519 0.608448
56 0.13724 0.624537 0.0671875 0.193519 0.729051
56 0.96849 0.665278 0.0630208 0.158333 0.767957
56 0.20599 0.725 0.0869792 0.303704 0.786683
56 0.69349 0.574074 0.0401042 0.0555556 0.798699
56 0.360938 0.528241 0.03125 0.0657407 0.800612
0 0.503906 0.5375 0.152604 0.397222 0.827366
56 0.285417 0.800463 0.11875 0.387963 0.836233
0 0.33776 0.70787 0.189063 0.565741 0.865204
56 0.498437 0.833796 0.197917 0.321296 0.887444
56 0.754167 0.790741 0.177083 0.409259 0.8917
62 0.295052 0.375 0.228646 0.251852 0.894253
0 0.434896 0.516667 0.0802083 0.22037 0.907098
0 0.703385 0.64213 0.229687 0.700926 0.918636
0 0.628125 0.505093 0.105208 0.215741 0.922621
