56 0.146615 0.516204 0.0484375 0.0361111 0.254102
27 0.343229 0.585185 0.0260417 0.0833333 0.289182
56 0.152083 0.537037 0.0614583 0.0777778 0.381171
56 0.0239583 0.543981 0.046875 0.0342593 0.408022
60 0.528906 0.658796 0.350521 0.115741 0.472626
56 0.0122396 0.583796 0.0244792 0.0527778 0.496367
56 0.0739583 0.634722 0.0552083 0.191667 0.533539
56 0.0354167 0.798611 0.0708333 0.358333 0.533563
56 0.0273438 0.692593 0.0546875 0.17963 0.535855
56 0.982292 0.712963 0.0354167 0.153704 0.55322
56 0.220052 0.534259 0.0453125 0.0777778 0.641237
56 0.648958 0.574537 0.096875 0.0657407 0.692527
56 0.136719 0.625463 0.0682292 0.19537 0.722125
56 0.968229 0.665741 0.0635417 0.159259 0.775613
56 0.205729 0.725463 0.084375 0.30463 0.794824
56 0.360156 0.527778 0.0328125 0.0666667 0.796625
56 0.285937 0.801389 0.11875 0.387963 0.84651
0 0.501042 0.527315 0.151042 0.34537 0.855642
0 0.335417 0.707407 0.188542 0.574074 0.882799
62 0.295312 0.374537 0.228125 0.252778 0.886483
56 0.499219 0.834259 0.194271 0.318519 0.900888
0 0.435677 0.519444 0.0807292 0.225926 0.906702
56 0.765104 0.788426 0.179167 0.413889 0.917471
0 0.717708 0.647222 0.217708 0.687037 0.929555
