56 0.0195312 0.564352 0.0390625 0.0824074 0.258671
56 0.277865 0.605556 0.0140625 0.0518519 0.265558
56 0.0148437 0.547685 0.0296875 0.0453704 0.310116
56 0.928125 0.577315 0.0489583 0.136111 0.340464
56 0.942448 0.596759 0.0265625 0.10463 0.376371
56 0.839844 0.548611 0.0973958 0.125 0.443805
56 0.86276 0.768981 0.0661458 0.213889 0.489525
56 0.0195312 0.651389 0.0390625 0.176852 0.571473
56 0.172135 0.797685 0.134896 0.402778 0.624606
56 0.884635 0.646296 0.133854 0.27963 0.653033
56 0.229167 0.555093 0.0364583 0.0824074 0.662308
56 0.849219 0.60787 0.120312 0.243519 0.713828
60 0.402604 0.670833 0.335417 0.112037 0.721214
56 0.0833333 0.558796 0.046875 0.0805556 0.723657
62 0.159375 0.39213 0.24375 0.256481 0.804695
56 0.084375 0.75787 0.113542 0.319444 0.841491
0 0.19974 0.708333 0.183854 0.561111 0.854475
0 0.519271 0.683333 0.157292 0.522222 0.883822
56 0.377865 0.844907 0.204688 0.293519 0.892363
0 0.970052 0.359722 0.0598958 0.573148 0.894035
56 0.642448 0.791204 0.165104 0.412037 0.930591
0 0.342969 0.538889 0.138021 0.22963 0.935842
