56 0.817969 0.544444 0.0963542 0.133333 0.258368
56 0.845052 0.761111 0.0692708 0.201852 0.290238
56 0.214062 0.547685 0.028125 0.0787037 0.625279
56 0.93724 0.578241 0.0598958 0.125 0.637242
60 0.382031 0.665741 0.324479 0.114815 0.679215
56 0.829167 0.597222 0.119792 0.231481 0.698652
56 0.864323 0.636574 0.135937 0.280556 0.713268
56 0.159635 0.815278 0.138021 0.363889 0.724712
0 0.363802 0.535648 0.153646 0.349074 0.731128
56 0.0617188 0.551852 0.0484375 0.0777778 0.74051
62 0.139062 0.387037 0.247917 0.261111 0.832277
0 0.484115 0.511111 0.100521 0.216667 0.840287
0 0.186979 0.707407 0.190625 0.568519 0.863041
0 0.572135 0.656944 0.194271 0.669444 0.872311
56 0.0648438 0.754167 0.117188 0.325 0.892429
56 0.363542 0.839352 0.192708 0.308333 0.89612
0 0.295052 0.528241 0.0838542 0.232407 0.897777
56 0.615625 0.787037 0.164583 0.414815 0.903708
