60 0.538021 0.651389 0.335417 0.100926 0.263079
56 0.989844 0.757407 0.0203125 0.162963 0.275584
0 0.296354 0.537963 0.0770833 0.192593 0.280802
56 0.0236979 0.544444 0.0463542 0.0314815 0.309673
56 0.152083 0.5375 0.0614583 0.0787037 0.339427
56 0.0364583 0.79537 0.0729167 0.366667 0.41372
56 0.0119792 0.584259 0.0239583 0.0537037 0.446445
56 0.0742188 0.636111 0.0557292 0.194444 0.521798
56 0.0286458 0.713426 0.05625 0.223148 0.524243
56 0.982552 0.7125 0.0348958 0.152778 0.556966
56 0.219792 0.534259 0.0447917 0.0777778 0.652803
56 0.13724 0.625463 0.0682292 0.19537 0.712101
56 0.96849 0.665278 0.0630208 0.158333 0.777372
56 0.677344 0.567593 0.0338542 0.0481481 0.786605
56 0.21224 0.725 0.103646 0.309259 0.80455
0 0.495833 0.633333 0.216667 0.581481 0.837935
0 0.33151 0.714352 0.143229 0.550926 0.838346
56 0.491667 0.834259 0.19375 0.32037 0.866018
56 0.294531 0.798148 0.128646 0.396296 0.88386
0 0.619271 0.50787 0.0927083 0.213889 0.892576
62 0.295312 0.375 0.228125 0.253704 0.896594
0 0.719531 0.642593 0.214062 0.687037 0.907413
56 0.777083 0.787037 0.164583 0.42037 0.908152
0 0.434896 0.520833 0.0854167 0.228704 0.912829
