56 0.989844 0.759259 0.0203125 0.162963 0.262736
56 0.0242187 0.543981 0.0473958 0.0324074 0.336175
56 0.19375 0.740741 0.0791667 0.285185 0.391212
56 0.0270833 0.694444 0.0541667 0.183333 0.391611
56 0.152865 0.536574 0.0619792 0.0787037 0.501026
56 0.21276 0.511111 0.0265625 0.0314815 0.514173
56 0.0119792 0.583796 0.0239583 0.0527778 0.532167
56 0.314063 0.85463 0.209375 0.27963 0.559514
56 0.982292 0.712963 0.0354167 0.153704 0.569588
56 0.0742188 0.634722 0.0546875 0.189815 0.587573
0 0.754687 0.608796 0.126042 0.64537 0.587581
56 0.0380208 0.793519 0.0760417 0.372222 0.598177
56 0.13776 0.625 0.0682292 0.192593 0.661197
56 0.592448 0.842593 0.216146 0.307407 0.697556
0 0.4625 0.588426 0.1375 0.362037 0.699348
56 0.96901 0.665278 0.0619792 0.156481 0.744124
56 0.353646 0.569907 0.0489583 0.149074 0.826887
62 0.294792 0.375 0.228125 0.253704 0.830964
0 0.582031 0.510648 0.0682292 0.210185 0.833935
56 0.76849 0.782407 0.155729 0.42037 0.877438
0 0.310677 0.716204 0.223438 0.547222 0.895341
0 0.561979 0.663426 0.317708 0.65463 0.915803
