56 0.146354 0.51713 0.0479167 0.037963 0.277227
56 0.151302 0.535648 0.0598958 0.075 0.349554
56 0.0239583 0.543981 0.046875 0.0324074 0.382491
60 0.516406 0.657407 0.307813 0.109259 0.444637
56 0.0122396 0.584259 0.0244792 0.0537037 0.468692
56 0.0291667 0.720833 0.0572917 0.236111 0.510233
56 0.0742188 0.634722 0.0567708 0.189815 0.536522
56 0.983333 0.68287 0.0333333 0.186111 0.559368
56 0.220313 0.534259 0.0447917 0.0777778 0.569678
56 0.1375 0.625 0.06875 0.194444 0.708629
56 0.69375 0.574537 0.0395833 0.0564815 0.72651
56 0.201562 0.725926 0.096875 0.305556 0.776832
56 0.361458 0.528241 0.0302083 0.0675926 0.797905
56 0.284375 0.799537 0.115625 0.386111 0.814648
62 0.295052 0.373611 0.227604 0.250926 0.850863
0 0.613542 0.506481 0.134375 0.222222 0.857031
0 0.33724 0.70787 0.186979 0.569444 0.860471
56 0.48125 0.842593 0.217708 0.296296 0.874693
0 0.69974 0.643519 0.235938 0.698148 0.879241
56 0.751562 0.790278 0.18125 0.410185 0.902375
0 0.464583 0.518981 0.138542 0.225 0.937087
0 0.935156 0.491667 0.124479 0.696296 0.944676
