56 0.963802 0.771296 0.0703125 0.227778 0.264168
56 0.160417 0.519907 0.0458333 0.0305556 0.285853
56 0.0898438 0.544444 0.0630208 0.0703704 0.383848
56 0.0195312 0.662037 0.0390625 0.225926 0.395405
56 0.0841146 0.525926 0.0494792 0.0351852 0.447126
56 0.940625 0.75463 0.059375 0.175926 0.45823
56 0.94974 0.698611 0.0953125 0.258333 0.464337
56 0.922917 0.548148 0.103125 0.137037 0.48494
56 0.603125 0.581481 0.0989583 0.0648148 0.566519
0 0.451302 0.540278 0.185937 0.412037 0.611926
56 0.246875 0.806944 0.130208 0.380556 0.635666
56 0.303385 0.543981 0.0296875 0.0805556 0.66923
56 0.0776042 0.637037 0.0770833 0.196296 0.688021
56 0.160156 0.543981 0.0463542 0.0805556 0.688451
56 0.935938 0.609722 0.127083 0.252778 0.733546
56 0.158854 0.740278 0.107292 0.310185 0.850697
0 0.27526 0.707407 0.180729 0.572222 0.867148
56 0.701042 0.787963 0.166667 0.412963 0.877734
62 0.235938 0.380556 0.235417 0.25 0.892428
56 0.456771 0.841204 0.195833 0.306481 0.897911
0 0.652604 0.645833 0.219792 0.693519 0.941344
