60 0.460417 0.673611 0.342708 0.117593 0.274684
56 0.96276 0.77037 0.0734375 0.227778 0.277775
56 0.0190104 0.648148 0.0380208 0.2 0.288936
56 0.661458 0.663426 0.219792 0.665741 0.353448
56 0.941406 0.756481 0.0609375 0.181481 0.380203
56 0.0895833 0.543056 0.0604167 0.0675926 0.402447
56 0.0835937 0.526389 0.0494792 0.0361111 0.426216
56 0.94974 0.7 0.0953125 0.255556 0.48255
56 0.357552 0.593056 0.0151042 0.0527778 0.485024
56 0.922656 0.547222 0.103646 0.135185 0.495684
56 0.248958 0.806481 0.133333 0.383333 0.619263
56 0.303125 0.544907 0.03125 0.0842593 0.660728
56 0.0770833 0.637963 0.0770833 0.2 0.683927
56 0.160156 0.543981 0.0463542 0.0805556 0.711057
56 0.934896 0.611111 0.128125 0.255556 0.7205
0 0.450521 0.540741 0.184375 0.412963 0.777781
56 0.158594 0.739815 0.108854 0.311111 0.848409
56 0.608333 0.581019 0.0885417 0.0657407 0.865497
0 0.274479 0.706481 0.18125 0.574074 0.865889
62 0.235938 0.380556 0.234375 0.251852 0.871754
0 0.595052 0.4 0.0901042 0.344444 0.875597
56 0.457552 0.841667 0.195312 0.305556 0.892504
56 0.699219 0.788889 0.169271 0.412963 0.896691
0 0.516406 0.438889 0.100521 0.331481 0.917596
0 0.651042 0.647685 0.223958 0.687963 0.939625
