56 0.146615 0.516204 0.0484375 0.0361111 0.253317
56 0.152083 0.536574 0.0614583 0.0768519 0.344565
56 0.219792 0.531018 0.0447917 0.0712963 0.384693
56 0.0239583 0.543981 0.046875 0.0342593 0.408717
56 0.0270833 0.693519 0.0541667 0.181481 0.439264
56 0.220052 0.510648 0.0421875 0.0305556 0.479108
56 0.0122396 0.584259 0.0244792 0.0537037 0.480003
56 0.0744792 0.6375 0.0572917 0.199074 0.518082
56 0.0367187 0.795833 0.0734375 0.365741 0.521701
56 0.982292 0.713426 0.0354167 0.15463 0.567429
56 0.138281 0.623611 0.0692708 0.193519 0.723906
60 0.52474 0.657407 0.338021 0.116667 0.730367
0 0.501823 0.527778 0.151562 0.355556 0.749736
56 0.203125 0.725463 0.0895833 0.300926 0.757304
56 0.96901 0.664815 0.0619792 0.157407 0.766073
56 0.358854 0.533796 0.034375 0.0787037 0.77666
56 0.289062 0.802778 0.125 0.385185 0.846951
0 0.328646 0.705556 0.183333 0.572222 0.874101
62 0.295052 0.373611 0.227604 0.252778 0.881437
56 0.49974 0.834722 0.195312 0.319444 0.892633
0 0.64401 0.498148 0.145313 0.235185 0.899177
56 0.765365 0.787963 0.177604 0.414815 0.906097
0 0.71875 0.64213 0.217708 0.697222 0.907184
0 0.435156 0.52037 0.0807292 0.224074 0.912423
