56 0.146615 0.516667 0.0484375 0.037037 0.278627
56 0.638021 0.668519 0.133333 0.548148 0.286068
56 0.151823 0.535185 0.0609375 0.0759259 0.348906
56 0.0242187 0.543981 0.0473958 0.0342593 0.351484
56 0.0270833 0.693981 0.0541667 0.182407 0.443391
56 0.0119792 0.583796 0.0239583 0.0527778 0.487299
56 0.0341146 0.785185 0.0671875 0.366667 0.52253
56 0.0736979 0.635648 0.0557292 0.193519 0.533448
56 0.982552 0.712037 0.0348958 0.153704 0.538276
56 0.220313 0.534259 0.0447917 0.0777778 0.629748
56 0.694271 0.661574 0.053125 0.232407 0.636032
60 0.525781 0.657407 0.339063 0.112963 0.667522
56 0.969271 0.665741 0.0614583 0.157407 0.731934
56 0.138542 0.626389 0.071875 0.197222 0.732773
0 0.633073 0.671296 0.127604 0.546296 0.75216
56 0.360417 0.527778 0.03125 0.0666667 0.752692
0 0.501042 0.525926 0.15 0.35 0.778986
56 0.204688 0.724074 0.0875 0.301852 0.781353
56 0.2875 0.801389 0.121875 0.387963 0.850158
0 0.335417 0.70463 0.188542 0.566667 0.883065
62 0.295312 0.375 0.229167 0.253704 0.883476
56 0.499479 0.834722 0.194792 0.319444 0.893365
0 0.435156 0.517593 0.0807292 0.222222 0.905822
56 0.76224 0.788889 0.181771 0.412963 0.934474
