60 0.511719 0.650463 0.310937 0.393519 0.280197
56 0.146354 0.51713 0.0479167 0.037963 0.28039
56 0.0239583 0.543981 0.046875 0.0324074 0.349351
56 0.151823 0.535185 0.0609375 0.0740741 0.357223
56 0.0270833 0.695833 0.0541667 0.186111 0.452883
56 0.0119792 0.584259 0.0239583 0.0537037 0.4932
56 0.0333333 0.784259 0.065625 0.366667 0.53083
56 0.982552 0.714352 0.0348958 0.156481 0.537762
56 0.0742188 0.636574 0.0557292 0.19537 0.558815
56 0.220313 0.535185 0.0447917 0.0777778 0.582512
0 0.504687 0.5375 0.154167 0.39537 0.731448
56 0.136458 0.625926 0.0677083 0.196296 0.736462
56 0.96875 0.665741 0.0625 0.157407 0.776748
56 0.360938 0.527778 0.03125 0.0666667 0.793135
56 0.202344 0.725926 0.0942708 0.305556 0.797755
56 0.69375 0.574074 0.0395833 0.0555556 0.803846
56 0.286198 0.8 0.117188 0.388889 0.816869
0 0.33724 0.707407 0.188021 0.566667 0.862503
56 0.498437 0.833796 0.197917 0.321296 0.893215
62 0.295312 0.374074 0.228125 0.253704 0.894235
56 0.749219 0.791204 0.185937 0.410185 0.901111
0 0.435156 0.517593 0.0807292 0.222222 0.90515
0 0.703385 0.642593 0.228646 0.7 0.914089
0 0.628385 0.505093 0.103646 0.217593 0.922578
