56 0.146354 0.51713 0.0479167 0.037963 0.259656
60 0.64375 0.662963 0.110417 0.0666667 0.328828
56 0.0239583 0.543981 0.046875 0.0324074 0.35888
56 0.153125 0.536111 0.0625 0.0777778 0.394332
56 0.219531 0.530093 0.0453125 0.0694444 0.400516
56 0.267188 0.843982 0.117708 0.308333 0.430552
56 0.0273438 0.694444 0.0546875 0.183333 0.463138
56 0.196615 0.728241 0.0703125 0.306481 0.46407
56 0.0119792 0.584259 0.0239583 0.0537037 0.490928
56 0.219792 0.510648 0.0427083 0.0305556 0.503724
56 0.0742188 0.637037 0.0557292 0.194444 0.52142
56 0.0367187 0.797222 0.0734375 0.364815 0.541095
56 0.982292 0.712037 0.0354167 0.151852 0.566318
56 0.35651 0.540278 0.0380208 0.0898148 0.667423
0 0.495313 0.636574 0.245833 0.608333 0.67339
56 0.135677 0.625463 0.0651042 0.19537 0.681885
56 0.96875 0.664815 0.0625 0.157407 0.768067
0 0.428385 0.463426 0.0453125 0.112037 0.785078
56 0.676302 0.565741 0.0328125 0.0444444 0.809192
0 0.298177 0.712963 0.180729 0.566667 0.881057
0 0.613802 0.508333 0.102604 0.212963 0.890452
62 0.295312 0.374074 0.228125 0.251852 0.895874
56 0.483073 0.834722 0.200521 0.319444 0.902783
56 0.766667 0.783796 0.164583 0.425 0.903929
0 0.709896 0.639815 0.207292 0.694444 0.915948
