56 0.989844 0.759259 0.0203125 0.161111 0.258724
56 0.146094 0.516204 0.0473958 0.037963 0.2994
0 0.6375 0.68287 0.139583 0.586111 0.312969
0 0.624479 0.5125 0.10625 0.228704 0.384136
56 0.219792 0.511111 0.0427083 0.0333333 0.455324
56 0.152865 0.535648 0.0630208 0.0787037 0.493481
60 0.532031 0.659722 0.334896 0.112037 0.560298
56 0.982552 0.711574 0.0348958 0.152778 0.57629
56 0.219792 0.534259 0.0447917 0.0777778 0.5952
56 0.075 0.6375 0.0552083 0.19537 0.645606
56 0.135937 0.624537 0.065625 0.19537 0.709376
0 0.0260417 0.456019 0.0520833 0.443519 0.732228
56 0.0395833 0.794444 0.0791667 0.375926 0.763331
56 0.96901 0.664815 0.0619792 0.157407 0.766176
56 0.202083 0.726852 0.0947917 0.303704 0.783025
56 0.41875 0.590741 0.0239583 0.0703704 0.791506
56 0.358594 0.535185 0.0348958 0.0814815 0.791564
0 0.501302 0.525926 0.151562 0.35 0.837074
56 0.288542 0.801852 0.127083 0.388889 0.848503
0 0.328906 0.706944 0.185937 0.569444 0.860255
0 0.721875 0.648148 0.210417 0.683333 0.882932
62 0.295312 0.372685 0.228125 0.252778 0.894476
56 0.765104 0.7875 0.179167 0.415741 0.904939
56 0.499479 0.834722 0.194792 0.319444 0.913721
