56 0.989844 0.758796 0.0203125 0.162037 0.260474
60 0.51224 0.655556 0.313021 0.22037 0.337989
56 0.0239583 0.543981 0.046875 0.0324074 0.362289
56 0.152344 0.537037 0.0619792 0.0777778 0.402019
56 0.0270833 0.69537 0.0541667 0.185185 0.424473
56 0.0119792 0.583796 0.0239583 0.0527778 0.434342
56 0.982552 0.712963 0.0348958 0.155556 0.554843
56 0.0744792 0.634722 0.05625 0.191667 0.559741
56 0.0341146 0.787963 0.0671875 0.368519 0.560281
56 0.220313 0.534259 0.0447917 0.0777778 0.635831
56 0.3625 0.529167 0.0260417 0.0675926 0.692673
56 0.138281 0.624074 0.0703125 0.190741 0.723584
0 0.502865 0.538426 0.154687 0.389815 0.730883
56 0.96901 0.666204 0.0619792 0.158333 0.75819
56 0.207031 0.725463 0.0859375 0.30463 0.790624
56 0.69375 0.574074 0.0395833 0.0555556 0.797424
56 0.286198 0.799537 0.119271 0.389815 0.827546
0 0.33776 0.708333 0.186979 0.562963 0.863429
62 0.295312 0.375 0.228125 0.251852 0.888603
56 0.498437 0.833796 0.197917 0.321296 0.890696
56 0.749479 0.790741 0.185417 0.409259 0.897207
0 0.435417 0.514352 0.08125 0.215741 0.902377
0 0.702604 0.64213 0.230208 0.700926 0.911193
0 0.627604 0.505093 0.107292 0.215741 0.924685
