56 0.845573 0.760185 0.0692708 0.201852 0.317394
56 0.81849 0.543519 0.0973958 0.131481 0.493691
56 0.93724 0.577778 0.0598958 0.125926 0.635342
60 0.383333 0.663889 0.326042 0.116667 0.690338
56 0.829167 0.597685 0.119792 0.232407 0.697904
56 0.864583 0.637963 0.136458 0.281481 0.72276
56 0.0614583 0.551852 0.0479167 0.0777778 0.724683
56 0.213281 0.544907 0.0307292 0.075 0.737006
56 0.164062 0.814352 0.141667 0.362037 0.744857
0 0.36276 0.537037 0.152604 0.346296 0.76936
62 0.139583 0.384722 0.247917 0.260185 0.83159
0 0.481771 0.510648 0.0979167 0.217593 0.847467
0 0.189583 0.709722 0.195833 0.571296 0.876234
56 0.617188 0.787037 0.161458 0.414815 0.889871
0 0.572917 0.65463 0.19375 0.675926 0.891229
0 0.295573 0.527778 0.0838542 0.233333 0.895292
56 0.364583 0.838889 0.19375 0.311111 0.895666
56 0.0651042 0.75463 0.117708 0.325926 0.895759
