56 0.0239583 0.544444 0.046875 0.0314815 0.361047
56 0.152865 0.536574 0.0619792 0.0768519 0.432406
56 0.192708 0.74537 0.0864583 0.274074 0.444955
56 0.2125 0.511574 0.0260417 0.0305556 0.495703
56 0.0270833 0.694444 0.0541667 0.183333 0.517847
56 0.0119792 0.583796 0.0239583 0.0527778 0.519772
56 0.0375 0.798611 0.075 0.362037 0.54095
56 0.0742188 0.635185 0.0557292 0.192593 0.553799
56 0.982292 0.7125 0.0354167 0.152778 0.562426
56 0.314063 0.854167 0.208333 0.276852 0.586578
0 0.755469 0.608333 0.125521 0.644444 0.607577
56 0.136198 0.625463 0.0661458 0.19537 0.687989
56 0.589583 0.842593 0.217708 0.307407 0.70782
0 0.4625 0.598611 0.138542 0.387963 0.710267
56 0.96901 0.665278 0.0619792 0.156481 0.754532
62 0.295052 0.375926 0.228646 0.255556 0.789914
56 0.353646 0.569907 0.0489583 0.149074 0.831024
0 0.582292 0.508796 0.071875 0.213889 0.866574
56 0.769271 0.783333 0.15625 0.422222 0.872446
0 0.310677 0.715741 0.224479 0.546296 0.895772
0 0.5625 0.662963 0.315625 0.655556 0.913144
