56 0.160417 0.519444 0.0458333 0.0314815 0.251571
60 0.456771 0.668981 0.227083 0.150926 0.260205
56 0.0192708 0.659259 0.0385417 0.222222 0.272036
56 0.963802 0.77037 0.0713542 0.22963 0.284293
56 0.0895833 0.542593 0.0625 0.0685185 0.361271
56 0.941406 0.756481 0.0598958 0.181481 0.43171
56 0.0838542 0.525926 0.05 0.0351852 0.455873
56 0.94974 0.696759 0.0953125 0.267593 0.474683
56 0.246354 0.795833 0.128125 0.406481 0.56878
0 0.451042 0.5375 0.185417 0.408333 0.623824
56 0.607552 0.581019 0.0901042 0.0638889 0.644407
56 0.160417 0.543981 0.046875 0.0805556 0.682127
56 0.0770833 0.638426 0.0770833 0.200926 0.712798
56 0.927604 0.598611 0.119792 0.236111 0.729654
56 0.303385 0.545833 0.0307292 0.0842593 0.735609
56 0.158854 0.739815 0.108333 0.309259 0.840646
0 0.277083 0.707407 0.178125 0.57037 0.852856
56 0.70026 0.788426 0.168229 0.413889 0.88824
56 0.457031 0.84213 0.195312 0.30463 0.897968
62 0.235938 0.37963 0.235417 0.251852 0.898879
0 0.651302 0.645833 0.221354 0.693519 0.941781
