56 0.0130208 0.559259 0.0260417 0.0777778 0.294624
56 0.845573 0.761574 0.0692708 0.20463 0.388099
56 0.81901 0.545833 0.0963542 0.134259 0.510379
56 0.214844 0.549074 0.0286458 0.0796296 0.594623
56 0.163802 0.814815 0.141146 0.364815 0.695634
56 0.829948 0.597685 0.120312 0.230556 0.702058
60 0.383333 0.666667 0.327083 0.112963 0.712735
56 0.936979 0.580093 0.0572917 0.125 0.714625
56 0.863281 0.638426 0.132812 0.278704 0.719754
56 0.0622396 0.553704 0.0484375 0.0796296 0.732749
0 0.484896 0.512963 0.101042 0.216667 0.803997
0 0.364062 0.535185 0.152083 0.344444 0.816159
62 0.140104 0.387963 0.247917 0.261111 0.831777
0 0.189063 0.709722 0.188542 0.571296 0.869457
0 0.572917 0.658333 0.194792 0.666667 0.873562
56 0.0658854 0.755556 0.119271 0.324074 0.89297
0 0.295833 0.52963 0.084375 0.231481 0.899115
56 0.616667 0.788426 0.165625 0.413889 0.900223
56 0.365104 0.839815 0.19375 0.309259 0.903038
