56 0.146615 0.51713 0.0484375 0.037963 0.255742
27 0.344271 0.584722 0.028125 0.0861111 0.324025
56 0.151823 0.537037 0.0609375 0.0777778 0.369809
56 0.0239583 0.543981 0.046875 0.0324074 0.379639
56 0.0119792 0.584259 0.0239583 0.0537037 0.45915
56 0.0346354 0.8 0.0692708 0.359259 0.491428
56 0.0742188 0.636574 0.0567708 0.193519 0.526407
56 0.0270833 0.693981 0.0541667 0.182407 0.544601
56 0.220313 0.534259 0.0447917 0.0777778 0.570558
56 0.982292 0.711574 0.0354167 0.150926 0.588344
60 0.517187 0.655093 0.31875 0.115741 0.616741
56 0.138021 0.624074 0.06875 0.192593 0.71483
56 0.694792 0.573148 0.0385417 0.0555556 0.734968
56 0.969271 0.665741 0.0614583 0.157407 0.749813
56 0.204688 0.725463 0.0875 0.302778 0.786682
0 0.502344 0.525 0.150521 0.35 0.800002
56 0.360677 0.527315 0.0317708 0.0657407 0.806312
56 0.286458 0.800463 0.119792 0.387963 0.841089
0 0.33724 0.704167 0.186979 0.565741 0.85772
62 0.295312 0.373611 0.228125 0.252778 0.892464
56 0.499479 0.834259 0.19375 0.318519 0.898814
0 0.709375 0.6375 0.2125 0.710185 0.903948
0 0.626823 0.50463 0.107813 0.224074 0.906987
0 0.435677 0.518056 0.0807292 0.223148 0.913037
56 0.757031 0.790278 0.169271 0.410185 0.918638
