56 0.338281 0.749074 0.0682292 0.322222 0.253362
56 0.310156 0.611574 0.0244792 0.0861111 0.261113
56 0.127865 0.544907 0.117188 0.0805556 0.28973
56 0.084375 0.528704 0.0510417 0.0425926 0.356355
0 0.374219 0.531018 0.0838542 0.215741 0.377181
56 0.940104 0.757407 0.0604167 0.183333 0.459094
0 0.372917 0.675463 0.0854167 0.512037 0.47205
56 0.948958 0.687963 0.0958333 0.290741 0.492852
56 0.0898438 0.547685 0.0630208 0.0824074 0.557536
56 0.186979 0.652315 0.0604167 0.139815 0.605973
56 0.64349 0.572222 0.0223958 0.0407407 0.651992
56 0.160417 0.542593 0.0479167 0.0814815 0.719252
56 0.927604 0.599537 0.120833 0.237963 0.724839
56 0.0716146 0.640741 0.0682292 0.207407 0.741505
0 0.480729 0.695833 0.213542 0.589815 0.752727
56 0.518229 0.832407 0.192708 0.324074 0.894501
56 0.170052 0.806019 0.135937 0.380556 0.894528
56 0.705729 0.788426 0.157292 0.413889 0.894551
0 0.58125 0.503704 0.107292 0.216667 0.914998
0 0.666146 0.646296 0.194792 0.694444 0.922582
0 0.254948 0.554167 0.161979 0.869444 0.944941
