56 0.144792 0.537963 0.0447917 0.0314815 0.28795
56 0.929427 0.584259 0.109896 0.146296 0.312165
56 0.0747396 0.565741 0.0671875 0.0796296 0.323261
60 0.458333 0.688889 0.336458 0.111111 0.497323
56 0.0692708 0.548148 0.053125 0.0462963 0.497325
56 0.285937 0.565741 0.0375 0.0833333 0.652231
56 0.144531 0.561574 0.0463542 0.0787037 0.673293
56 0.228646 0.802315 0.134375 0.389815 0.696724
56 0.908073 0.622685 0.115104 0.236111 0.717809
56 0.942448 0.686574 0.114063 0.306481 0.727229
0 0.577604 0.53287 0.136458 0.20463 0.744146
56 0.059375 0.653704 0.0739583 0.194444 0.768765
0 0.438021 0.563426 0.184375 0.417593 0.807773
56 0.139323 0.75787 0.107813 0.315741 0.831803
0 0.255469 0.715741 0.188021 0.557407 0.868406
0 0.633073 0.652778 0.221354 0.674074 0.875462
62 0.221094 0.399537 0.235938 0.250926 0.881052
56 0.440885 0.847222 0.192188 0.292593 0.888353
0 0.366667 0.544444 0.08125 0.225926 0.905005
56 0.685417 0.799074 0.165625 0.396296 0.915168
