0 0.36901 0.669444 0.0953125 0.501852 0.272105
56 0.0835937 0.525926 0.0505208 0.037037 0.382884
56 0.0901042 0.54537 0.0625 0.0740741 0.425566
56 0.940625 0.756019 0.0614583 0.178704 0.462559
56 0.948958 0.691667 0.0958333 0.281481 0.492819
56 0.157292 0.538426 0.0416667 0.0712963 0.542127
56 0.643229 0.572222 0.0229167 0.0407407 0.655398
0 0.371875 0.531944 0.0875 0.213889 0.658176
56 0.0768229 0.638889 0.0786458 0.203704 0.686914
56 0.139323 0.759722 0.0703125 0.265741 0.69089
56 0.928646 0.598611 0.120833 0.236111 0.715327
0 0.479427 0.69537 0.218229 0.588889 0.7965
56 0.286198 0.582407 0.0703125 0.157407 0.820384
56 0.223177 0.812963 0.147396 0.37037 0.826652
62 0.235156 0.380093 0.234896 0.250926 0.858162
56 0.517708 0.832407 0.192708 0.324074 0.88854
56 0.705729 0.788889 0.157292 0.412963 0.891105
0 0.260417 0.683333 0.215625 0.611111 0.89935
0 0.58099 0.50463 0.105729 0.214815 0.916999
0 0.665885 0.646296 0.195312 0.696296 0.921913
