27 0.344271 0.582407 0.0291667 0.087037 0.251437
60 0.51276 0.653241 0.313021 0.239815 0.308023
56 0.0242187 0.544444 0.0473958 0.0333333 0.339822
56 0.152083 0.537963 0.0614583 0.0777778 0.40561
56 0.0119792 0.584259 0.0239583 0.0537037 0.490092
56 0.0315104 0.770833 0.0619792 0.339815 0.526244
56 0.982292 0.7125 0.0354167 0.15463 0.553377
56 0.0742188 0.634722 0.0557292 0.189815 0.56807
56 0.220573 0.534722 0.0453125 0.0768519 0.659553
56 0.1375 0.624074 0.0677083 0.192593 0.716146
56 0.969271 0.666204 0.0614583 0.156481 0.750555
0 0.502604 0.5375 0.154167 0.387963 0.761869
56 0.204948 0.725926 0.0911458 0.305556 0.779453
56 0.360156 0.528241 0.0317708 0.0675926 0.801195
56 0.69349 0.573611 0.0401042 0.0564815 0.802361
56 0.285156 0.800463 0.118229 0.387963 0.824524
0 0.33724 0.70787 0.188021 0.565741 0.865935
62 0.295052 0.374074 0.227604 0.253704 0.887053
56 0.498437 0.833796 0.197917 0.321296 0.888034
56 0.749479 0.790741 0.185417 0.409259 0.898305
0 0.435417 0.513889 0.08125 0.214815 0.902791
0 0.702604 0.640741 0.23125 0.703704 0.910973
0 0.627083 0.505556 0.107292 0.214815 0.925138
