56 0.146354 0.516667 0.0479167 0.037037 0.261946
56 0.989844 0.758333 0.0203125 0.164815 0.266727
56 0.05 0.650926 0.0947917 0.198148 0.323643
60 0.513542 0.660648 0.322917 0.113889 0.324774
56 0.0239583 0.543981 0.046875 0.0324074 0.359145
56 0.152344 0.536574 0.0619792 0.0768519 0.369714
56 0.0346354 0.797222 0.0692708 0.359259 0.452821
56 0.0122396 0.584259 0.0244792 0.0537037 0.484309
56 0.0270833 0.694907 0.0541667 0.184259 0.537259
56 0.982813 0.7125 0.034375 0.152778 0.553078
56 0.0747396 0.634259 0.0557292 0.190741 0.553839
56 0.220313 0.534722 0.0447917 0.0768519 0.64406
56 0.138021 0.625 0.0697917 0.192593 0.736713
56 0.96901 0.666204 0.0619792 0.158333 0.773765
56 0.204948 0.726389 0.0901042 0.30463 0.777629
56 0.360938 0.528241 0.03125 0.0657407 0.795921
56 0.69375 0.574074 0.0395833 0.0555556 0.807946
0 0.504167 0.538889 0.153125 0.388889 0.809617
56 0.285937 0.799537 0.11875 0.389815 0.823451
0 0.33776 0.70787 0.189063 0.565741 0.869874
56 0.498437 0.833796 0.197917 0.321296 0.888063
56 0.753125 0.790741 0.179167 0.409259 0.895838
62 0.295312 0.374537 0.228125 0.252778 0.899692
0 0.435677 0.514815 0.0817708 0.216667 0.901583
0 0.702604 0.641667 0.230208 0.703704 0.919165
0 0.628385 0.50463 0.104687 0.216667 0.923857
