56 0.0164062 0.662037 0.0328125 0.183333 0.370382
56 0.15026 0.52037 0.0255208 0.0333333 0.405717
0 0.0140625 0.489352 0.028125 0.378704 0.428361
56 0.940885 0.758796 0.0609375 0.187963 0.4889
56 0.948698 0.684259 0.0973958 0.296296 0.501316
56 0.139062 0.763889 0.0729167 0.255556 0.551484
24 0.08125 0.421296 0.040625 0.140741 0.598192
56 0.643229 0.572222 0.0229167 0.0407407 0.64028
56 0.928385 0.6 0.121354 0.238889 0.72021
62 0.235417 0.381481 0.234375 0.253704 0.772301
56 0.216146 0.819444 0.145833 0.357407 0.785712
0 0.480729 0.694444 0.226042 0.594444 0.818716
56 0.28099 0.58287 0.0796875 0.158333 0.822208
0 0.37474 0.53287 0.0859375 0.213889 0.87259
56 0.705729 0.788426 0.157292 0.413889 0.891493
0 0.255208 0.681481 0.228125 0.614815 0.895809
0 0.0627604 0.540741 0.125521 0.544444 0.901315
56 0.51875 0.832407 0.191667 0.324074 0.907507
0 0.58125 0.503704 0.10625 0.216667 0.91585
0 0.666406 0.64537 0.194271 0.698148 0.921375
