56 0.160417 0.519907 0.0458333 0.0324074 0.253165
56 0.0888021 0.54213 0.0588542 0.0657407 0.364763
56 0.0195312 0.6625 0.0390625 0.226852 0.394951
56 0.0838542 0.525926 0.05 0.0351852 0.435695
56 0.948698 0.702315 0.0911458 0.258333 0.463923
56 0.940365 0.756481 0.0598958 0.177778 0.493028
0 0.451042 0.537963 0.185417 0.411111 0.54602
56 0.248698 0.809259 0.131771 0.375926 0.586206
56 0.303646 0.54537 0.0302083 0.0814815 0.678029
56 0.159896 0.544444 0.04375 0.0777778 0.679319
56 0.60651 0.581481 0.0921875 0.0648148 0.685116
56 0.928646 0.598148 0.120833 0.235185 0.729635
56 0.0773437 0.638889 0.0776042 0.2 0.730403
56 0.158854 0.740278 0.109375 0.310185 0.850648
0 0.273438 0.708796 0.184375 0.571296 0.854559
62 0.235938 0.380556 0.235417 0.251852 0.88176
56 0.700521 0.788426 0.167708 0.412037 0.886975
56 0.457292 0.84213 0.195833 0.30463 0.899612
0 0.651823 0.652778 0.220313 0.677778 0.941611
