56 0.990104 0.758333 0.0197917 0.162963 0.278473
56 0.146354 0.516204 0.0479167 0.0361111 0.301441
56 0.220052 0.512963 0.0432292 0.037037 0.452536
0 0.625521 0.512037 0.108333 0.225926 0.463166
56 0.153646 0.535648 0.0635417 0.0768519 0.504329
56 0.982292 0.7125 0.0354167 0.152778 0.562933
60 0.532812 0.658333 0.336458 0.114815 0.598988
56 0.219792 0.533796 0.0447917 0.0768519 0.617581
56 0.139323 0.625926 0.0734375 0.2 0.749757
56 0.0388021 0.805093 0.0776042 0.365741 0.772294
56 0.96875 0.665741 0.0625 0.159259 0.77499
56 0.418229 0.590278 0.0239583 0.0712963 0.778882
56 0.358594 0.534722 0.0338542 0.0805556 0.780677
56 0.19974 0.724074 0.0973958 0.296296 0.787575
0 0.501042 0.525463 0.152083 0.349074 0.83344
56 0.2875 0.801852 0.123958 0.388889 0.837828
0 0.329167 0.706944 0.186458 0.569444 0.854706
0 0.0632813 0.57963 0.126563 0.690741 0.883932
0 0.722135 0.647685 0.208854 0.684259 0.888218
62 0.295312 0.372685 0.228125 0.252778 0.896676
56 0.764583 0.7875 0.179167 0.415741 0.911632
56 0.499219 0.834722 0.194271 0.319444 0.915352
