56 0.990104 0.583796 0.0197917 0.100926 0.308824
56 0.0799479 0.549074 0.0651042 0.0740741 0.347002
60 0.453385 0.692593 0.342187 0.114815 0.34724
56 0.93125 0.774537 0.05625 0.217593 0.395158
56 0.0752604 0.530556 0.0526042 0.0388889 0.406728
0 0.444271 0.6 0.185417 0.557407 0.485124
56 0.909375 0.59213 0.107292 0.213889 0.641198
56 0.240104 0.8125 0.135417 0.373148 0.655595
56 0.940625 0.650926 0.116667 0.268519 0.683521
56 0.59974 0.584722 0.0859375 0.0638889 0.698838
56 0.150781 0.547685 0.0453125 0.0768519 0.747934
56 0.0658854 0.64213 0.0765625 0.200926 0.784155
56 0.142969 0.744907 0.108854 0.313889 0.843934
0 0.263281 0.712037 0.183854 0.559259 0.84921
56 0.447656 0.843518 0.195312 0.301852 0.877199
56 0.691667 0.789815 0.176042 0.414815 0.902302
0 0.784115 0.59537 0.139062 0.711111 0.911606
0 0.640885 0.644907 0.222396 0.693519 0.921901
0 0.277083 0.408796 0.160417 0.358333 0.922046
