56 0.0239583 0.544444 0.046875 0.0333333 0.387417
56 0.152344 0.5375 0.0619792 0.0787037 0.394427
27 0.34349 0.584722 0.0255208 0.0824074 0.467052
56 0.0122396 0.584259 0.0244792 0.0537037 0.499417
56 0.0747396 0.639815 0.0567708 0.2 0.500524
56 0.0299479 0.749074 0.0588542 0.292593 0.514339
56 0.982292 0.713426 0.0354167 0.15463 0.580782
56 0.691406 0.570833 0.0359375 0.0527778 0.593536
56 0.220052 0.534259 0.0442708 0.0777778 0.629082
60 0.525521 0.655556 0.3375 0.116667 0.6884
56 0.13776 0.624074 0.0682292 0.192593 0.707614
56 0.96901 0.665741 0.0619792 0.157407 0.77149
56 0.360938 0.527778 0.03125 0.0666667 0.772593
56 0.203906 0.724537 0.0890625 0.302778 0.775086
0 0.502344 0.525926 0.150521 0.35 0.776074
56 0.2875 0.801852 0.120833 0.387037 0.845857
0 0.334635 0.705093 0.184896 0.569444 0.877676
0 0.716667 0.638889 0.2125 0.692593 0.885255
62 0.295312 0.373148 0.227083 0.253704 0.895984
56 0.5 0.834722 0.195833 0.319444 0.898946
0 0.62526 0.504167 0.108854 0.217593 0.903912
0 0.436198 0.52037 0.0817708 0.225926 0.909709
56 0.764323 0.7875 0.179688 0.413889 0.912847
