0 0.638802 0.67963 0.142188 0.581481 0.28863
56 0.146354 0.515741 0.0479167 0.037037 0.318204
0 0.62526 0.512037 0.107813 0.225926 0.392322
56 0.0794271 0.632407 0.0484375 0.183333 0.42099
56 0.219792 0.511111 0.0427083 0.0333333 0.454004
56 0.153125 0.535185 0.0635417 0.0777778 0.481233
60 0.533073 0.659722 0.336979 0.112037 0.556043
56 0.0356771 0.807407 0.0713542 0.348148 0.564385
56 0.982292 0.7125 0.0354167 0.15463 0.574838
56 0.219792 0.534259 0.0447917 0.0777778 0.594793
56 0.13724 0.625 0.0682292 0.196296 0.697773
56 0.96901 0.665278 0.0619792 0.156481 0.759971
56 0.202083 0.726852 0.0947917 0.303704 0.789825
56 0.358594 0.535185 0.0348958 0.0814815 0.792061
56 0.41849 0.590741 0.0244792 0.0722222 0.798262
0 0.0385417 0.507407 0.0770833 0.548148 0.806183
0 0.501302 0.525926 0.151562 0.35 0.844276
56 0.288802 0.801852 0.125521 0.388889 0.848285
0 0.329167 0.706944 0.186458 0.569444 0.859506
0 0.721875 0.648148 0.210417 0.685185 0.886166
62 0.295312 0.372685 0.228125 0.252778 0.895424
56 0.764844 0.7875 0.178646 0.415741 0.907204
56 0.499479 0.834722 0.194792 0.319444 0.916088
