56 0.146615 0.51713 0.0484375 0.037963 0.260935
0 0.614583 0.665741 0.138542 0.553704 0.277875
56 0.151562 0.537037 0.0604167 0.0777778 0.369865
56 0.0236979 0.544444 0.0463542 0.0333333 0.37331
60 0.517187 0.654167 0.309375 0.113889 0.472216
56 0.0122396 0.583796 0.0244792 0.0527778 0.489347
56 0.982292 0.712037 0.034375 0.151852 0.51908
56 0.0304688 0.753241 0.0598958 0.300926 0.525688
56 0.0744792 0.634722 0.05625 0.191667 0.548084
56 0.220573 0.534259 0.0453125 0.0777778 0.627986
56 0.138802 0.624537 0.0703125 0.193519 0.719821
56 0.96875 0.665741 0.0625 0.159259 0.756954
56 0.694531 0.573148 0.0380208 0.0555556 0.757908
56 0.36276 0.529167 0.0255208 0.0694444 0.772682
56 0.200521 0.725463 0.0989583 0.302778 0.784013
0 0.613542 0.50463 0.136458 0.22037 0.785147
56 0.283333 0.800463 0.1125 0.386111 0.807662
0 0.333854 0.708333 0.182292 0.566667 0.860391
56 0.481771 0.842593 0.21875 0.298148 0.866021
62 0.295052 0.373611 0.227604 0.252778 0.86957
0 0.70599 0.639815 0.227604 0.703704 0.877562
0 0.919271 0.443519 0.0708333 0.47963 0.894958
56 0.753646 0.790278 0.177083 0.408333 0.906917
0 0.465104 0.521296 0.139583 0.227778 0.934387
