56 0.146615 0.516204 0.0484375 0.037963 0.253063
56 0.422656 0.591667 0.0182292 0.0666667 0.273535
56 0.152083 0.537037 0.0614583 0.0777778 0.392656
56 0.0234375 0.543981 0.046875 0.0342593 0.433537
56 0.220052 0.510648 0.0432292 0.0324074 0.459114
0 0.624479 0.509722 0.10625 0.226852 0.476092
56 0.0119792 0.583796 0.0239583 0.0527778 0.482635
56 0.0361979 0.8 0.0723958 0.359259 0.494678
56 0.219792 0.53287 0.0447917 0.0768519 0.503176
56 0.0270833 0.693981 0.0541667 0.182407 0.535627
56 0.0747396 0.633796 0.0567708 0.191667 0.558732
60 0.53151 0.656944 0.333854 0.110185 0.577107
56 0.982292 0.7125 0.0354167 0.152778 0.598635
56 0.139844 0.625463 0.0744792 0.197222 0.737625
56 0.96901 0.664815 0.0619792 0.157407 0.764161
56 0.201823 0.726389 0.0901042 0.300926 0.776582
0 0.501042 0.526389 0.152083 0.350926 0.788471
56 0.288542 0.802315 0.123958 0.386111 0.824977
0 0.330729 0.70463 0.185417 0.57037 0.836668
0 0.721094 0.648148 0.210938 0.685185 0.891685
56 0.764583 0.787963 0.179167 0.414815 0.907343
56 0.5 0.834722 0.194792 0.319444 0.908432
0 0.34349 0.408333 0.153646 0.425926 0.918928
