56 0.692708 0.612037 0.0447917 0.135185 0.281799
56 0.146354 0.516667 0.0479167 0.037037 0.286748
56 0.151562 0.535648 0.0604167 0.075 0.355343
56 0.0239583 0.544444 0.046875 0.0333333 0.405796
27 0.344271 0.584722 0.028125 0.0861111 0.410151
56 0.0119792 0.584259 0.0239583 0.0537037 0.488032
56 0.0338542 0.798611 0.0677083 0.358333 0.488757
56 0.0747396 0.637963 0.0557292 0.196296 0.511488
56 0.0270833 0.693519 0.0541667 0.181481 0.531793
56 0.69401 0.576852 0.0401042 0.062963 0.546802
56 0.982552 0.7125 0.0348958 0.152778 0.567918
56 0.220313 0.534259 0.0447917 0.0777778 0.611232
60 0.525781 0.655556 0.339063 0.12037 0.612711
56 0.136979 0.624074 0.0666667 0.192593 0.714573
56 0.96875 0.665278 0.0625 0.158333 0.769634
56 0.202604 0.725463 0.0927083 0.30463 0.783558
0 0.501823 0.525 0.149479 0.35 0.786981
56 0.360938 0.527778 0.0322917 0.0666667 0.798421
56 0.285937 0.801852 0.121875 0.387037 0.84698
0 0.626562 0.506019 0.110417 0.221296 0.849421
0 0.3375 0.70463 0.188542 0.566667 0.853509
0 0.733854 0.637963 0.253125 0.703704 0.861098
62 0.295052 0.373611 0.227604 0.252778 0.887093
56 0.758073 0.794444 0.169271 0.401852 0.895296
56 0.499219 0.834259 0.194271 0.318519 0.896891
0 0.436198 0.517593 0.0817708 0.222222 0.909334
