0 0.0919271 0.456944 0.0390625 0.197222 0.254314
56 0.0273438 0.686574 0.0546875 0.169444 0.286077
56 0.146354 0.515741 0.0479167 0.037037 0.32111
56 0.338021 0.644444 0.0552083 0.224074 0.447159
56 0.153385 0.535185 0.0630208 0.0777778 0.483376
56 0.982552 0.712037 0.0348958 0.153704 0.55361
56 0.340365 0.570833 0.0744792 0.15463 0.616877
56 0.136979 0.6125 0.0635417 0.173148 0.649787
60 0.527604 0.65787 0.332292 0.108333 0.650325
56 0.220313 0.533796 0.0447917 0.0768519 0.66842
56 0.0398437 0.795833 0.0796875 0.369444 0.720557
0 0.501042 0.527778 0.152083 0.35 0.723588
56 0.96875 0.665741 0.0625 0.159259 0.773165
56 0.219792 0.722222 0.138542 0.311111 0.820166
0 0.720833 0.651852 0.210417 0.674074 0.826872
0 0.622396 0.504167 0.102083 0.221296 0.848562
56 0.501042 0.834722 0.190625 0.319444 0.888519
0 0.434635 0.518981 0.0786458 0.226852 0.893977
62 0.295312 0.374074 0.228125 0.251852 0.896753
0 0.0739583 0.606481 0.146875 0.583333 0.897224
56 0.764583 0.787963 0.179167 0.414815 0.901593
56 0.31276 0.793981 0.182812 0.40463 0.906033
