56 0.0208333 0.563889 0.0416667 0.0833333 0.254633
56 0.015625 0.549537 0.03125 0.0490741 0.301215
56 0.852344 0.762963 0.0442708 0.209259 0.305457
56 0.903385 0.698611 0.139062 0.365741 0.502552
56 0.0197917 0.65 0.0395833 0.174074 0.514347
56 0.958073 0.585648 0.0557292 0.125 0.581834
56 0.229167 0.555556 0.0364583 0.0833333 0.628684
56 0.172135 0.795833 0.134896 0.40463 0.65008
56 0.0828125 0.558796 0.0458333 0.0805556 0.683801
60 0.402344 0.672222 0.336979 0.114815 0.713862
62 0.159896 0.393056 0.24375 0.256481 0.764861
56 0.0848958 0.758333 0.114583 0.318519 0.840715
0 0.201823 0.708796 0.184896 0.562037 0.842167
0 0.518229 0.68287 0.157292 0.523148 0.882147
56 0.378125 0.844907 0.205208 0.293519 0.897627
0 0.852604 0.519444 0.180208 0.942593 0.932923
56 0.642708 0.791204 0.164583 0.410185 0.934434
0 0.341667 0.537037 0.139583 0.22963 0.941652
