56 0.0166667 0.551852 0.0333333 0.0537037 0.30116
56 0.942708 0.596296 0.0260417 0.105556 0.301481
56 0.928125 0.576852 0.05 0.137037 0.341616
56 0.839844 0.548611 0.0973958 0.125 0.442766
56 0.0197917 0.65 0.0395833 0.175926 0.467754
56 0.863021 0.769444 0.065625 0.214815 0.526159
56 0.171875 0.796759 0.135417 0.40463 0.666065
56 0.884115 0.645833 0.134896 0.280556 0.674988
56 0.229167 0.556019 0.0364583 0.0842593 0.675985
60 0.402083 0.671759 0.335417 0.113889 0.696972
62 0.159635 0.393056 0.244271 0.256481 0.714888
56 0.0830729 0.558796 0.0463542 0.0805556 0.722669
56 0.848177 0.609722 0.120312 0.247222 0.723315
56 0.0841146 0.758796 0.115104 0.319444 0.84095
0 0.202344 0.708796 0.185937 0.562037 0.857512
0 0.518229 0.683333 0.15625 0.522222 0.885534
56 0.377865 0.844907 0.204688 0.293519 0.893306
0 0.969531 0.35787 0.0609375 0.575 0.895649
56 0.642187 0.790741 0.165625 0.411111 0.933653
0 0.342187 0.5375 0.139583 0.230556 0.938355
