0 0.615365 0.675463 0.139062 0.573148 0.25495
56 0.146354 0.516667 0.0479167 0.037037 0.273333
56 0.0463542 0.653704 0.0916667 0.198148 0.327247
56 0.151823 0.535185 0.0609375 0.0759259 0.351528
56 0.0236979 0.544444 0.0463542 0.0333333 0.357904
56 0.0119792 0.584259 0.0239583 0.0537037 0.43051
56 0.0351562 0.799537 0.0703125 0.356481 0.435879
60 0.516406 0.655556 0.307813 0.111111 0.438772
56 0.982552 0.712037 0.0348958 0.153704 0.496746
56 0.0742188 0.634259 0.0557292 0.190741 0.52684
56 0.0270833 0.693519 0.0541667 0.181481 0.54586
56 0.220052 0.534259 0.0453125 0.0777778 0.556383
56 0.138802 0.625 0.0713542 0.194444 0.718445
56 0.694531 0.574074 0.0380208 0.0555556 0.721041
0 0.613802 0.505093 0.136979 0.221296 0.72486
56 0.96875 0.666204 0.0625 0.160185 0.755726
56 0.36276 0.529167 0.0265625 0.0694444 0.760018
56 0.203385 0.725 0.0921875 0.303704 0.779182
56 0.284375 0.800926 0.117708 0.385185 0.835521
0 0.334115 0.708333 0.181771 0.568519 0.853105
62 0.295312 0.373611 0.227083 0.252778 0.860472
56 0.482292 0.843056 0.21875 0.297222 0.871799
0 0.703906 0.64213 0.231771 0.700926 0.878044
0 0.921094 0.443519 0.0755208 0.47963 0.899705
56 0.751042 0.790741 0.182292 0.409259 0.901978
0 0.464844 0.521296 0.139062 0.227778 0.936145
