56 0.0192708 0.65787 0.0385417 0.223148 0.290637
56 0.0841146 0.526852 0.0505208 0.0388889 0.369738
56 0.0890625 0.543981 0.059375 0.0712963 0.381072
56 0.940365 0.758333 0.0609375 0.185185 0.446706
56 0.948177 0.692593 0.0973958 0.272222 0.486072
56 0.642708 0.573148 0.021875 0.0407407 0.52575
60 0.466667 0.662963 0.320833 0.111111 0.606316
0 0.388021 0.688889 0.102083 0.533333 0.646203
56 0.0776042 0.638426 0.0791667 0.200926 0.695915
56 0.927083 0.599074 0.11875 0.237037 0.712409
56 0.160938 0.543519 0.0479167 0.0777778 0.740553
56 0.294792 0.578241 0.0541667 0.150926 0.807388
62 0.235938 0.381481 0.234375 0.248148 0.808248
56 0.177865 0.736111 0.156771 0.32037 0.816153
56 0.502865 0.844907 0.199479 0.293519 0.865956
0 0.565885 0.511111 0.135937 0.231481 0.881932
56 0.704948 0.787037 0.159896 0.411111 0.882331
56 0.314323 0.796296 0.173438 0.4 0.905321
0 0.647656 0.645833 0.229687 0.693519 0.909957
