56 0.0151042 0.548611 0.0302083 0.0453704 0.265373
56 0.942448 0.596296 0.0265625 0.105556 0.33846
56 0.927865 0.577315 0.0494792 0.136111 0.351448
56 0.840104 0.548611 0.0979167 0.126852 0.471072
56 0.863021 0.768981 0.0666667 0.213889 0.519298
56 0.0192708 0.651389 0.0385417 0.175 0.559055
56 0.171354 0.797685 0.132292 0.402778 0.644215
56 0.884115 0.64537 0.134896 0.277778 0.672776
56 0.229167 0.555093 0.0364583 0.0824074 0.678215
62 0.159635 0.392593 0.244271 0.255556 0.709908
60 0.402604 0.672222 0.335417 0.114815 0.709986
56 0.0833333 0.558796 0.046875 0.0805556 0.711161
56 0.848177 0.609259 0.119271 0.246296 0.7227
56 0.0841146 0.757407 0.116146 0.318519 0.826087
0 0.202083 0.708333 0.185417 0.561111 0.862383
0 0.972656 0.357407 0.0546875 0.575926 0.877262
0 0.517969 0.682407 0.155729 0.518519 0.877326
56 0.377604 0.844907 0.204167 0.293519 0.895929
56 0.642187 0.790741 0.166667 0.411111 0.929241
0 0.342187 0.537037 0.139583 0.22963 0.940047
