56 0.0190104 0.573148 0.0380208 0.0611111 0.252363
60 0.628906 0.65787 0.130729 0.10463 0.272387
56 0.33724 0.641667 0.0578125 0.22963 0.301837
56 0.152344 0.536111 0.0619792 0.0777778 0.387677
56 0.0239583 0.543056 0.046875 0.0342593 0.404061
56 0.0119792 0.583333 0.0239583 0.0537037 0.408571
56 0.0742188 0.633333 0.0557292 0.190741 0.44693
56 0.0276042 0.691204 0.0552083 0.178704 0.525882
56 0.0351562 0.799537 0.0703125 0.360185 0.528853
56 0.982552 0.711111 0.0348958 0.151852 0.571074
56 0.341406 0.571296 0.0723958 0.155556 0.57145
60 0.529167 0.660185 0.334375 0.112963 0.584712
56 0.220313 0.533333 0.0458333 0.0759259 0.652685
0 0.500781 0.528704 0.152604 0.35 0.684259
56 0.139844 0.625 0.0744792 0.196296 0.707942
0 0.620833 0.503241 0.0989583 0.225 0.716321
56 0.969271 0.665741 0.0614583 0.159259 0.751648
56 0.223438 0.721296 0.130208 0.309259 0.799236
0 0.721875 0.651389 0.209375 0.676852 0.851081
0 0.434896 0.518056 0.0802083 0.228704 0.875719
56 0.501042 0.834722 0.191667 0.321296 0.891953
56 0.764583 0.787037 0.178125 0.414815 0.897143
62 0.294531 0.372685 0.228646 0.250926 0.903275
56 0.313802 0.793056 0.184896 0.40463 0.906496
