56 0.0903646 0.540278 0.0630208 0.0638889 0.294403
60 0.45599 0.691667 0.351562 0.0944444 0.34457
56 0.917188 0.719444 0.0447917 0.216667 0.384622
0 0.0257812 0.68287 0.0515625 0.613889 0.460904
56 0.0835937 0.525926 0.0494792 0.0351852 0.546423
56 0.598958 0.591204 0.111458 0.0842593 0.551582
0 0.450521 0.537963 0.185417 0.407407 0.588268
56 0.903906 0.667593 0.0703125 0.161111 0.600921
56 0.248437 0.806481 0.133333 0.383333 0.603087
56 0.303646 0.546296 0.0291667 0.0833333 0.689608
56 0.159635 0.544444 0.0442708 0.0777778 0.728316
56 0.0765625 0.638426 0.075 0.199074 0.736427
56 0.159375 0.740278 0.108333 0.308333 0.857689
0 0.272135 0.70787 0.185937 0.573148 0.867926
0 0.955729 0.536574 0.0885417 0.715741 0.88289
56 0.7 0.788426 0.16875 0.412037 0.88922
56 0.457031 0.841667 0.195312 0.305556 0.893279
62 0.235938 0.37963 0.235417 0.25 0.894733
0 0.652083 0.645833 0.221875 0.693519 0.94063
