56 0.0455729 0.658796 0.0828125 0.200926 0.251798
56 0.989844 0.758796 0.0203125 0.163889 0.255544
56 0.0263021 0.566204 0.0526042 0.075 0.266094
56 0.0270833 0.690741 0.0541667 0.177778 0.267747
0 0.64375 0.677778 0.15 0.588889 0.299612
56 0.0242187 0.543519 0.0473958 0.0333333 0.385141
56 0.220833 0.511111 0.0427083 0.0314815 0.388302
0 0.638021 0.506019 0.132292 0.230556 0.389328
56 0.0760417 0.646296 0.0635417 0.203704 0.53843
60 0.533333 0.660185 0.336458 0.111111 0.56024
56 0.363802 0.5375 0.0234375 0.0805556 0.564819
56 0.0122396 0.584259 0.0244792 0.0518519 0.577676
56 0.982552 0.711574 0.0348958 0.152778 0.578578
56 0.969271 0.665278 0.0614583 0.156481 0.763353
56 0.0416667 0.796296 0.0822917 0.377778 0.771658
56 0.41849 0.590741 0.0244792 0.0722222 0.816203
56 0.210677 0.687037 0.0713542 0.225926 0.81721
0 0.334115 0.712963 0.178646 0.559259 0.827769
0 0.501302 0.526389 0.151562 0.350926 0.836625
62 0.295312 0.371759 0.229167 0.250926 0.850996
0 0.721615 0.650463 0.209896 0.678704 0.861912
56 0.289062 0.801852 0.126042 0.390741 0.870461
0 0.151562 0.575 0.157292 0.681481 0.901331
56 0.763802 0.787963 0.181771 0.414815 0.911481
56 0.499479 0.834722 0.194792 0.319444 0.913042
