56 0.989844 0.760648 0.0203125 0.162037 0.270204
56 0.0239583 0.544444 0.046875 0.0314815 0.331056
56 0.151823 0.5375 0.0609375 0.0787037 0.3651
56 0.0270833 0.69537 0.0541667 0.185185 0.421353
60 0.521354 0.661574 0.351042 0.110185 0.450007
0 0.46849 0.514352 0.143229 0.271296 0.452203
56 0.0119792 0.584259 0.0239583 0.0537037 0.480938
56 0.0338542 0.787037 0.0666667 0.37037 0.549693
56 0.0739583 0.637037 0.0552083 0.194444 0.558871
56 0.982292 0.7125 0.0354167 0.152778 0.575987
56 0.220573 0.534722 0.0453125 0.0787037 0.642505
56 0.13776 0.625 0.0692708 0.194444 0.727832
0 0.50651 0.539352 0.151562 0.391667 0.752656
56 0.96901 0.665278 0.0619792 0.156481 0.766294
56 0.359896 0.528241 0.03125 0.0657407 0.773242
56 0.203646 0.727315 0.09375 0.306481 0.78421
56 0.285677 0.8 0.120312 0.388889 0.831474
0 0.339063 0.70463 0.188542 0.57037 0.876243
0 0.436979 0.50463 0.0822917 0.203704 0.886878
62 0.295312 0.374074 0.228125 0.251852 0.888411
56 0.751823 0.790278 0.180729 0.410185 0.891804
56 0.498177 0.833796 0.197396 0.321296 0.895632
0 0.703906 0.64213 0.218229 0.693519 0.908732
0 0.628385 0.505093 0.102604 0.221296 0.919864
