56 0.990104 0.759259 0.0197917 0.162963 0.25524
56 0.146615 0.516667 0.0484375 0.037037 0.255413
56 0.0442708 0.660185 0.0885417 0.201852 0.336975
0 0.429948 0.5625 0.0692708 0.126852 0.348185
56 0.0242187 0.543981 0.0473958 0.0324074 0.355837
56 0.151823 0.537037 0.0609375 0.0777778 0.387217
56 0.0119792 0.584259 0.0239583 0.0537037 0.442529
56 0.034375 0.800926 0.06875 0.353704 0.477939
56 0.0744792 0.635185 0.0572917 0.192593 0.486274
0 0.657812 0.535648 0.046875 0.139815 0.499337
56 0.982552 0.7125 0.0348958 0.15463 0.547889
56 0.0273438 0.693981 0.0546875 0.182407 0.550078
56 0.429427 0.558796 0.0703125 0.121296 0.593411
56 0.220313 0.534259 0.0447917 0.0777778 0.616244
56 0.138542 0.623611 0.0697917 0.191667 0.734076
0 0.341406 0.706481 0.198437 0.566667 0.747139
62 0.295052 0.375926 0.227604 0.253704 0.756359
56 0.694531 0.575 0.0380208 0.0574074 0.760898
56 0.96901 0.665741 0.0619792 0.157407 0.762552
56 0.359896 0.528704 0.03125 0.0685185 0.775626
56 0.203385 0.725926 0.0921875 0.303704 0.782784
56 0.284115 0.8 0.116146 0.387037 0.79598
0 0.725521 0.628704 0.1875 0.681481 0.815609
0 0.533854 0.576852 0.239583 0.785185 0.850025
56 0.483073 0.843056 0.220313 0.297222 0.894919
56 0.76224 0.790741 0.159896 0.409259 0.919352
