56 0.292708 0.928704 0.0385417 0.138889 0.258309
56 0.0145833 0.659722 0.0291667 0.208333 0.314407
60 0.454948 0.693056 0.339063 0.112037 0.315255
56 0.0796875 0.549537 0.065625 0.0731481 0.330178
56 0.990365 0.584722 0.0192708 0.102778 0.347371
56 0.932031 0.768056 0.0619792 0.208333 0.363198
56 0.0734375 0.528704 0.0510417 0.0351852 0.455453
0 0.688542 0.395833 0.121875 0.341667 0.471315
62 0.186198 0.391204 0.153646 0.239815 0.521551
56 0.941406 0.66713 0.116146 0.269444 0.579568
0 0.442708 0.543056 0.1875 0.415741 0.587925
56 0.235417 0.811111 0.123958 0.37037 0.676261
56 0.913802 0.606019 0.114063 0.24537 0.683584
56 0.598437 0.584722 0.084375 0.0657407 0.718003
56 0.150521 0.547685 0.0447917 0.0768519 0.729076
56 0.065625 0.64213 0.0760417 0.202778 0.781815
0 0.264583 0.70787 0.182292 0.552778 0.831903
56 0.144271 0.743981 0.110417 0.312037 0.851304
56 0.448177 0.843518 0.195312 0.301852 0.887164
0 0.295052 0.428704 0.120312 0.418519 0.892343
56 0.689323 0.788889 0.170312 0.412963 0.90257
0 0.640885 0.643981 0.221354 0.691667 0.925954
