56 0.146615 0.516204 0.0484375 0.0361111 0.292895
64 0.639323 0.639352 0.0338542 0.0342593 0.313013
56 0.0471354 0.654167 0.0932292 0.199074 0.325931
56 0.151823 0.535185 0.0609375 0.0740741 0.341404
56 0.0242187 0.543519 0.0473958 0.0333333 0.413529
56 0.220052 0.512037 0.0421875 0.0333333 0.414169
27 0.34375 0.585185 0.0270833 0.0833333 0.446969
60 0.53151 0.661111 0.335938 0.12037 0.458653
56 0.0361979 0.798148 0.0723958 0.359259 0.496182
56 0.220052 0.533796 0.0442708 0.0768519 0.513382
56 0.0739583 0.634259 0.05625 0.190741 0.520752
56 0.0119792 0.584259 0.0239583 0.0537037 0.520869
56 0.0273438 0.693519 0.0546875 0.181481 0.533744
56 0.982292 0.7125 0.0354167 0.152778 0.572149
56 0.647917 0.574537 0.0979167 0.0638889 0.690901
56 0.138802 0.625926 0.0723958 0.198148 0.729025
56 0.96901 0.665278 0.0619792 0.156481 0.750309
56 0.203385 0.725 0.0901042 0.303704 0.787139
56 0.360156 0.527778 0.0317708 0.0666667 0.800071
56 0.285156 0.801389 0.120312 0.386111 0.817563
0 0.501823 0.524074 0.152604 0.353704 0.825351
0 0.332812 0.705556 0.18125 0.568519 0.854662
62 0.295312 0.374074 0.228125 0.253704 0.884957
56 0.498698 0.834259 0.194271 0.318519 0.896585
0 0.435937 0.519907 0.08125 0.226852 0.913445
56 0.765104 0.788426 0.179167 0.413889 0.916575
0 0.717448 0.65463 0.217187 0.67037 0.928946
