56 0.0888021 0.52963 0.0348958 0.0314815 0.353353
56 0.15026 0.52037 0.0255208 0.0333333 0.476186
56 0.940365 0.758796 0.0609375 0.187963 0.492038
56 0.948698 0.683333 0.0973958 0.298148 0.50029
56 0.0830729 0.619907 0.0630208 0.171296 0.515287
56 0.643229 0.572222 0.0229167 0.0407407 0.636814
56 0.140365 0.76713 0.0703125 0.252778 0.685033
56 0.927865 0.599537 0.120312 0.237963 0.719186
56 0.216667 0.819444 0.144792 0.355556 0.785807
0 0.480729 0.694444 0.226042 0.594444 0.823408
56 0.28099 0.58287 0.0796875 0.158333 0.828804
62 0.235417 0.381019 0.234375 0.252778 0.83204
0 0.374479 0.53287 0.0854167 0.213889 0.872538
0 0.0447917 0.543519 0.0895833 0.542593 0.878702
56 0.705729 0.788426 0.157292 0.413889 0.891214
0 0.255208 0.681944 0.228125 0.615741 0.896291
56 0.51875 0.832407 0.191667 0.324074 0.908187
0 0.58125 0.503704 0.10625 0.216667 0.915393
0 0.666406 0.644907 0.194271 0.697222 0.921237
