56 0.0192708 0.564352 0.0385417 0.0805556 0.255951
56 0.0151042 0.546296 0.0302083 0.0407407 0.342943
56 0.864062 0.765741 0.065625 0.203704 0.363759
56 0.0179687 0.649074 0.0359375 0.175926 0.540495
56 0.840885 0.549074 0.0953125 0.124074 0.575566
56 0.959896 0.588889 0.0583333 0.124074 0.580037
56 0.179948 0.81713 0.135937 0.362037 0.582703
56 0.851302 0.608796 0.121354 0.239815 0.63339
56 0.888281 0.644907 0.141146 0.273148 0.663949
0 0.191146 0.705556 0.166667 0.551852 0.705004
0 0.30651 0.492593 0.0453125 0.124074 0.718893
56 0.233333 0.55463 0.03125 0.0796296 0.742771
56 0.0846354 0.558333 0.0453125 0.0796296 0.744241
0 0.516406 0.52037 0.133854 0.216667 0.777149
0 0.630469 0.590278 0.174479 0.523148 0.796146
0 0.367188 0.589815 0.246875 0.483333 0.802926
56 0.0854167 0.758796 0.114583 0.321296 0.857526
62 0.161198 0.394444 0.243229 0.259259 0.866426
56 0.63724 0.789352 0.164062 0.408333 0.875434
56 0.37526 0.84537 0.195312 0.296296 0.8808
