60 0.475781 0.660648 0.226562 0.119444 0.264357
56 0.207552 0.512037 0.0171875 0.0333333 0.272915
56 0.0242187 0.544444 0.0473958 0.0314815 0.364065
56 0.0270833 0.693981 0.0541667 0.182407 0.40076
56 0.192708 0.739815 0.0854167 0.287037 0.427872
56 0.152604 0.536574 0.0625 0.0787037 0.477971
56 0.0119792 0.584259 0.0239583 0.0537037 0.523998
56 0.314583 0.852315 0.210417 0.284259 0.524745
56 0.0747396 0.6375 0.0567708 0.19537 0.55666
56 0.982552 0.711111 0.0348958 0.15 0.574699
56 0.0380208 0.793981 0.0760417 0.369444 0.585451
0 0.755729 0.556481 0.120833 0.533333 0.629941
0 0.4625 0.597222 0.1375 0.383333 0.704428
56 0.136719 0.624537 0.0661458 0.193519 0.718491
56 0.592448 0.842593 0.216146 0.307407 0.720173
56 0.96901 0.665741 0.0619792 0.157407 0.74495
62 0.295052 0.374537 0.227604 0.250926 0.823283
56 0.353646 0.569907 0.05 0.149074 0.84061
0 0.582292 0.510648 0.06875 0.210185 0.856388
56 0.76875 0.783333 0.157292 0.422222 0.881622
0 0.310156 0.71713 0.224479 0.54537 0.905686
0 0.561979 0.663426 0.317708 0.65463 0.916194
