56 0.0242187 0.572222 0.0473958 0.0777778 0.277233
60 0.953646 0.823611 0.0927083 0.334259 0.290051
56 0.0151042 0.584722 0.0302083 0.0638889 0.299619
60 0.522135 0.670833 0.100521 0.0935185 0.331191
60 0.409115 0.683796 0.313021 0.110185 0.382842
56 0.879427 0.781482 0.0630208 0.212963 0.419085
56 0.0953125 0.561574 0.0479167 0.0787037 0.42821
56 0.0195312 0.545833 0.0390625 0.0342593 0.453273
56 0.970312 0.594907 0.059375 0.125 0.52062
56 0.851823 0.557407 0.0963542 0.127778 0.536535
56 0.24349 0.557407 0.0296875 0.0740741 0.561233
56 0.0226563 0.645833 0.0442708 0.178704 0.659793
56 0.902344 0.651389 0.143229 0.278704 0.667719
56 0.190104 0.819444 0.133333 0.355556 0.675758
0 0.510417 0.524537 0.0947917 0.213889 0.678653
56 0.864062 0.613889 0.126042 0.231481 0.687164
0 0.611719 0.656018 0.177604 0.637963 0.752207
56 0.0929687 0.761574 0.113021 0.317593 0.828236
0 0.211979 0.714352 0.182292 0.55463 0.828558
0 0.389583 0.549074 0.184375 0.403704 0.8316
62 0.172656 0.398611 0.242188 0.256481 0.8528
0 0.321354 0.52963 0.0760417 0.211111 0.867704
56 0.647135 0.795833 0.164062 0.400926 0.890346
56 0.392188 0.843982 0.191667 0.299074 0.899918
