56 0.990365 0.584722 0.0192708 0.102778 0.313745
56 0.0145833 0.655556 0.0291667 0.2 0.315211
56 0.0799479 0.55 0.0651042 0.0740741 0.323544
56 0.932552 0.775463 0.0598958 0.219444 0.40432
56 0.0752604 0.529167 0.0515625 0.0361111 0.423875
62 0.198698 0.389815 0.178646 0.242593 0.437067
60 0.454688 0.690741 0.341667 0.107407 0.49597
0 0.442708 0.542593 0.1875 0.414815 0.591916
56 0.239844 0.813889 0.130729 0.366667 0.661554
56 0.941146 0.65 0.116667 0.266667 0.669786
56 0.150781 0.547685 0.0442708 0.0768519 0.680136
56 0.911979 0.60463 0.110417 0.248148 0.685555
56 0.0661458 0.641204 0.0760417 0.199074 0.769089
56 0.585677 0.584722 0.0578125 0.0657407 0.804815
0 0.264323 0.708333 0.183854 0.562963 0.813239
56 0.145052 0.744444 0.110937 0.311111 0.844509
0 0.647135 0.413426 0.118229 0.376852 0.879035
56 0.448438 0.843518 0.194792 0.301852 0.884787
0 0.31224 0.426852 0.118229 0.425926 0.897166
56 0.689323 0.789352 0.169271 0.406481 0.911458
0 0.641406 0.651852 0.220313 0.67963 0.926932
