56 0.151823 0.537037 0.0609375 0.0777778 0.356237
56 0.0239583 0.543981 0.046875 0.0324074 0.381856
56 0.0119792 0.584259 0.0239583 0.0537037 0.452301
56 0.982292 0.711111 0.034375 0.151852 0.456157
60 0.516667 0.656482 0.307292 0.111111 0.492784
56 0.0346354 0.800463 0.0692708 0.358333 0.537962
56 0.0273438 0.693981 0.0546875 0.182407 0.54052
56 0.0747396 0.633796 0.0567708 0.189815 0.571211
56 0.220313 0.534722 0.0447917 0.0768519 0.605864
56 0.695052 0.574074 0.0369792 0.0555556 0.717378
56 0.138021 0.625 0.0697917 0.194444 0.738025
56 0.970312 0.669444 0.059375 0.161111 0.752856
56 0.361979 0.527778 0.0270833 0.0666667 0.761813
56 0.202083 0.725463 0.0958333 0.302778 0.772689
56 0.283594 0.800926 0.115104 0.385185 0.816487
0 0.334635 0.708333 0.181771 0.568519 0.850296
0 0.614583 0.505093 0.135417 0.221296 0.859707
62 0.295052 0.373611 0.227604 0.252778 0.865878
56 0.482552 0.843056 0.219271 0.297222 0.875092
0 0.696875 0.643519 0.241667 0.701852 0.892798
56 0.753125 0.790278 0.178125 0.410185 0.905552
0 0.909375 0.451852 0.0895833 0.516667 0.931671
0 0.464323 0.520833 0.139062 0.226852 0.932603
