56 0.33776 0.751389 0.0692708 0.323148 0.308087
56 0.084375 0.528704 0.0510417 0.0425926 0.346335
0 0.372917 0.675463 0.0854167 0.512037 0.391968
0 0.374219 0.530093 0.0838542 0.213889 0.479211
56 0.950781 0.656018 0.0984375 0.275 0.488605
56 0.940104 0.755093 0.0604167 0.176852 0.497321
56 0.0898438 0.547685 0.0630208 0.0824074 0.562977
56 0.196875 0.676389 0.0802083 0.189815 0.566181
56 0.64349 0.572222 0.0223958 0.0407407 0.660741
56 0.161719 0.543056 0.0505208 0.0805556 0.715627
56 0.928125 0.598611 0.120833 0.237963 0.719901
56 0.0721354 0.640278 0.0692708 0.206481 0.736311
0 0.479427 0.695833 0.215104 0.589815 0.759753
56 0.176042 0.806019 0.142708 0.378704 0.861498
56 0.51875 0.832407 0.192708 0.324074 0.895383
56 0.707031 0.788426 0.155729 0.413889 0.895548
0 0.58151 0.503704 0.107813 0.216667 0.915058
0 0.666146 0.646296 0.194792 0.694444 0.923614
0 0.256771 0.566667 0.145833 0.846296 0.927306
