56 0.146615 0.51713 0.0484375 0.037963 0.253532
60 0.519792 0.653241 0.328125 0.306481 0.355496
56 0.0239583 0.544444 0.046875 0.0314815 0.362739
56 0.151823 0.537037 0.0609375 0.0777778 0.368393
60 0.520573 0.655093 0.304688 0.121296 0.372012
56 0.0119792 0.584259 0.0239583 0.0537037 0.45115
56 0.0270833 0.694444 0.0541667 0.183333 0.476068
56 0.0747396 0.637037 0.0567708 0.194444 0.533767
56 0.0328125 0.781944 0.0645833 0.360185 0.535386
56 0.982552 0.712037 0.0348958 0.151852 0.585142
56 0.220313 0.534259 0.0447917 0.0777778 0.652661
56 0.138281 0.625926 0.0703125 0.194444 0.728465
0 0.504687 0.5375 0.153125 0.387963 0.740737
56 0.96901 0.665278 0.0619792 0.158333 0.769598
56 0.204948 0.725 0.0911458 0.301852 0.772468
56 0.360156 0.528704 0.0317708 0.0666667 0.78725
56 0.285417 0.800463 0.11875 0.387963 0.822562
0 0.336979 0.706019 0.184375 0.569444 0.873725
56 0.498698 0.834722 0.198437 0.321296 0.889832
62 0.295312 0.374537 0.228125 0.252778 0.893255
0 0.713281 0.638889 0.201562 0.7 0.893487
0 0.438021 0.512963 0.084375 0.216667 0.896234
56 0.746615 0.790741 0.189063 0.411111 0.902034
0 0.630469 0.5 0.107813 0.225926 0.926234
