27 0.345313 0.581481 0.0270833 0.087037 0.259267
56 0.146354 0.51713 0.0479167 0.037963 0.264238
60 0.511719 0.653241 0.310937 0.293519 0.282546
60 0.5125 0.649537 0.279167 0.134259 0.283398
56 0.0447917 0.65463 0.0895833 0.196296 0.317084
56 0.0239583 0.544444 0.046875 0.0333333 0.345982
56 0.151823 0.536574 0.0609375 0.0768519 0.346488
56 0.0119792 0.583796 0.0239583 0.0527778 0.464911
56 0.0742188 0.633333 0.0557292 0.188889 0.518946
56 0.0296875 0.738426 0.0583333 0.269444 0.53098
56 0.982552 0.712963 0.0348958 0.153704 0.549944
56 0.220313 0.534722 0.0447917 0.0768519 0.587475
0 0.503385 0.537963 0.153646 0.387037 0.733353
56 0.138542 0.624074 0.0708333 0.190741 0.734003
56 0.96901 0.665741 0.0619792 0.159259 0.76634
56 0.360938 0.527778 0.03125 0.0648148 0.781014
56 0.205729 0.725 0.0875 0.303704 0.783872
56 0.69375 0.574074 0.0395833 0.0555556 0.789264
56 0.285937 0.800463 0.11875 0.387963 0.830657
0 0.33776 0.706944 0.189063 0.565741 0.871423
56 0.498437 0.833796 0.197917 0.321296 0.894092
56 0.749219 0.791204 0.185937 0.410185 0.89669
62 0.295312 0.374537 0.228125 0.252778 0.89693
0 0.435417 0.513889 0.08125 0.214815 0.90152
0 0.703125 0.640741 0.229167 0.703704 0.914023
0 0.627865 0.505556 0.105729 0.216667 0.925112
