56 0.296354 0.934722 0.0385417 0.126852 0.300724
56 0.932292 0.784722 0.059375 0.206481 0.340203
60 0.459896 0.699537 0.327083 0.0990741 0.376245
56 0.338281 0.609259 0.0203125 0.0555556 0.411222
56 0.946354 0.710648 0.10625 0.299074 0.438233
56 0.914323 0.563426 0.105729 0.132407 0.582654
56 0.294271 0.562037 0.0375 0.087037 0.597282
56 0.0835937 0.562963 0.0651042 0.0796296 0.613068
56 0.0158854 0.677315 0.0317708 0.225 0.616695
56 0.236979 0.809722 0.129167 0.373148 0.680186
56 0.932813 0.623611 0.128125 0.249074 0.701569
56 0.153906 0.558333 0.0453125 0.0777778 0.765253
56 0.0695312 0.652315 0.0765625 0.199074 0.771479
0 0.44401 0.55463 0.185937 0.414815 0.821792
56 0.148177 0.755093 0.116146 0.315741 0.837669
0 0.379427 0.545833 0.0828125 0.199074 0.846584
0 0.265104 0.708796 0.186458 0.550926 0.85379
0 0.588281 0.519444 0.134896 0.22037 0.857939
56 0.448958 0.847222 0.192708 0.292593 0.877049
62 0.229948 0.39537 0.234896 0.251852 0.888025
56 0.69375 0.795833 0.167708 0.400926 0.904492
0 0.643229 0.65463 0.225 0.681481 0.913034
