56 0.298177 0.934722 0.0380208 0.126852 0.297798
56 0.948438 0.784259 0.0927083 0.231481 0.373687
60 0.465104 0.7 0.345833 0.103704 0.436914
56 0.0166667 0.678704 0.0333333 0.225926 0.47614
56 0.0859375 0.562963 0.0645833 0.0796296 0.553237
56 0.94401 0.691667 0.109896 0.301852 0.554336
56 0.23776 0.800926 0.127604 0.390741 0.60212
56 0.296615 0.564815 0.0369792 0.0944444 0.612912
56 0.156771 0.559722 0.046875 0.0787037 0.697075
56 0.916406 0.613889 0.108854 0.235185 0.703094
56 0.0723958 0.653241 0.0760417 0.200926 0.74949
0 0.446615 0.555556 0.188021 0.414815 0.848378
56 0.154167 0.756019 0.1125 0.313889 0.857843
0 0.268229 0.714815 0.1875 0.559259 0.865733
56 0.449219 0.847222 0.189063 0.290741 0.869347
0 0.589323 0.526852 0.135937 0.209259 0.874367
62 0.23151 0.396759 0.233854 0.250926 0.879212
0 0.377083 0.5375 0.08125 0.217593 0.893615
56 0.697135 0.797685 0.167187 0.399074 0.900238
0 0.645573 0.65787 0.222396 0.675 0.907836
