56 0.597135 0.737037 0.0380208 0.259259 0.268054
56 0.146354 0.516667 0.0479167 0.037037 0.271734
27 0.342969 0.585648 0.0265625 0.0842593 0.358849
56 0.152344 0.536574 0.0619792 0.0768519 0.367988
60 0.533073 0.661111 0.340104 0.122222 0.429723
56 0.0239583 0.543519 0.046875 0.0333333 0.438766
56 0.0270833 0.693981 0.0541667 0.182407 0.49349
56 0.647396 0.574537 0.1 0.0694444 0.496951
56 0.0354167 0.797685 0.0708333 0.360185 0.527787
56 0.0119792 0.584259 0.0239583 0.0537037 0.533266
56 0.0739583 0.636111 0.0552083 0.192593 0.560764
56 0.982292 0.7125 0.0354167 0.152778 0.570383
56 0.220052 0.534259 0.0442708 0.0777778 0.607265
56 0.138542 0.626389 0.071875 0.197222 0.726236
56 0.96901 0.665741 0.0619792 0.157407 0.75769
56 0.203646 0.725 0.0885417 0.303704 0.788574
56 0.360417 0.528241 0.0322917 0.0675926 0.789065
56 0.284635 0.801389 0.118229 0.386111 0.843866
0 0.501562 0.525926 0.152083 0.348148 0.845986
0 0.332812 0.706944 0.18125 0.573148 0.871122
62 0.295312 0.374537 0.228125 0.25463 0.891797
56 0.498698 0.834259 0.195312 0.318519 0.89794
0 0.435156 0.52037 0.0796875 0.224074 0.910841
56 0.765104 0.788426 0.179167 0.413889 0.919047
0 0.716927 0.654167 0.218229 0.673148 0.930766
