60 0.53125 0.662037 0.342708 0.116667 0.250537
56 0.190625 0.739352 0.084375 0.287963 0.35157
56 0.0239583 0.543981 0.046875 0.0324074 0.356404
56 0.25651 0.851852 0.0932292 0.285185 0.414449
56 0.153125 0.536574 0.0625 0.0787037 0.465972
56 0.0273438 0.693981 0.0546875 0.182407 0.491844
56 0.0119792 0.584259 0.0239583 0.0537037 0.496606
56 0.0367187 0.796759 0.0734375 0.362037 0.557736
56 0.213281 0.511574 0.0286458 0.0305556 0.560669
56 0.982292 0.712037 0.0354167 0.151852 0.574218
56 0.0744792 0.634259 0.0552083 0.188889 0.589318
56 0.136458 0.625463 0.0666667 0.19537 0.67948
56 0.96901 0.665278 0.0619792 0.156481 0.751987
56 0.353906 0.568981 0.0484375 0.147222 0.774723
56 0.67526 0.571296 0.0317708 0.0574074 0.778771
0 0.465625 0.555093 0.205208 0.434259 0.832094
0 0.434896 0.464815 0.0604167 0.116667 0.847983
0 0.298177 0.715741 0.198437 0.555556 0.849487
62 0.295052 0.374537 0.228646 0.252778 0.873881
56 0.7625 0.784722 0.164583 0.421296 0.884984
56 0.490104 0.837037 0.195833 0.311111 0.90207
0 0.614323 0.507407 0.106771 0.214815 0.902508
0 0.707031 0.644444 0.219271 0.692593 0.919431
