56 0.146615 0.51713 0.0484375 0.037963 0.260468
56 0.151562 0.536574 0.0604167 0.0768519 0.366709
56 0.0239583 0.543981 0.046875 0.0324074 0.371549
56 0.0119792 0.583796 0.0239583 0.0527778 0.484162
60 0.516146 0.656018 0.30625 0.112037 0.485401
56 0.0304688 0.751852 0.0598958 0.296296 0.523321
56 0.982031 0.710648 0.0348958 0.150926 0.523984
56 0.0744792 0.635648 0.05625 0.193519 0.528296
56 0.220313 0.534259 0.0447917 0.0777778 0.584133
56 0.13776 0.624537 0.0692708 0.193519 0.719166
56 0.694792 0.574074 0.0375 0.0555556 0.73234
56 0.96875 0.666204 0.0625 0.160185 0.733884
56 0.3625 0.529167 0.0260417 0.0694444 0.749482
56 0.203385 0.725926 0.0921875 0.305556 0.776269
56 0.284896 0.800463 0.116667 0.386111 0.825658
0 0.614062 0.505556 0.136458 0.22037 0.832521
0 0.333594 0.708333 0.181771 0.568519 0.8553
62 0.295052 0.372685 0.227604 0.252778 0.868733
56 0.48125 0.842593 0.216667 0.296296 0.868947
0 0.697396 0.640741 0.24375 0.703704 0.879464
0 0.91224 0.446296 0.0796875 0.477778 0.906627
56 0.748958 0.790741 0.185417 0.409259 0.907301
0 0.464844 0.521296 0.139062 0.227778 0.934337
