56 0.146615 0.51713 0.0473958 0.037963 0.264702
56 0.151823 0.536111 0.0609375 0.0759259 0.320289
56 0.0239583 0.544444 0.046875 0.0333333 0.350136
56 0.0119792 0.584259 0.0239583 0.0537037 0.471608
56 0.0289063 0.721296 0.0567708 0.237037 0.535648
56 0.0747396 0.634722 0.0567708 0.191667 0.554576
56 0.982292 0.712963 0.0354167 0.153704 0.569679
56 0.219792 0.534722 0.0447917 0.0768519 0.629854
56 0.138802 0.623148 0.0703125 0.190741 0.731917
56 0.693229 0.574537 0.0395833 0.0564815 0.760952
56 0.96901 0.665741 0.0619792 0.157407 0.761034
56 0.207813 0.725926 0.090625 0.305556 0.801933
0 0.505469 0.537963 0.152604 0.4 0.835706
56 0.285937 0.800463 0.119792 0.389815 0.8429
0 0.339583 0.707407 0.186458 0.559259 0.868093
56 0.498958 0.833796 0.198958 0.321296 0.891614
0 0.701563 0.643981 0.225 0.697222 0.902663
56 0.747917 0.790741 0.1875 0.411111 0.904553
62 0.295312 0.374537 0.228125 0.252778 0.905081
0 0.436979 0.51713 0.078125 0.221296 0.90636
0 0.629167 0.506019 0.102083 0.215741 0.918343
