56 0.990104 0.75787 0.0197917 0.162037 0.251431
0 0.639583 0.680093 0.142708 0.586111 0.30113
56 0.0270833 0.692593 0.0541667 0.181481 0.310262
56 0.146615 0.516204 0.0484375 0.037963 0.314702
0 0.283333 0.467593 0.034375 0.0666667 0.336728
0 0.269531 0.525926 0.0640625 0.183333 0.340289
56 0.0236979 0.543981 0.0473958 0.0342593 0.355998
0 0.00807292 0.438426 0.0161458 0.10463 0.393892
56 0.152083 0.536574 0.0614583 0.0787037 0.421479
0 0.623698 0.507407 0.104687 0.22963 0.448523
56 0.220313 0.510648 0.0427083 0.0324074 0.453168
56 0.219792 0.533796 0.0447917 0.0768519 0.492732
56 0.0742188 0.637963 0.0567708 0.198148 0.522479
56 0.0122396 0.583796 0.0244792 0.0546296 0.542562
56 0.982552 0.712037 0.0348958 0.153704 0.567519
60 0.527083 0.655093 0.338542 0.113889 0.581492
56 0.0390625 0.796759 0.078125 0.375 0.625476
56 0.361719 0.536574 0.0286458 0.0824074 0.640393
56 0.139323 0.624074 0.0713542 0.194444 0.7373
56 0.969271 0.665741 0.0614583 0.157407 0.756299
56 0.202865 0.725926 0.0911458 0.3 0.773442
56 0.41849 0.590741 0.0244792 0.0722222 0.798408
0 0.501302 0.526852 0.151562 0.351852 0.801289
0 0.332552 0.710648 0.177604 0.563889 0.833332
56 0.288281 0.801852 0.124479 0.388889 0.85628
0 0.722135 0.670833 0.209896 0.637963 0.875041
62 0.295312 0.372685 0.228125 0.252778 0.908434
56 0.499479 0.834722 0.194792 0.319444 0.911126
56 0.764583 0.7875 0.180208 0.415741 0.913782
