56 0.146615 0.516667 0.0484375 0.037037 0.286136
56 0.0239583 0.543519 0.046875 0.0333333 0.347322
56 0.151823 0.535648 0.0609375 0.075 0.350264
64 0.639063 0.638889 0.0333333 0.037037 0.352936
56 0.0270833 0.693981 0.0541667 0.182407 0.47256
56 0.0119792 0.584259 0.0239583 0.0537037 0.497381
56 0.0744792 0.634259 0.05625 0.190741 0.5154
56 0.0325521 0.77963 0.0640625 0.357407 0.518978
56 0.220052 0.534259 0.0442708 0.0777778 0.532108
56 0.982552 0.713426 0.0348958 0.156481 0.537031
60 0.529688 0.656482 0.3625 0.109259 0.547982
56 0.646094 0.574537 0.0901042 0.0657407 0.615088
56 0.3625 0.528704 0.0260417 0.0666667 0.702483
56 0.138542 0.625926 0.071875 0.196296 0.741479
56 0.96901 0.665278 0.0619792 0.158333 0.772749
56 0.204948 0.725 0.0880208 0.303704 0.794101
0 0.501823 0.525463 0.152604 0.349074 0.813038
56 0.286198 0.801389 0.121354 0.387963 0.843971
0 0.335677 0.706019 0.186979 0.565741 0.876722
0 0.74349 0.39537 0.120312 0.377778 0.889738
62 0.295312 0.374537 0.229167 0.252778 0.894893
0 0.436198 0.519444 0.0817708 0.222222 0.898908
56 0.499219 0.834722 0.194271 0.317593 0.901863
56 0.764323 0.787963 0.179688 0.411111 0.915821
0 0.715625 0.647222 0.21875 0.687037 0.924016
