56 0.989844 0.758796 0.0203125 0.162037 0.283988
56 0.0242187 0.543981 0.0473958 0.0324074 0.292796
56 0.0270833 0.693981 0.0541667 0.182407 0.381106
56 0.194531 0.740741 0.0817708 0.283333 0.40902
56 0.153125 0.536574 0.0625 0.0787037 0.449324
56 0.211979 0.511111 0.025 0.0314815 0.459086
56 0.583073 0.947685 0.209896 0.0990741 0.497506
56 0.0122396 0.584259 0.0244792 0.0537037 0.524594
56 0.3125 0.854167 0.205208 0.280556 0.531109
56 0.0747396 0.643056 0.0557292 0.206481 0.5539
56 0.0390625 0.79213 0.078125 0.371296 0.580649
56 0.982292 0.7125 0.0354167 0.152778 0.589263
56 0.136979 0.625 0.0666667 0.192593 0.692665
0 0.46276 0.578704 0.138021 0.342593 0.737509
56 0.96875 0.664815 0.0625 0.157407 0.77344
62 0.295312 0.375463 0.228125 0.25463 0.81635
56 0.353125 0.569907 0.05 0.149074 0.835112
0 0.741667 0.639815 0.151042 0.7 0.846952
0 0.310937 0.716204 0.225 0.547222 0.891773
56 0.770312 0.78287 0.158333 0.423148 0.90026
0 0.558333 0.660648 0.283333 0.660185 0.921484
