56 0.0205729 0.575463 0.0411458 0.062037 0.265631
56 0.146094 0.516667 0.0473958 0.037037 0.279871
56 0.0239583 0.543981 0.046875 0.0324074 0.331396
56 0.152083 0.536111 0.0614583 0.0759259 0.338035
56 0.0270833 0.693981 0.0541667 0.182407 0.385629
56 0.0119792 0.584259 0.0239583 0.0537037 0.474943
60 0.516927 0.65463 0.307813 0.111111 0.485418
56 0.0747396 0.637963 0.0567708 0.198148 0.508437
56 0.0346354 0.785648 0.0692708 0.367593 0.539668
56 0.220313 0.534259 0.0447917 0.0777778 0.576053
56 0.751042 0.774074 0.179167 0.366667 0.70961
56 0.139844 0.623611 0.0723958 0.191667 0.750625
56 0.203125 0.725 0.0916667 0.301852 0.772305
56 0.359896 0.528241 0.0322917 0.0675926 0.803301
56 0.694792 0.574074 0.0385417 0.0555556 0.821414
56 0.285417 0.800463 0.117708 0.386111 0.825132
62 0.295052 0.373611 0.227604 0.252778 0.842432
0 0.711719 0.635185 0.213021 0.698148 0.847567
0 0.335417 0.707407 0.186458 0.566667 0.856956
56 0.482292 0.843056 0.21875 0.297222 0.862041
0 0.615365 0.505556 0.132812 0.222222 0.894896
0 0.464844 0.520833 0.139062 0.226852 0.935241
0 0.872396 0.497222 0.254167 0.990741 0.946482
