56 0.146354 0.516667 0.0479167 0.037037 0.273618
56 0.151823 0.536574 0.0619792 0.0768519 0.342357
27 0.34349 0.584722 0.0255208 0.0824074 0.350259
56 0.0239583 0.543519 0.046875 0.0333333 0.397451
60 0.530208 0.658333 0.3625 0.112963 0.412079
64 0.639583 0.638889 0.0333333 0.037037 0.442942
56 0.0119792 0.584259 0.0239583 0.0537037 0.500537
56 0.0309896 0.758333 0.0609375 0.311111 0.506818
56 0.982292 0.711111 0.034375 0.151852 0.511141
56 0.0744792 0.634722 0.05625 0.191667 0.53046
56 0.220052 0.534259 0.0442708 0.0777778 0.621837
56 0.647917 0.573611 0.0979167 0.0638889 0.730072
56 0.138542 0.624074 0.0708333 0.192593 0.732694
56 0.360677 0.527778 0.0307292 0.0666667 0.783443
56 0.204948 0.724537 0.0890625 0.302778 0.785478
56 0.969531 0.66713 0.0609375 0.162037 0.78993
56 0.286719 0.801852 0.122396 0.387037 0.842763
0 0.502344 0.525 0.151562 0.35 0.866275
0 0.335417 0.705556 0.186458 0.568519 0.885672
62 0.295312 0.374537 0.228125 0.252778 0.891463
56 0.498958 0.834259 0.19375 0.318519 0.900562
0 0.435937 0.519907 0.08125 0.225 0.908364
56 0.765104 0.788889 0.179167 0.411111 0.915736
0 0.89974 0.563889 0.131771 0.772222 0.925321
0 0.716927 0.646296 0.218229 0.690741 0.927175
