56 0.146354 0.516667 0.0479167 0.037037 0.251134
56 0.990104 0.759259 0.0197917 0.161111 0.27551
27 0.343229 0.585648 0.025 0.0824074 0.3214
56 0.0239583 0.543519 0.046875 0.0333333 0.396618
56 0.152344 0.5375 0.0619792 0.0787037 0.404195
56 0.0348958 0.796759 0.0697917 0.358333 0.432176
56 0.0119792 0.584259 0.0239583 0.0537037 0.482423
56 0.0283854 0.702315 0.0557292 0.202778 0.520425
56 0.0739583 0.635185 0.05625 0.190741 0.529802
56 0.982292 0.7125 0.0354167 0.152778 0.584973
56 0.220052 0.534259 0.0442708 0.0777778 0.623123
56 0.692187 0.571296 0.0375 0.0518519 0.637638
60 0.526563 0.655556 0.342708 0.116667 0.682116
56 0.13724 0.623611 0.0671875 0.191667 0.722772
56 0.96901 0.665741 0.0619792 0.157407 0.76729
56 0.202604 0.725 0.0916667 0.303704 0.781976
56 0.360156 0.528241 0.0328125 0.0675926 0.790687
0 0.501823 0.525 0.150521 0.348148 0.800862
56 0.28724 0.801852 0.120312 0.387037 0.844383
0 0.71849 0.636574 0.213021 0.691667 0.868814
0 0.335938 0.705556 0.188542 0.57037 0.878469
62 0.295312 0.374074 0.228125 0.251852 0.896329
0 0.626042 0.505093 0.107292 0.217593 0.898755
56 0.49974 0.834722 0.195312 0.319444 0.898786
0 0.435937 0.518519 0.0822917 0.222222 0.905979
56 0.764583 0.787963 0.179167 0.414815 0.912994
