56 0.146615 0.51713 0.0484375 0.037963 0.279995
56 0.151302 0.536574 0.0598958 0.0768519 0.354145
56 0.0239583 0.543981 0.046875 0.0324074 0.355305
60 0.516406 0.656482 0.298438 0.122222 0.365298
56 0.0119792 0.584259 0.0239583 0.0537037 0.444575
56 0.0309896 0.760648 0.0609375 0.315741 0.513153
56 0.982552 0.713426 0.0348958 0.156481 0.548375
56 0.0742188 0.634259 0.0557292 0.188889 0.579351
56 0.220313 0.534722 0.0447917 0.0768519 0.588682
56 0.139583 0.624537 0.0729167 0.193519 0.743876
56 0.96901 0.665278 0.0619792 0.156481 0.752311
56 0.69349 0.574074 0.0401042 0.0574074 0.786313
56 0.204167 0.726389 0.0927083 0.30463 0.789927
0 0.502344 0.538426 0.152604 0.387963 0.796576
56 0.360677 0.527778 0.0317708 0.0666667 0.804465
56 0.284896 0.800463 0.115625 0.387963 0.812136
0 0.336458 0.706944 0.186458 0.565741 0.866684
62 0.295312 0.374537 0.229167 0.252778 0.887013
56 0.498698 0.834259 0.198437 0.322222 0.893198
56 0.751562 0.790741 0.182292 0.409259 0.896019
0 0.435156 0.512963 0.0807292 0.212963 0.906997
0 0.702604 0.64213 0.23125 0.702778 0.917247
0 0.627083 0.505556 0.108333 0.214815 0.923433
