56 0.146354 0.516667 0.0479167 0.037037 0.267354
56 0.0239583 0.544444 0.046875 0.0314815 0.333141
56 0.151823 0.536574 0.0609375 0.0768519 0.334942
56 0.0273438 0.694444 0.0546875 0.183333 0.401996
56 0.0119792 0.584259 0.0239583 0.0537037 0.476972
56 0.0747396 0.635648 0.0578125 0.193519 0.524271
56 0.982552 0.714352 0.0348958 0.156481 0.55005
56 0.0333333 0.787963 0.0666667 0.368519 0.57434
56 0.220313 0.534259 0.0447917 0.0777778 0.609607
0 0.50625 0.536574 0.151042 0.384259 0.648757
56 0.694531 0.573611 0.0369792 0.0564815 0.691609
56 0.139323 0.624074 0.0713542 0.192593 0.716547
56 0.96875 0.666204 0.0625 0.158333 0.769051
56 0.205469 0.726389 0.0963542 0.306481 0.799988
56 0.286719 0.800926 0.120312 0.388889 0.849074
0 0.340885 0.711111 0.186979 0.551852 0.875477
56 0.751562 0.790278 0.180208 0.410185 0.894611
56 0.498177 0.834259 0.197396 0.32037 0.895118
62 0.295052 0.374537 0.228646 0.252778 0.901027
0 0.436719 0.513426 0.0838542 0.217593 0.909176
0 0.701823 0.647685 0.225521 0.686111 0.911514
0 0.629167 0.503704 0.104167 0.218519 0.919059
