60 0.931771 0.789815 0.135417 0.333333 0.282807
56 0.83125 0.741204 0.06875 0.187963 0.400679
56 0.922917 0.572685 0.0583333 0.123148 0.501643
56 0.0494792 0.547685 0.0489583 0.0805556 0.572033
60 0.37526 0.656944 0.346354 0.110185 0.658446
56 0.8125 0.581481 0.115625 0.211111 0.682046
56 0.853906 0.625926 0.141146 0.266667 0.723781
0 0.351302 0.531018 0.153646 0.343519 0.747558
56 0.179688 0.583796 0.0822917 0.160185 0.770387
0 0.561979 0.654167 0.194792 0.665741 0.846091
0 0.470313 0.505093 0.0958333 0.219444 0.851227
56 0.0635417 0.746296 0.126042 0.335185 0.858929
0 0.282292 0.524537 0.0822917 0.237963 0.877552
56 0.608333 0.783796 0.15625 0.419444 0.888836
56 0.353906 0.836574 0.193229 0.315741 0.889634
62 0.127083 0.378704 0.25 0.257407 0.89393
56 0.161979 0.800463 0.196875 0.391667 0.906255
