60 0.45625 0.69213 0.351042 0.0953704 0.318221
56 0.0898438 0.541204 0.0630208 0.0657407 0.360449
56 0.0841146 0.525926 0.0494792 0.0351852 0.501228
56 0.926302 0.719444 0.0557292 0.17037 0.518133
56 0.598177 0.594907 0.111979 0.0916667 0.555014
0 0.450521 0.538426 0.185417 0.408333 0.605536
56 0.248437 0.805093 0.133333 0.387963 0.627048
56 0.303385 0.546296 0.0296875 0.0833333 0.686769
56 0.908854 0.667593 0.0791667 0.157407 0.706874
56 0.159635 0.544444 0.0442708 0.0777778 0.717137
56 0.0770833 0.638889 0.0770833 0.2 0.718525
0 0.0174479 0.588889 0.0348958 0.174074 0.748376
0 0.958333 0.53287 0.0822917 0.713889 0.789652
56 0.158854 0.739815 0.109375 0.309259 0.851439
0 0.272396 0.708333 0.185417 0.572222 0.865731
56 0.70026 0.788426 0.168229 0.412037 0.887387
56 0.457292 0.841667 0.195833 0.305556 0.894358
62 0.235938 0.37963 0.235417 0.25 0.908776
0 0.652344 0.645833 0.221354 0.693519 0.940676
