56 0.0239583 0.543981 0.046875 0.0324074 0.360811
56 0.152083 0.538426 0.0614583 0.0787037 0.394904
56 0.0119792 0.584259 0.0239583 0.0537037 0.452259
60 0.516927 0.656018 0.307813 0.113889 0.454724
56 0.0315104 0.768519 0.0619792 0.335185 0.51314
56 0.982552 0.711574 0.0348958 0.152778 0.53714
56 0.0744792 0.635648 0.05625 0.193519 0.560271
56 0.220313 0.534259 0.0447917 0.0777778 0.652676
56 0.695052 0.575 0.0369792 0.0574074 0.663585
56 0.13776 0.624537 0.0692708 0.193519 0.699351
56 0.969271 0.665278 0.0614583 0.156481 0.7549
56 0.36276 0.529167 0.0265625 0.0694444 0.756637
56 0.203125 0.725 0.0927083 0.303704 0.768181
0 0.614323 0.50463 0.134896 0.22037 0.768929
56 0.284635 0.8 0.116146 0.387037 0.82743
0 0.334635 0.708796 0.182812 0.569444 0.855381
62 0.295052 0.373148 0.227604 0.251852 0.865913
56 0.48099 0.843056 0.217187 0.297222 0.868308
0 0.700781 0.641667 0.233854 0.701852 0.881504
0 0.908854 0.451852 0.0729167 0.494444 0.901075
56 0.749479 0.790278 0.184375 0.410185 0.902943
0 0.464844 0.521759 0.139062 0.226852 0.932854
