56 0.917969 0.57963 0.0869792 0.146296 0.254976
56 0.0432292 0.547685 0.053125 0.0416667 0.370966
56 0.986458 0.609722 0.0270833 0.113889 0.391545
56 0.907292 0.786574 0.06875 0.208333 0.48627
56 0.0494792 0.566667 0.0666667 0.0851852 0.506115
56 0.927865 0.661574 0.144271 0.278704 0.652629
56 0.884635 0.617593 0.115104 0.240741 0.674138
56 0.267969 0.560185 0.0296875 0.0777778 0.703757
56 0.121094 0.563426 0.0463542 0.0787037 0.705987
60 0.436979 0.681481 0.330208 0.103704 0.711495
56 0.217187 0.819907 0.135417 0.352778 0.751512
56 0.0356771 0.65 0.0703125 0.187037 0.761429
0 0.534115 0.527778 0.0953125 0.214815 0.807113
56 0.116667 0.759259 0.114583 0.312963 0.827211
0 0.416667 0.550463 0.151042 0.34537 0.836183
62 0.198437 0.400463 0.238542 0.25463 0.846936
0 0.626302 0.665741 0.200521 0.651852 0.872448
0 0.242448 0.715278 0.189063 0.55463 0.877616
0 0.349479 0.543519 0.0833333 0.22963 0.887394
56 0.670313 0.798148 0.16875 0.398148 0.888842
56 0.415365 0.844907 0.190104 0.29537 0.898292
