27 0.345313 0.581481 0.0270833 0.087037 0.250631
56 0.146354 0.516667 0.0479167 0.037037 0.270511
56 0.151562 0.536574 0.0604167 0.0768519 0.345144
56 0.0239583 0.543981 0.046875 0.0324074 0.367721
56 0.0270833 0.694907 0.0541667 0.184259 0.433872
60 0.516667 0.656944 0.307292 0.110185 0.466435
56 0.0119792 0.583796 0.0239583 0.0527778 0.484798
56 0.0335938 0.784259 0.0661458 0.364815 0.524828
56 0.0744792 0.635185 0.05625 0.192593 0.54916
56 0.220313 0.534722 0.0447917 0.0768519 0.590548
56 0.138281 0.624537 0.0692708 0.191667 0.707039
56 0.692969 0.574074 0.0411458 0.0555556 0.754812
56 0.20599 0.725463 0.0880208 0.30463 0.773927
56 0.361719 0.528241 0.0296875 0.0675926 0.804163
56 0.284115 0.8 0.115104 0.387037 0.822358
0 0.613802 0.50787 0.134896 0.219444 0.850315
0 0.33776 0.708333 0.188021 0.57037 0.854125
62 0.295052 0.374074 0.227604 0.251852 0.860334
56 0.48151 0.843056 0.217187 0.297222 0.873442
0 0.701042 0.639815 0.233333 0.701852 0.88163
56 0.751302 0.790741 0.181771 0.409259 0.90059
0 0.464583 0.518519 0.138542 0.224074 0.936254
0 0.936458 0.505093 0.126042 0.832407 0.942881
