56 0.990104 0.758796 0.0197917 0.162037 0.267247
56 0.219792 0.512037 0.0427083 0.0351852 0.43665
56 0.146354 0.515278 0.0479167 0.0361111 0.438302
56 0.153125 0.533333 0.0625 0.0722222 0.441085
56 0.0138021 0.583796 0.0276042 0.0546296 0.501469
0 0.624219 0.510185 0.104687 0.222222 0.544775
56 0.982292 0.7125 0.0354167 0.15463 0.56191
56 0.219792 0.533796 0.0447917 0.0768519 0.582328
60 0.532812 0.658796 0.336458 0.113889 0.604353
56 0.139323 0.619907 0.0661458 0.187963 0.740157
56 0.96901 0.665741 0.0619792 0.159259 0.757071
56 0.0416667 0.795833 0.0833333 0.362037 0.757621
56 0.201042 0.725463 0.0979167 0.299074 0.77879
56 0.358333 0.535185 0.034375 0.0814815 0.79299
56 0.41849 0.590278 0.0244792 0.0712963 0.803265
56 0.288281 0.801852 0.125521 0.388889 0.843321
0 0.501302 0.525463 0.151562 0.349074 0.850007
0 0.328646 0.706481 0.185417 0.568519 0.855421
0 0.722396 0.647222 0.209375 0.685185 0.886374
62 0.295312 0.373148 0.228125 0.253704 0.898999
56 0.764844 0.7875 0.178646 0.415741 0.908065
56 0.499219 0.834722 0.194271 0.319444 0.914681
0 0.0820312 0.585648 0.164062 0.693519 0.921897
