56 0.0190104 0.658796 0.0380208 0.223148 0.259494
56 0.160677 0.519907 0.0453125 0.0305556 0.27092
56 0.596094 0.608333 0.115104 0.12037 0.288237
56 0.0890625 0.542593 0.0604167 0.0666667 0.381165
56 0.940885 0.756944 0.0598958 0.182407 0.438189
56 0.0835937 0.526389 0.0494792 0.0361111 0.444181
56 0.95026 0.693981 0.0942708 0.276852 0.482043
56 0.922656 0.547685 0.102604 0.134259 0.486089
56 0.245833 0.802778 0.129167 0.390741 0.572736
0 0.45026 0.538426 0.185937 0.408333 0.593283
56 0.607552 0.581481 0.0890625 0.0648148 0.62151
56 0.303646 0.544444 0.0291667 0.0814815 0.663329
56 0.160156 0.543981 0.0463542 0.0805556 0.697253
56 0.0773437 0.639352 0.0776042 0.202778 0.708433
56 0.935156 0.609259 0.128646 0.253704 0.728392
56 0.157031 0.740278 0.111979 0.310185 0.837051
0 0.273438 0.708333 0.185417 0.572222 0.851492
56 0.700521 0.787963 0.167708 0.412963 0.881924
62 0.235677 0.380556 0.235938 0.25 0.892291
56 0.456771 0.841667 0.194792 0.305556 0.896586
0 0.651042 0.64537 0.221875 0.696296 0.941313
