56 0.989844 0.759259 0.0203125 0.161111 0.255628
56 0.146354 0.516667 0.0479167 0.037037 0.262936
56 0.6375 0.663426 0.134375 0.543519 0.282263
27 0.34401 0.585185 0.0276042 0.087037 0.34028
56 0.0239583 0.544444 0.046875 0.0333333 0.354108
56 0.151823 0.537037 0.0609375 0.0777778 0.370153
56 0.0119792 0.584722 0.0239583 0.0527778 0.442367
56 0.0354167 0.799074 0.0708333 0.359259 0.459978
56 0.0747396 0.634259 0.0567708 0.190741 0.525694
56 0.0270833 0.692593 0.0541667 0.17963 0.537938
56 0.982552 0.7125 0.0348958 0.150926 0.56085
56 0.220052 0.534722 0.0442708 0.0768519 0.608779
56 0.695312 0.655556 0.0489583 0.222222 0.667431
0 0.632292 0.664352 0.128125 0.537963 0.685725
60 0.523177 0.653704 0.343229 0.114815 0.688508
56 0.13776 0.624074 0.0682292 0.192593 0.728251
56 0.96901 0.665278 0.0619792 0.156481 0.732586
0 0.501042 0.527778 0.15 0.348148 0.767953
56 0.204688 0.724074 0.0885417 0.301852 0.773549
56 0.360677 0.527778 0.0317708 0.0666667 0.78366
56 0.285677 0.800926 0.118229 0.387037 0.823635
0 0.336458 0.705093 0.1875 0.565741 0.86094
56 0.499479 0.834722 0.194792 0.319444 0.890727
62 0.295312 0.374537 0.228125 0.252778 0.891858
0 0.435677 0.515741 0.0807292 0.218519 0.905404
56 0.76224 0.788889 0.182812 0.412963 0.933552
