56 0.160156 0.519444 0.0453125 0.0314815 0.265405
56 0.01875 0.651389 0.0375 0.20463 0.273862
56 0.963281 0.770833 0.0723958 0.230556 0.298823
56 0.941667 0.757407 0.0625 0.183333 0.369607
56 0.0888021 0.54213 0.0588542 0.0675926 0.393323
56 0.0835937 0.525926 0.0494792 0.0351852 0.456436
56 0.94974 0.69537 0.0963542 0.272222 0.48761
56 0.922396 0.547222 0.103125 0.135185 0.494089
60 0.46276 0.684722 0.325521 0.0935185 0.56648
56 0.301042 0.546759 0.0354167 0.0861111 0.602683
56 0.247917 0.788889 0.136458 0.42037 0.684512
56 0.0770833 0.638426 0.0770833 0.199074 0.688918
56 0.160156 0.543519 0.0463542 0.0796296 0.700665
56 0.934635 0.609722 0.128646 0.250926 0.722562
0 0.449479 0.5375 0.18125 0.402778 0.826505
56 0.158594 0.738889 0.107813 0.311111 0.846678
0 0.584896 0.497685 0.113542 0.232407 0.850779
62 0.235938 0.381019 0.234375 0.252778 0.859278
0 0.375 0.527778 0.0895833 0.192593 0.878708
0 0.274479 0.706019 0.18125 0.578704 0.888711
56 0.701302 0.788889 0.166146 0.412963 0.894483
56 0.457292 0.841667 0.195833 0.305556 0.898831
0 0.648438 0.644907 0.227083 0.69537 0.919377
