56 0.0192708 0.660185 0.0385417 0.225926 0.310795
56 0.329948 0.559722 0.0442708 0.100926 0.407819
56 0.0898438 0.544444 0.0609375 0.0703704 0.411441
56 0.0838542 0.525926 0.05 0.0351852 0.413995
56 0.940885 0.756019 0.0609375 0.180556 0.439992
60 0.461979 0.687963 0.335417 0.0925926 0.483768
56 0.922396 0.546759 0.103125 0.134259 0.500207
56 0.949219 0.689352 0.0963542 0.282407 0.505673
56 0.301302 0.539352 0.0338542 0.0712963 0.671407
56 0.25 0.790278 0.139583 0.419444 0.672513
56 0.0773437 0.637037 0.0765625 0.198148 0.692818
56 0.159896 0.543519 0.046875 0.0796296 0.701652
0 0.588542 0.509259 0.121875 0.218519 0.711034
62 0.235417 0.38287 0.233333 0.252778 0.711514
56 0.934896 0.610648 0.128125 0.25463 0.716461
0 0.45 0.540278 0.185417 0.413889 0.767802
56 0.158854 0.738889 0.108333 0.311111 0.851723
0 0.273438 0.706019 0.182292 0.576852 0.884194
0 0.367969 0.512037 0.0786458 0.211111 0.885028
56 0.457292 0.841667 0.195833 0.307407 0.89599
56 0.70026 0.789352 0.168229 0.413889 0.900241
0 0.648698 0.644907 0.227604 0.693519 0.907104
