56 0.0239583 0.543519 0.046875 0.0333333 0.425395
56 0.0122396 0.583796 0.0244792 0.0527778 0.475061
56 0.0273438 0.692593 0.0546875 0.17963 0.483472
0 0.622656 0.504167 0.101562 0.225 0.526251
60 0.530208 0.656018 0.334375 0.113889 0.538697
56 0.982292 0.712037 0.0354167 0.151852 0.58162
56 0.0765625 0.64213 0.0572917 0.20463 0.61828
62 0.307292 0.375926 0.204167 0.257407 0.682065
56 0.0395833 0.8 0.0791667 0.368519 0.703171
56 0.142969 0.627778 0.0807292 0.198148 0.714694
0 0.501562 0.526389 0.152083 0.350926 0.742191
56 0.969271 0.665278 0.0614583 0.156481 0.745493
56 0.41849 0.590741 0.0244792 0.0722222 0.791807
0 0.334896 0.72037 0.179167 0.544444 0.851217
0 0.19401 0.548148 0.135937 0.668519 0.874206
0 0.720573 0.648611 0.211979 0.684259 0.875861
56 0.28724 0.802778 0.127604 0.392593 0.877763
56 0.763802 0.787963 0.179688 0.414815 0.908506
56 0.49974 0.834722 0.194271 0.319444 0.911909
