56 0.989844 0.758796 0.0203125 0.165741 0.250743
56 0.0239583 0.544444 0.046875 0.0314815 0.314359
56 0.194271 0.746296 0.0833333 0.272222 0.395589
56 0.0273438 0.694444 0.0546875 0.183333 0.423733
56 0.152604 0.536574 0.0614583 0.0768519 0.471706
56 0.0119792 0.584259 0.0239583 0.0537037 0.507618
56 0.210938 0.512037 0.0229167 0.0296296 0.568778
56 0.314583 0.855093 0.210417 0.278704 0.570465
56 0.0734375 0.636574 0.0541667 0.191667 0.571754
56 0.0380208 0.796759 0.0760417 0.369444 0.574155
56 0.982292 0.7125 0.0354167 0.152778 0.577048
56 0.13776 0.626389 0.0692708 0.19537 0.684629
0 0.755729 0.544907 0.113542 0.50463 0.726295
56 0.96875 0.664815 0.0625 0.157407 0.776996
0 0.4625 0.603241 0.136458 0.399074 0.798196
62 0.295052 0.374537 0.228646 0.252778 0.819405
56 0.353125 0.569907 0.05 0.149074 0.834183
0 0.581771 0.510648 0.0666667 0.208333 0.835381
56 0.589323 0.839352 0.203646 0.310185 0.858575
56 0.771354 0.780093 0.125 0.417593 0.865844
0 0.576042 0.663889 0.348958 0.653704 0.904951
0 0.310156 0.716667 0.223438 0.546296 0.908013
