56 0.146354 0.51713 0.0479167 0.037963 0.250667
60 0.511719 0.646759 0.313021 0.428704 0.265314
56 0.0239583 0.544444 0.046875 0.0333333 0.336696
56 0.152344 0.537037 0.0619792 0.0777778 0.385047
56 0.0270833 0.694444 0.0541667 0.183333 0.442885
56 0.0122396 0.584259 0.0244792 0.0537037 0.501749
56 0.0739583 0.636111 0.05625 0.192593 0.525186
56 0.0322917 0.781018 0.0635417 0.358333 0.525936
56 0.982552 0.711111 0.0348958 0.15 0.563588
56 0.220573 0.534722 0.0453125 0.0768519 0.638621
56 0.13776 0.624537 0.0692708 0.191667 0.744709
56 0.96901 0.666204 0.0619792 0.158333 0.749855
0 0.505729 0.539352 0.153125 0.39537 0.764005
56 0.203385 0.725926 0.0932292 0.305556 0.778916
56 0.360677 0.528241 0.0317708 0.0657407 0.800704
56 0.69375 0.574074 0.0395833 0.0555556 0.806704
56 0.285156 0.800463 0.117188 0.387963 0.825852
0 0.3375 0.707407 0.189583 0.566667 0.867633
56 0.498177 0.833796 0.197396 0.321296 0.881777
56 0.75026 0.790741 0.183854 0.409259 0.893585
62 0.295312 0.374537 0.228125 0.252778 0.896211
0 0.435677 0.51713 0.0817708 0.221296 0.909476
0 0.702865 0.64213 0.229687 0.702778 0.916275
0 0.629167 0.506019 0.103125 0.213889 0.92063
