56 0.989844 0.759722 0.0203125 0.162037 0.262424
60 0.51875 0.664352 0.307292 0.113889 0.361105
56 0.0239583 0.543981 0.046875 0.0324074 0.366672
56 0.152083 0.537037 0.0614583 0.0777778 0.382602
56 0.0273438 0.694444 0.0546875 0.183333 0.389733
56 0.0119792 0.584722 0.0239583 0.0527778 0.472744
56 0.0369792 0.793519 0.0739583 0.372222 0.566372
56 0.075 0.639815 0.0572917 0.201852 0.571409
56 0.982292 0.712963 0.0354167 0.153704 0.575083
56 0.220313 0.535185 0.0447917 0.0777778 0.597526
56 0.138542 0.624537 0.0697917 0.193519 0.707001
56 0.696094 0.571759 0.0307292 0.0509259 0.73489
56 0.96901 0.665278 0.0619792 0.156481 0.767527
56 0.359635 0.530556 0.0317708 0.0703704 0.775227
56 0.205469 0.725926 0.0880208 0.303704 0.783481
56 0.283854 0.800463 0.113542 0.387963 0.811846
0 0.505208 0.539352 0.151042 0.389815 0.819927
0 0.336458 0.706481 0.1875 0.57037 0.873258
56 0.498437 0.834722 0.197917 0.321296 0.889076
62 0.295312 0.374537 0.228125 0.252778 0.897085
56 0.75026 0.790278 0.182812 0.410185 0.90076
0 0.630208 0.498611 0.108333 0.221296 0.902554
0 0.436719 0.516204 0.0828125 0.223148 0.907253
0 0.701042 0.646759 0.226042 0.680556 0.908402
