0 0.38776 0.536111 0.101562 0.224074 0.279373
56 0.0893229 0.541204 0.0619792 0.0657407 0.35854
0 0.0151042 0.534722 0.0302083 0.30463 0.390147
56 0.940625 0.75787 0.0604167 0.184259 0.43206
56 0.0835937 0.525926 0.0494792 0.037037 0.444892
56 0.948958 0.683333 0.096875 0.3 0.500847
56 0.642708 0.573611 0.021875 0.0416667 0.536946
60 0.46875 0.664352 0.316667 0.110185 0.604844
0 0.388021 0.6875 0.101042 0.530556 0.611001
56 0.927344 0.601389 0.119271 0.241667 0.706881
56 0.0768229 0.638426 0.0786458 0.199074 0.717923
56 0.160156 0.543981 0.0473958 0.0787037 0.742432
56 0.295312 0.578241 0.053125 0.150926 0.804928
62 0.235417 0.380556 0.234375 0.25 0.805196
56 0.179167 0.736111 0.153125 0.32037 0.826018
56 0.502604 0.844907 0.2 0.293519 0.867798
56 0.704427 0.787963 0.160938 0.411111 0.878619
0 0.565365 0.511111 0.135937 0.231481 0.888019
56 0.313281 0.795833 0.170312 0.399074 0.895512
0 0.648177 0.646296 0.228646 0.692593 0.909206
