56 0.0304688 0.622685 0.0609375 0.102778 0.253372
56 0.0614583 0.527778 0.0458333 0.0314815 0.308459
56 0.845833 0.761111 0.06875 0.201852 0.363333
56 0.818229 0.543056 0.096875 0.130556 0.50073
56 0.0606771 0.551389 0.0463542 0.0787037 0.522209
56 0.93776 0.578241 0.0609375 0.125 0.647715
60 0.382031 0.6625 0.328646 0.113889 0.67783
56 0.829687 0.598611 0.120833 0.234259 0.695146
0 0.363021 0.536574 0.153125 0.349074 0.70308
56 0.864323 0.6375 0.135937 0.282407 0.716048
56 0.0526042 0.775463 0.0916667 0.280556 0.727848
56 0.209375 0.584722 0.04375 0.152778 0.78378
62 0.139323 0.386574 0.248437 0.260185 0.817805
0 0.480729 0.510185 0.0958333 0.218519 0.819903
56 0.139844 0.821759 0.135937 0.349074 0.837499
0 0.572396 0.657407 0.195833 0.664815 0.880241
0 0.163802 0.706481 0.220313 0.574074 0.885181
56 0.364583 0.838889 0.194792 0.311111 0.893287
0 0.295312 0.528704 0.084375 0.235185 0.89393
56 0.617448 0.786574 0.160938 0.415741 0.895604
