56 0.338021 0.639352 0.0572917 0.234259 0.268958
60 0.628646 0.657407 0.129167 0.103704 0.282602
56 0.152344 0.537037 0.0619792 0.0777778 0.407116
56 0.0273438 0.692593 0.0546875 0.17963 0.414425
56 0.0239583 0.543519 0.046875 0.0333333 0.416443
56 0.0119792 0.583796 0.0239583 0.0527778 0.485756
56 0.0335938 0.786111 0.0671875 0.37037 0.54737
56 0.982292 0.712963 0.0354167 0.155556 0.554509
56 0.0757812 0.643981 0.0578125 0.210185 0.559269
56 0.340625 0.571759 0.0739583 0.156481 0.563941
60 0.528646 0.661111 0.333333 0.112963 0.593957
56 0.220313 0.533333 0.0447917 0.0759259 0.644739
0 0.500521 0.528704 0.152083 0.35 0.706942
56 0.139844 0.623611 0.0723958 0.193519 0.718002
56 0.969271 0.665741 0.0614583 0.157407 0.762696
56 0.223438 0.721759 0.13125 0.310185 0.806478
0 0.621875 0.502778 0.101042 0.225926 0.842151
0 0.720573 0.651852 0.209896 0.677778 0.874586
0 0.434375 0.516204 0.0791667 0.230556 0.88369
56 0.501302 0.835185 0.191146 0.32037 0.892721
62 0.295052 0.374074 0.228646 0.251852 0.895556
56 0.764583 0.7875 0.179167 0.415741 0.900783
56 0.313542 0.793056 0.184375 0.40463 0.90611
