56 0.0166667 0.551852 0.0333333 0.0537037 0.269047
56 0.942969 0.596759 0.0265625 0.10463 0.352933
56 0.927604 0.577315 0.05 0.136111 0.36885
56 0.839844 0.548611 0.0973958 0.125 0.465835
56 0.863021 0.769444 0.065625 0.214815 0.521619
56 0.0192708 0.649537 0.0385417 0.171296 0.535665
56 0.229167 0.555093 0.0364583 0.0824074 0.657505
56 0.171094 0.795833 0.135937 0.40463 0.658961
56 0.884375 0.645833 0.134375 0.278704 0.663174
56 0.0833333 0.558796 0.046875 0.0805556 0.68413
60 0.402083 0.671296 0.335417 0.112963 0.699622
56 0.848698 0.610185 0.120312 0.248148 0.726251
62 0.159375 0.392593 0.24375 0.255556 0.806949
56 0.084375 0.75787 0.113542 0.319444 0.844616
0 0.20026 0.708333 0.185937 0.561111 0.85208
0 0.518229 0.683796 0.15625 0.521296 0.881172
0 0.970833 0.35787 0.0583333 0.575 0.893109
56 0.378125 0.844907 0.205208 0.293519 0.900738
56 0.641927 0.790741 0.165104 0.411111 0.928936
0 0.342187 0.538426 0.139583 0.230556 0.938672
