0 0.641406 0.679167 0.146354 0.587963 0.280525
56 0.146615 0.516667 0.0473958 0.037037 0.286331
0 0.284635 0.466204 0.0359375 0.0675926 0.319664
0 0.271094 0.525 0.0640625 0.185185 0.332506
56 0.0234375 0.543981 0.046875 0.0324074 0.376996
0 0.00885417 0.439352 0.0177083 0.106481 0.381458
56 0.152604 0.537037 0.0625 0.0777778 0.423434
56 0.220052 0.511574 0.0421875 0.0342593 0.43123
0 0.627604 0.506019 0.113542 0.226852 0.465697
56 0.0122396 0.583333 0.0244792 0.0537037 0.506481
56 0.220052 0.533333 0.0442708 0.0777778 0.535187
60 0.532292 0.659259 0.333333 0.111111 0.582036
56 0.075 0.636111 0.0572917 0.196296 0.582202
56 0.982292 0.711574 0.0354167 0.152778 0.588598
56 0.0375 0.794444 0.075 0.377778 0.645777
56 0.361719 0.536111 0.0276042 0.0814815 0.669139
56 0.138802 0.625 0.0713542 0.196296 0.71363
56 0.969271 0.665278 0.0614583 0.156481 0.744763
56 0.200521 0.726389 0.09375 0.302778 0.788349
56 0.418229 0.590741 0.0239583 0.0722222 0.79932
0 0.501562 0.527315 0.152083 0.352778 0.814938
0 0.333333 0.710648 0.176042 0.563889 0.847288
56 0.288542 0.801389 0.123958 0.389815 0.862581
0 0.721615 0.663889 0.210938 0.65 0.867906
56 0.763281 0.787963 0.181771 0.416667 0.90424
62 0.295312 0.372222 0.228125 0.251852 0.905928
56 0.499219 0.834722 0.194271 0.319444 0.912215
