56 0.0174479 0.657407 0.0348958 0.224074 0.418434
56 0.940104 0.756481 0.059375 0.17963 0.478221
56 0.948177 0.693519 0.0963542 0.266667 0.480782
56 0.642708 0.573148 0.021875 0.0407407 0.509499
56 0.309635 0.578704 0.0255208 0.15 0.645619
60 0.465885 0.6625 0.311979 0.108333 0.676873
56 0.928385 0.599537 0.120312 0.236111 0.729056
0 0.566146 0.510648 0.136458 0.232407 0.81805
0 0.388021 0.698148 0.102083 0.555556 0.818421
56 0.31849 0.813426 0.121354 0.356481 0.853211
0 0.0960938 0.494907 0.185937 0.989815 0.866147
56 0.503906 0.84537 0.201562 0.294444 0.868383
56 0.704427 0.787963 0.159896 0.411111 0.883326
0 0.228906 0.633333 0.159896 0.716667 0.901084
0 0.646875 0.646759 0.23125 0.693519 0.906281
