27 0.028125 0.521759 0.025 0.176852 0.280821
62 0.277344 0.379167 0.150521 0.247222 0.436925
56 0.940365 0.757407 0.0598958 0.183333 0.474169
56 0.948438 0.681944 0.0989583 0.297222 0.504716
56 0.643229 0.573148 0.021875 0.0407407 0.528686
56 0.134375 0.75 0.053125 0.231481 0.668693
60 0.465885 0.662963 0.314063 0.109259 0.674017
0 0.388802 0.692593 0.101562 0.538889 0.685809
56 0.927083 0.599537 0.11875 0.237963 0.711627
56 0.288281 0.578704 0.0661458 0.15 0.738161
0 0.566406 0.510648 0.135937 0.232407 0.850643
56 0.502344 0.844444 0.201562 0.294444 0.871709
56 0.70599 0.787963 0.157813 0.411111 0.889966
56 0.308594 0.796759 0.160938 0.39537 0.891732
0 0.647396 0.646759 0.229167 0.693519 0.90014
0 0.0658854 0.64213 0.131771 0.676852 0.916149
0 0.182292 0.558796 0.136458 0.869444 0.923063
