56 0.146354 0.516667 0.0479167 0.037037 0.257682
60 0.511979 0.65463 0.311458 0.214815 0.34024
56 0.152083 0.536574 0.0614583 0.0768519 0.377945
56 0.0239583 0.544444 0.046875 0.0333333 0.380918
56 0.0270833 0.694444 0.0541667 0.183333 0.417407
56 0.0119792 0.584259 0.0239583 0.0537037 0.499246
56 0.0338542 0.788426 0.0677083 0.371296 0.558258
56 0.982552 0.7125 0.0348958 0.152778 0.565715
56 0.0742188 0.634722 0.0557292 0.191667 0.572715
56 0.220573 0.534259 0.0453125 0.0777778 0.653878
0 0.502865 0.537963 0.154687 0.387037 0.719422
56 0.136979 0.626389 0.06875 0.197222 0.724086
56 0.96901 0.665741 0.0619792 0.157407 0.75029
56 0.204948 0.725463 0.0890625 0.30463 0.779979
56 0.360677 0.528241 0.0328125 0.0657407 0.792891
56 0.69375 0.573611 0.040625 0.0564815 0.806324
56 0.285937 0.800463 0.119792 0.389815 0.838154
0 0.3375 0.70787 0.1875 0.565741 0.867858
56 0.498437 0.833796 0.197917 0.321296 0.883782
62 0.295312 0.374074 0.228125 0.253704 0.890483
56 0.749479 0.790741 0.185417 0.409259 0.898107
0 0.435156 0.513426 0.0807292 0.213889 0.902254
0 0.702344 0.64213 0.231771 0.700926 0.912758
0 0.626823 0.505093 0.107813 0.215741 0.922342
