56 0.146615 0.516667 0.0484375 0.037037 0.263307
64 0.639583 0.638889 0.0333333 0.0333333 0.280712
56 0.151823 0.536574 0.0609375 0.0768519 0.360796
56 0.220052 0.513426 0.0421875 0.0361111 0.386042
56 0.0239583 0.543981 0.046875 0.0342593 0.411213
56 0.0119792 0.584259 0.0239583 0.0537037 0.491439
56 0.0270833 0.693519 0.0541667 0.181481 0.512077
56 0.0364583 0.797685 0.0729167 0.362037 0.527331
56 0.220052 0.534259 0.0442708 0.0777778 0.543562
56 0.0739583 0.635185 0.05625 0.192593 0.544948
60 0.529167 0.660648 0.332292 0.117593 0.554803
56 0.648438 0.574537 0.0979167 0.0657407 0.605044
56 0.957812 0.660185 0.046875 0.153704 0.618692
56 0.139583 0.624537 0.0739583 0.193519 0.746378
56 0.204948 0.724537 0.0859375 0.302778 0.793297
56 0.360677 0.528241 0.0317708 0.0675926 0.795225
0 0.501823 0.525 0.152604 0.353704 0.796766
56 0.285417 0.800926 0.11875 0.387037 0.830295
0 0.941927 0.56713 0.116146 0.771296 0.863147
0 0.333073 0.706944 0.181771 0.571296 0.865853
62 0.295312 0.374537 0.228125 0.252778 0.889677
56 0.498698 0.834259 0.195312 0.318519 0.900537
0 0.435417 0.519444 0.0802083 0.227778 0.91453
56 0.764844 0.787963 0.178646 0.412963 0.915666
0 0.716927 0.655093 0.218229 0.669444 0.927069
