56 0.989844 0.759259 0.0203125 0.161111 0.253027
60 0.5125 0.646759 0.279167 0.141667 0.282723
56 0.146354 0.516667 0.0479167 0.037037 0.283901
60 0.511979 0.65 0.310417 0.290741 0.285668
56 0.046875 0.658796 0.09375 0.202778 0.324701
56 0.151302 0.536111 0.0609375 0.0759259 0.329422
56 0.0239583 0.543981 0.046875 0.0324074 0.345554
56 0.0119792 0.584259 0.0239583 0.0537037 0.418327
56 0.0747396 0.635185 0.0567708 0.192593 0.506264
56 0.0361979 0.801852 0.0723958 0.353704 0.52207
56 0.0273438 0.693056 0.0546875 0.180556 0.557191
56 0.982552 0.712037 0.0348958 0.151852 0.565186
56 0.220313 0.534259 0.0447917 0.0777778 0.603355
0 0.504687 0.535185 0.154167 0.388889 0.704798
56 0.138542 0.622685 0.06875 0.189815 0.705061
56 0.969271 0.665278 0.0614583 0.158333 0.756347
56 0.204167 0.725463 0.090625 0.30463 0.780912
56 0.360677 0.528704 0.0307292 0.0666667 0.785725
56 0.69349 0.574074 0.0401042 0.0555556 0.799463
56 0.285156 0.800463 0.115104 0.387963 0.820977
0 0.338281 0.70787 0.189063 0.565741 0.864457
56 0.498437 0.833796 0.197917 0.321296 0.881453
62 0.295312 0.374537 0.228125 0.252778 0.894889
56 0.749479 0.791204 0.185417 0.410185 0.901347
0 0.435417 0.515278 0.08125 0.217593 0.905049
0 0.702865 0.641667 0.229687 0.701852 0.913855
0 0.627865 0.50463 0.105729 0.216667 0.92415
