56 0.152344 0.5375 0.0619792 0.0787037 0.390258
56 0.0239583 0.543519 0.046875 0.0333333 0.3962
56 0.220052 0.531944 0.0453125 0.0731481 0.43349
56 0.0119792 0.583796 0.0239583 0.0527778 0.487181
56 0.220313 0.510185 0.0427083 0.0314815 0.497617
56 0.0270833 0.693519 0.0541667 0.181481 0.497892
56 0.0739583 0.635185 0.05625 0.192593 0.522755
56 0.0369792 0.799074 0.0739583 0.364815 0.524029
56 0.982552 0.711574 0.0348958 0.152778 0.578256
60 0.526563 0.656482 0.344792 0.114815 0.699339
56 0.13776 0.624537 0.0692708 0.19537 0.707051
56 0.96901 0.665741 0.0619792 0.157407 0.758181
56 0.203646 0.725 0.0875 0.298148 0.766277
56 0.359115 0.533333 0.0338542 0.0777778 0.770732
0 0.502083 0.526852 0.152083 0.351852 0.78927
56 0.288281 0.802778 0.124479 0.385185 0.854641
62 0.295312 0.374074 0.229167 0.253704 0.875807
0 0.326823 0.706019 0.182812 0.573148 0.879891
0 0.644531 0.502778 0.142188 0.222222 0.894063
56 0.499479 0.834722 0.194792 0.319444 0.903321
56 0.763802 0.787963 0.181771 0.414815 0.905401
0 0.71901 0.647222 0.216146 0.685185 0.907384
0 0.435937 0.521296 0.0802083 0.224074 0.914948
