56 0.989844 0.758333 0.0203125 0.164815 0.253561
56 0.0242187 0.544444 0.0473958 0.0314815 0.314501
56 0.192448 0.739815 0.0848958 0.287037 0.418324
56 0.153125 0.537037 0.0625 0.0777778 0.448755
56 0.0273438 0.693519 0.0546875 0.181481 0.486078
56 0.0119792 0.584259 0.0239583 0.0537037 0.487093
56 0.314323 0.851852 0.209896 0.285185 0.526847
56 0.0742188 0.635648 0.0567708 0.193519 0.546837
56 0.211198 0.512037 0.0234375 0.0314815 0.547156
56 0.982552 0.712037 0.0348958 0.151852 0.564146
56 0.0367187 0.798611 0.0734375 0.365741 0.56657
56 0.136719 0.625 0.0661458 0.192593 0.694472
0 0.46276 0.606944 0.136979 0.408333 0.732498
56 0.96901 0.665741 0.0619792 0.157407 0.74697
0 0.759896 0.551389 0.113542 0.532407 0.788477
56 0.591667 0.840278 0.207292 0.312037 0.813856
56 0.353385 0.569907 0.0494792 0.149074 0.833236
62 0.295312 0.374074 0.228125 0.251852 0.834409
0 0.579167 0.504167 0.0760417 0.206481 0.856928
56 0.77526 0.781944 0.136979 0.417593 0.863901
0 0.56875 0.663426 0.332292 0.652778 0.903309
0 0.310156 0.71713 0.222396 0.547222 0.903431
