56 0.0171875 0.552778 0.034375 0.0555556 0.276334
56 0.926302 0.578241 0.0401042 0.136111 0.303983
56 0.839583 0.548611 0.0979167 0.125 0.437294
56 0.86276 0.768981 0.0651042 0.213889 0.527256
56 0.0195312 0.650926 0.0390625 0.175926 0.537363
56 0.882812 0.668981 0.126042 0.313889 0.608656
56 0.173177 0.799074 0.134896 0.4 0.653818
56 0.229167 0.553704 0.0364583 0.0796296 0.693159
60 0.402344 0.672222 0.335938 0.112963 0.707002
56 0.0830729 0.558796 0.0463542 0.0805556 0.709443
56 0.848958 0.609259 0.120833 0.246296 0.718159
62 0.159375 0.39213 0.24375 0.256481 0.791595
56 0.0848958 0.758333 0.114583 0.318519 0.84853
0 0.200781 0.709259 0.185937 0.562963 0.860304
0 0.517708 0.68287 0.155208 0.519444 0.880056
56 0.377865 0.84537 0.204688 0.294444 0.899772
0 0.946094 0.367593 0.106771 0.557407 0.916561
56 0.641927 0.790278 0.165104 0.410185 0.92598
0 0.341927 0.537037 0.139062 0.22963 0.941411
