56 0.0299479 0.612037 0.0598958 0.133333 0.291218
56 0.0617188 0.528241 0.0463542 0.0324074 0.293309
56 0.845573 0.761574 0.0682292 0.202778 0.353374
56 0.818229 0.542593 0.096875 0.12963 0.522087
56 0.0609375 0.551389 0.046875 0.0805556 0.550721
56 0.9375 0.578241 0.0604167 0.125 0.657947
60 0.382031 0.6625 0.328646 0.112037 0.681508
0 0.363021 0.536574 0.153125 0.350926 0.692678
56 0.829687 0.599074 0.120833 0.233333 0.695308
56 0.864583 0.637963 0.136458 0.281481 0.726149
56 0.0523437 0.776389 0.0911458 0.278704 0.730206
56 0.209375 0.585185 0.04375 0.153704 0.772682
0 0.48099 0.510185 0.0963542 0.218519 0.816655
62 0.139323 0.386111 0.248437 0.259259 0.82134
56 0.139583 0.821759 0.135417 0.349074 0.842288
0 0.572396 0.657407 0.195833 0.664815 0.878143
56 0.617969 0.786574 0.159896 0.415741 0.890396
0 0.295052 0.528704 0.0838542 0.235185 0.893864
56 0.364583 0.838889 0.19375 0.311111 0.89429
0 0.16276 0.708796 0.220313 0.571296 0.897135
