56 0.146354 0.516667 0.0479167 0.037037 0.291901
56 0.0239583 0.543981 0.046875 0.0324074 0.37025
56 0.152083 0.536574 0.0614583 0.0768519 0.374944
56 0.220052 0.513426 0.0432292 0.0361111 0.39015
56 0.0119792 0.584259 0.0239583 0.0537037 0.504559
56 0.0315104 0.771759 0.0619792 0.339815 0.524932
56 0.982552 0.712037 0.0348958 0.153704 0.551344
56 0.0747396 0.636111 0.0578125 0.194444 0.557827
56 0.219792 0.534259 0.0447917 0.0777778 0.565992
56 0.139583 0.624074 0.071875 0.192593 0.718191
56 0.360156 0.528241 0.0317708 0.0675926 0.751458
56 0.694271 0.574537 0.0385417 0.0564815 0.761179
56 0.96875 0.666204 0.0625 0.160185 0.768161
56 0.200781 0.725463 0.0963542 0.30463 0.783357
56 0.285677 0.800463 0.119271 0.387963 0.816768
0 0.511979 0.650926 0.197917 0.561111 0.836641
0 0.328385 0.706944 0.171354 0.563889 0.843032
62 0.295052 0.374537 0.228646 0.252778 0.873598
0 0.427344 0.511574 0.0651042 0.208333 0.876857
0 0.717188 0.637037 0.20625 0.698148 0.887249
56 0.482552 0.842593 0.223438 0.3 0.891451
56 0.748958 0.790741 0.185417 0.411111 0.902392
0 0.633333 0.502315 0.0958333 0.219444 0.903006
