56 0.984375 0.825 0.03125 0.342593 0.266964
0 0.389323 0.534259 0.103646 0.22037 0.292344
56 0.0898438 0.54213 0.0630208 0.0675926 0.346752
56 0.0838542 0.526389 0.05 0.0361111 0.394729
56 0.0195312 0.656018 0.0390625 0.213889 0.396405
56 0.940365 0.756944 0.0598958 0.182407 0.424184
56 0.948698 0.688889 0.0973958 0.283333 0.502615
56 0.642969 0.573148 0.0213542 0.0407407 0.552074
0 0.389583 0.685185 0.103125 0.525926 0.571039
60 0.465104 0.663426 0.316667 0.106481 0.615351
56 0.078125 0.638889 0.08125 0.201852 0.717088
56 0.927604 0.601389 0.119792 0.241667 0.718942
56 0.160677 0.543519 0.0484375 0.0777778 0.727319
56 0.294271 0.578241 0.0541667 0.150926 0.78038
62 0.235677 0.381481 0.233854 0.248148 0.827791
56 0.179427 0.736111 0.150521 0.32037 0.829724
56 0.502604 0.844444 0.198958 0.294444 0.872707
56 0.705208 0.785648 0.158333 0.406481 0.882329
0 0.566406 0.510648 0.135937 0.230556 0.891653
56 0.315104 0.795833 0.175 0.399074 0.902827
0 0.648177 0.645833 0.228646 0.691667 0.908585
