56 0.146615 0.516667 0.0484375 0.037037 0.281106
56 0.151562 0.535648 0.0604167 0.075 0.344059
56 0.0276042 0.689815 0.0552083 0.177778 0.36281
56 0.0239583 0.544444 0.046875 0.0333333 0.372485
56 0.0119792 0.584259 0.0239583 0.0537037 0.469268
56 0.0317708 0.773148 0.0625 0.346296 0.511871
27 0.343229 0.58287 0.0270833 0.0842593 0.518251
56 0.0744792 0.636111 0.05625 0.194444 0.525262
56 0.982552 0.7125 0.0348958 0.15463 0.55321
56 0.220052 0.534259 0.0453125 0.0777778 0.553667
56 0.691146 0.570833 0.0354167 0.0509259 0.620183
60 0.525 0.656018 0.336458 0.117593 0.688825
56 0.138281 0.624537 0.0703125 0.193519 0.739057
56 0.96849 0.665278 0.0630208 0.158333 0.776396
0 0.502083 0.525926 0.15 0.35 0.776883
56 0.360677 0.527778 0.0307292 0.0666667 0.791149
56 0.203385 0.725463 0.0911458 0.306481 0.794321
56 0.286198 0.801852 0.123438 0.388889 0.851037
0 0.716406 0.635648 0.209896 0.693519 0.858414
0 0.335677 0.705556 0.185937 0.57037 0.875729
62 0.295312 0.374074 0.228125 0.253704 0.88798
56 0.49974 0.835185 0.195312 0.318519 0.897377
0 0.625521 0.50463 0.108333 0.218519 0.907898
0 0.435937 0.519907 0.0822917 0.225 0.911406
56 0.764583 0.787037 0.179167 0.412963 0.919366
