56 0.0815104 0.576852 0.0682292 0.127778 0.287853
56 0.26901 0.693981 0.0796875 0.258333 0.381344
56 0.0833333 0.525463 0.0489583 0.0361111 0.409309
56 0.0192708 0.652778 0.0385417 0.209259 0.427798
0 0.366667 0.672685 0.101042 0.499074 0.448456
56 0.940365 0.75463 0.0609375 0.175926 0.473746
56 0.0901042 0.547222 0.0635417 0.0777778 0.474002
0 0.371875 0.533333 0.0885417 0.216667 0.49137
56 0.949219 0.690741 0.0953125 0.283333 0.492381
56 0.64349 0.571759 0.0223958 0.0398148 0.686054
56 0.160417 0.543981 0.0479167 0.0787037 0.706291
56 0.198958 0.674537 0.0854167 0.199074 0.707287
56 0.928646 0.599074 0.120833 0.235185 0.719091
56 0.277865 0.581019 0.0869792 0.15463 0.721938
56 0.0705729 0.638426 0.0651042 0.202778 0.728637
0 0.479167 0.694907 0.217708 0.587963 0.767973
56 0.518229 0.83287 0.192708 0.325 0.885831
56 0.704948 0.788426 0.158854 0.413889 0.888471
62 0.235156 0.379167 0.234896 0.249074 0.899478
56 0.201823 0.805093 0.203646 0.382407 0.916195
0 0.58099 0.503704 0.106771 0.216667 0.917889
0 0.665885 0.646296 0.195312 0.692593 0.918988
