56 0.146354 0.516667 0.0479167 0.037037 0.254438
65 0.69375 0.650463 0.0135417 0.0342593 0.305413
56 0.0460938 0.656482 0.0921875 0.2 0.317032
56 0.0239583 0.543981 0.046875 0.0324074 0.350851
56 0.152083 0.537037 0.0614583 0.0777778 0.382012
56 0.0119792 0.584259 0.0239583 0.0537037 0.450215
56 0.0742188 0.634259 0.0567708 0.190741 0.488823
56 0.0270833 0.693519 0.0541667 0.181481 0.529322
56 0.0372396 0.800463 0.0744792 0.358333 0.534741
56 0.981771 0.7125 0.0354167 0.152778 0.566173
56 0.220313 0.534259 0.0447917 0.0777778 0.637285
56 0.138542 0.625 0.0708333 0.194444 0.721256
56 0.969531 0.666204 0.0609375 0.156481 0.728746
0 0.754427 0.581481 0.129688 0.564815 0.753184
56 0.203385 0.725463 0.0911458 0.302778 0.784291
56 0.360156 0.529167 0.0317708 0.0694444 0.797338
56 0.284635 0.800463 0.116146 0.386111 0.823726
62 0.295312 0.374537 0.228125 0.252778 0.843147
0 0.335417 0.706944 0.186458 0.565741 0.846736
56 0.482031 0.843518 0.219271 0.294444 0.876754
56 0.77474 0.790741 0.135937 0.409259 0.895701
0 0.464583 0.522685 0.138542 0.228704 0.9085
0 0.614583 0.523148 0.2625 0.933333 0.934403
