56 0.989844 0.758796 0.0203125 0.163889 0.258395
56 0.207292 0.512037 0.0166667 0.0333333 0.300187
56 0.0242187 0.544444 0.0473958 0.0314815 0.337525
56 0.0270833 0.693981 0.0541667 0.182407 0.43355
56 0.190365 0.739352 0.0838542 0.286111 0.433912
56 0.153125 0.537037 0.0625 0.0777778 0.476442
56 0.0119792 0.584259 0.0239583 0.0537037 0.51672
56 0.314063 0.853704 0.209375 0.281481 0.537668
56 0.982552 0.712037 0.0348958 0.151852 0.552426
56 0.0742188 0.636574 0.0567708 0.19537 0.566105
56 0.0369792 0.795833 0.0739583 0.369444 0.569554
0 0.75599 0.599074 0.123438 0.625926 0.6383
56 0.138021 0.625926 0.06875 0.194444 0.703029
56 0.592188 0.842593 0.215625 0.307407 0.713871
0 0.4625 0.602778 0.1375 0.4 0.720739
56 0.96901 0.666204 0.0619792 0.158333 0.761315
62 0.295052 0.374537 0.227604 0.252778 0.814036
56 0.353385 0.569444 0.0494792 0.148148 0.819075
0 0.582031 0.510648 0.0682292 0.210185 0.853531
56 0.769271 0.783333 0.157292 0.422222 0.878518
0 0.310417 0.71713 0.223958 0.543519 0.904512
0 0.56276 0.663889 0.319271 0.653704 0.915204
