0 0.636979 0.674074 0.138542 0.581481 0.250491
56 0.146615 0.516667 0.0484375 0.037037 0.279956
56 0.152344 0.535648 0.0609375 0.0768519 0.38562
56 0.0239583 0.543519 0.046875 0.0333333 0.413343
56 0.220052 0.532407 0.0453125 0.0759259 0.451736
56 0.0335938 0.797685 0.0671875 0.358333 0.463972
56 0.220313 0.510185 0.0427083 0.0314815 0.472269
0 0.623698 0.509722 0.104687 0.228704 0.482358
56 0.0119792 0.583796 0.0239583 0.0527778 0.496737
56 0.0286458 0.704167 0.05625 0.206481 0.53386
56 0.982552 0.712963 0.0348958 0.153704 0.566032
56 0.075 0.635648 0.0572917 0.193519 0.576824
60 0.529948 0.661574 0.336979 0.113889 0.587574
56 0.138021 0.625 0.0697917 0.196296 0.742994
56 0.969271 0.665741 0.0614583 0.159259 0.75838
56 0.202604 0.725926 0.0895833 0.3 0.777331
56 0.358594 0.530556 0.0338542 0.0722222 0.77938
0 0.501302 0.527315 0.151562 0.352778 0.824458
56 0.288281 0.802778 0.125521 0.387037 0.850017
0 0.329427 0.703241 0.184896 0.567593 0.852493
0 0.721875 0.646759 0.209375 0.682407 0.857492
62 0.295573 0.373611 0.228646 0.252778 0.861419
0 0.425 0.519444 0.102083 0.183333 0.892137
56 0.765104 0.7875 0.179167 0.415741 0.904349
56 0.499219 0.834722 0.194271 0.319444 0.907184
