56 0.146354 0.516667 0.0479167 0.037037 0.254877
56 0.636979 0.664815 0.134375 0.544444 0.281523
56 0.0440104 0.65787 0.0880208 0.199074 0.338866
56 0.0239583 0.544444 0.046875 0.0333333 0.360282
27 0.342969 0.584259 0.0286458 0.0888889 0.360545
56 0.151562 0.537037 0.0604167 0.0777778 0.385544
56 0.0348958 0.8 0.0697917 0.357407 0.460682
56 0.0119792 0.584259 0.0239583 0.0537037 0.478055
56 0.0742188 0.633796 0.0557292 0.189815 0.527892
56 0.0270833 0.693056 0.0541667 0.180556 0.56427
56 0.982292 0.712037 0.0354167 0.151852 0.566449
56 0.220313 0.534722 0.0447917 0.0768519 0.60716
60 0.522396 0.65463 0.34375 0.111111 0.663302
56 0.695052 0.656482 0.0494792 0.224074 0.682151
0 0.632031 0.665278 0.128646 0.539815 0.71553
56 0.96901 0.665278 0.0619792 0.156481 0.729131
56 0.138542 0.625 0.0708333 0.194444 0.744605
0 0.501042 0.525463 0.15 0.34537 0.768558
56 0.205208 0.725 0.0875 0.303704 0.785084
56 0.359635 0.528241 0.0328125 0.0675926 0.796237
56 0.285417 0.800926 0.119792 0.387037 0.831762
0 0.336719 0.705093 0.186979 0.565741 0.856148
62 0.295312 0.375 0.228125 0.253704 0.881114
56 0.499479 0.835185 0.194792 0.318519 0.889065
0 0.435937 0.515741 0.08125 0.218519 0.905838
56 0.7625 0.788889 0.182292 0.412963 0.933708
