27 0.226302 0.602315 0.0348958 0.0990741 0.252869
56 0.701823 0.693056 0.0411458 0.191667 0.260628
56 0.0216146 0.570833 0.0432292 0.075 0.267357
56 0.871615 0.781018 0.0651042 0.20463 0.328627
56 0.874479 0.579167 0.10625 0.149074 0.333681
56 0.0164062 0.547222 0.0328125 0.0333333 0.418355
0 0.511198 0.700463 0.117188 0.582407 0.425183
56 0.967188 0.597685 0.059375 0.125 0.483927
0 0.508854 0.526389 0.103125 0.217593 0.618968
56 0.0898438 0.563889 0.0463542 0.0814815 0.626005
56 0.021875 0.651852 0.0427083 0.188889 0.638365
56 0.891927 0.653241 0.143229 0.275 0.661205
56 0.186458 0.819907 0.135417 0.352778 0.676555
60 0.40625 0.681019 0.328125 0.106481 0.678147
56 0.85026 0.614815 0.111979 0.235185 0.696334
56 0.238542 0.560648 0.03125 0.0768519 0.698017
0 0.61276 0.652315 0.161979 0.639815 0.723909
0 0.38724 0.549537 0.151562 0.339815 0.812796
56 0.0880208 0.765278 0.115625 0.321296 0.819851
62 0.166927 0.4 0.243229 0.255556 0.864903
0 0.214323 0.715741 0.183854 0.551852 0.875672
56 0.64401 0.795833 0.158854 0.399074 0.885293
56 0.3875 0.844444 0.191667 0.296296 0.894826
0 0.319531 0.541204 0.0838542 0.230556 0.900207
