56 0.63776 0.667593 0.132812 0.546296 0.279604
62 0.635938 0.333796 0.291667 0.280556 0.291612
56 0.150781 0.531482 0.0588542 0.0685185 0.309119
56 0.146354 0.516667 0.0479167 0.037037 0.324568
56 0.0236979 0.543981 0.0473958 0.0342593 0.385418
56 0.220052 0.512037 0.0432292 0.0333333 0.409448
56 0.0119792 0.583796 0.0239583 0.0527778 0.478669
56 0.0341146 0.798148 0.0682292 0.359259 0.506328
56 0.220052 0.534259 0.0453125 0.0777778 0.514092
56 0.0270833 0.693981 0.0541667 0.182407 0.550389
27 0.342448 0.582407 0.0296875 0.087037 0.553697
56 0.075 0.635648 0.0583333 0.193519 0.562977
0 0.982552 0.443981 0.0348958 0.887963 0.578298
56 0.959115 0.668981 0.0453125 0.163889 0.601915
56 0.696094 0.655556 0.0484375 0.222222 0.617112
60 0.521875 0.654167 0.34375 0.113889 0.637357
0 0.501042 0.527315 0.15 0.349074 0.708292
0 0.633333 0.668519 0.129167 0.544444 0.729827
56 0.139062 0.623611 0.0708333 0.191667 0.734733
56 0.203125 0.722685 0.0916667 0.297222 0.769046
56 0.359896 0.528241 0.0322917 0.0675926 0.807138
56 0.286719 0.800926 0.121354 0.388889 0.834219
0 0.335938 0.705093 0.186458 0.569444 0.871367
62 0.295052 0.374074 0.227604 0.253704 0.883788
56 0.498958 0.834722 0.194792 0.319444 0.885916
0 0.435937 0.518981 0.08125 0.225 0.911847
56 0.76224 0.788426 0.182812 0.412037 0.931713
