27 0.346094 0.585648 0.0244792 0.0842593 0.264276
56 0.146615 0.516667 0.0484375 0.037037 0.274467
56 0.0239583 0.543981 0.046875 0.0324074 0.347256
56 0.151562 0.536111 0.0604167 0.0759259 0.347625
56 0.220833 0.513426 0.04375 0.0361111 0.379205
56 0.0270833 0.693981 0.0541667 0.182407 0.410576
60 0.516927 0.656944 0.306771 0.112037 0.418811
56 0.0119792 0.583796 0.0239583 0.0527778 0.461489
56 0.982292 0.711111 0.0354167 0.153704 0.524142
56 0.0742188 0.635185 0.0557292 0.192593 0.542944
56 0.220573 0.534259 0.0453125 0.0777778 0.556267
56 0.0359375 0.793981 0.071875 0.371296 0.556469
56 0.694792 0.574074 0.0375 0.0555556 0.714704
56 0.138802 0.624537 0.0713542 0.193519 0.724146
56 0.969531 0.666667 0.0609375 0.159259 0.772458
56 0.202865 0.726389 0.0932292 0.30463 0.777501
56 0.36224 0.528241 0.0276042 0.0675926 0.784366
56 0.283333 0.799537 0.113542 0.386111 0.811159
0 0.335417 0.708796 0.182292 0.569444 0.8537
62 0.295052 0.373611 0.227604 0.252778 0.862298
56 0.482292 0.842593 0.217708 0.296296 0.874832
0 0.614323 0.50463 0.134896 0.222222 0.875047
0 0.702083 0.64213 0.23125 0.700926 0.897831
0 0.904427 0.457407 0.0734375 0.503704 0.905854
56 0.753646 0.790278 0.177083 0.410185 0.907045
0 0.464323 0.522222 0.139062 0.227778 0.9336
