60 0.464063 0.678241 0.321875 0.113889 0.277104
56 0.244271 0.901389 0.147917 0.19537 0.322866
56 0.0888021 0.542593 0.0619792 0.0703704 0.324694
56 0.14974 0.521296 0.0234375 0.0296296 0.411837
56 0.940104 0.75787 0.0604167 0.184259 0.440859
56 0.0833333 0.525926 0.05 0.0351852 0.464513
56 0.948958 0.684259 0.096875 0.298148 0.496087
62 0.235156 0.382407 0.232812 0.251852 0.564834
56 0.642448 0.574074 0.0223958 0.0407407 0.570842
56 0.0778646 0.639352 0.0796875 0.202778 0.676493
56 0.927865 0.598611 0.120312 0.236111 0.707791
56 0.152344 0.746296 0.101562 0.292593 0.770426
0 0.358333 0.526852 0.0447917 0.211111 0.818403
0 0.461458 0.543519 0.184375 0.85 0.877353
56 0.703385 0.788426 0.161979 0.412037 0.883126
0 0.261979 0.715278 0.228125 0.563889 0.890253
56 0.492448 0.84537 0.205729 0.296296 0.894233
0 0.585938 0.505093 0.0958333 0.221296 0.894308
0 0.655469 0.645833 0.215104 0.69537 0.924952
