56 0.0151042 0.547685 0.0302083 0.0435185 0.286971
56 0.928125 0.576852 0.0489583 0.135185 0.31066
56 0.942708 0.596296 0.0270833 0.105556 0.344435
56 0.839844 0.548148 0.0973958 0.125926 0.444815
56 0.0197917 0.650463 0.0395833 0.175 0.486462
56 0.863021 0.768981 0.065625 0.213889 0.49122
56 0.172396 0.798611 0.132292 0.400926 0.594589
56 0.229167 0.553241 0.0364583 0.0787037 0.630408
56 0.884375 0.646296 0.134375 0.27963 0.672175
60 0.402083 0.671759 0.335417 0.112037 0.717516
62 0.159635 0.393056 0.244271 0.25463 0.718299
56 0.848958 0.608333 0.120833 0.244444 0.720643
56 0.0830729 0.558796 0.0463542 0.0805556 0.721159
56 0.0841146 0.758796 0.115104 0.317593 0.84152
0 0.201562 0.709259 0.184375 0.562963 0.861696
0 0.518229 0.683333 0.15625 0.522222 0.88633
0 0.970833 0.359259 0.0583333 0.572222 0.888235
56 0.377865 0.844907 0.204688 0.293519 0.897447
56 0.642187 0.791204 0.165625 0.412037 0.931155
0 0.342448 0.5375 0.139062 0.230556 0.938066
