56 0.146615 0.516667 0.0484375 0.037037 0.264086
0 0.515365 0.635648 0.272396 0.541667 0.271271
27 0.344271 0.584722 0.0260417 0.0842593 0.279739
56 0.989844 0.759259 0.0203125 0.164815 0.289423
56 0.151302 0.5375 0.0609375 0.0787037 0.36017
56 0.0239583 0.543519 0.046875 0.0333333 0.377801
56 0.0270833 0.69537 0.0541667 0.185185 0.464722
56 0.0119792 0.583796 0.0239583 0.0527778 0.523197
56 0.0328125 0.780556 0.0645833 0.359259 0.538305
0 0.496875 0.511111 0.198958 0.390741 0.559999
56 0.982552 0.712963 0.0348958 0.153704 0.572188
56 0.0744792 0.633796 0.05625 0.189815 0.582875
56 0.220052 0.535185 0.0442708 0.0777778 0.619224
56 0.136719 0.626389 0.0682292 0.197222 0.71817
56 0.360938 0.527315 0.03125 0.0638889 0.769106
0 0.43099 0.475463 0.0567708 0.134259 0.781309
56 0.204167 0.725463 0.0885417 0.30463 0.781634
56 0.96875 0.665741 0.0625 0.157407 0.791909
56 0.694271 0.574074 0.0385417 0.0555556 0.805391
56 0.286719 0.801389 0.122396 0.387963 0.843773
0 0.325 0.703704 0.163542 0.564815 0.854479
56 0.50026 0.835185 0.194271 0.318519 0.877013
0 0.710156 0.640741 0.219271 0.696296 0.894079
62 0.295312 0.374074 0.228125 0.253704 0.901466
0 0.626823 0.503241 0.107813 0.219444 0.91233
56 0.747396 0.791667 0.188542 0.411111 0.91235
