56 0.989844 0.760185 0.0203125 0.161111 0.262068
56 0.0239583 0.544444 0.046875 0.0314815 0.358619
56 0.195833 0.738426 0.078125 0.289815 0.401163
56 0.153385 0.537037 0.0630208 0.0777778 0.438537
56 0.0270833 0.694444 0.0541667 0.183333 0.474663
56 0.0119792 0.584722 0.0239583 0.0527778 0.494321
56 0.0369792 0.797222 0.0739583 0.362963 0.531288
56 0.210938 0.511574 0.0229167 0.0305556 0.550391
56 0.314844 0.853704 0.210938 0.27963 0.55488
56 0.0739583 0.637037 0.0541667 0.192593 0.57764
56 0.982031 0.712963 0.0348958 0.151852 0.586986
56 0.1375 0.626389 0.0697917 0.19537 0.666373
0 0.754948 0.546296 0.114063 0.512963 0.745584
56 0.96901 0.665278 0.0619792 0.156481 0.749676
0 0.463021 0.603241 0.136458 0.397222 0.779525
62 0.295312 0.374537 0.228125 0.252778 0.80302
56 0.353125 0.569907 0.05 0.149074 0.837991
56 0.589323 0.839352 0.204688 0.310185 0.854812
0 0.583594 0.509722 0.0661458 0.210185 0.873825
56 0.771354 0.780093 0.123958 0.417593 0.881612
0 0.310417 0.71713 0.222917 0.547222 0.901938
0 0.576563 0.664352 0.35 0.65463 0.90525
