56 0.0239583 0.543981 0.046875 0.0324074 0.360978
56 0.152083 0.537963 0.0614583 0.0796296 0.391438
56 0.0119792 0.584259 0.0239583 0.0537037 0.447194
60 0.516927 0.656018 0.306771 0.113889 0.468393
56 0.0299479 0.743056 0.0588542 0.280556 0.515159
56 0.982292 0.711574 0.034375 0.150926 0.529236
56 0.0744792 0.636111 0.05625 0.194444 0.545172
56 0.220313 0.534259 0.0447917 0.0777778 0.634921
56 0.138281 0.624537 0.0703125 0.193519 0.696729
56 0.695052 0.574537 0.0369792 0.0564815 0.702532
56 0.36276 0.528704 0.0265625 0.0685185 0.755993
56 0.96849 0.665278 0.0630208 0.158333 0.760166
56 0.203646 0.725 0.090625 0.303704 0.76454
56 0.284375 0.8 0.116667 0.387037 0.828809
0 0.334635 0.708796 0.182812 0.569444 0.856843
62 0.295052 0.373148 0.227604 0.251852 0.859666
56 0.480729 0.843056 0.216667 0.297222 0.866737
0 0.614323 0.504167 0.134896 0.221296 0.881101
0 0.697135 0.642593 0.242188 0.701852 0.881497
0 0.913021 0.447222 0.0729167 0.487037 0.897649
56 0.751302 0.790278 0.180729 0.410185 0.902384
0 0.464583 0.522222 0.138542 0.225926 0.933481
