56 0.146354 0.516667 0.0479167 0.037037 0.281138
56 0.152083 0.536111 0.0614583 0.0759259 0.367511
56 0.0234375 0.543519 0.046875 0.0333333 0.409442
56 0.219792 0.510648 0.0427083 0.0324074 0.438725
56 0.0348958 0.795833 0.0697917 0.360185 0.439136
56 0.0119792 0.583796 0.0239583 0.0527778 0.488222
56 0.219792 0.533796 0.0447917 0.0768519 0.500842
56 0.0286458 0.712037 0.05625 0.22037 0.516107
56 0.0742188 0.635648 0.0578125 0.193519 0.541833
56 0.982292 0.713889 0.0354167 0.155556 0.567559
60 0.531771 0.662037 0.338542 0.114815 0.58357
0 0.623698 0.506944 0.103646 0.223148 0.705069
56 0.139062 0.622685 0.0708333 0.191667 0.719625
56 0.358594 0.534722 0.0348958 0.0805556 0.755643
56 0.96901 0.665278 0.0619792 0.156481 0.762199
56 0.205208 0.727315 0.0875 0.302778 0.777126
0 0.501302 0.525926 0.150521 0.351852 0.827675
56 0.288542 0.802778 0.125 0.387037 0.848694
0 0.329167 0.705093 0.185417 0.571296 0.853003
0 0.721615 0.647685 0.209896 0.684259 0.89133
0 0.436719 0.514352 0.0817708 0.213889 0.894722
62 0.295573 0.374074 0.228646 0.253704 0.901881
56 0.764323 0.7875 0.179688 0.415741 0.910002
56 0.499479 0.834722 0.194792 0.319444 0.911941
