56 0.146615 0.516667 0.0473958 0.037037 0.296716
56 0.151302 0.533333 0.0598958 0.0722222 0.316531
56 0.0236979 0.543981 0.0463542 0.0324074 0.370638
56 0.0119792 0.584259 0.0239583 0.0537037 0.44126
60 0.515885 0.656018 0.305729 0.112037 0.447225
56 0.0270833 0.693519 0.0541667 0.181481 0.487243
56 0.982552 0.711111 0.0348958 0.151852 0.513398
56 0.0736979 0.634259 0.0557292 0.188889 0.514347
56 0.0356771 0.797685 0.0713542 0.362037 0.527769
56 0.220313 0.534259 0.0447917 0.0777778 0.598074
56 0.139062 0.623611 0.071875 0.189815 0.733837
56 0.96875 0.666204 0.0625 0.160185 0.743817
56 0.363021 0.529167 0.0260417 0.0694444 0.759047
56 0.694792 0.573611 0.0375 0.0546296 0.763231
56 0.204948 0.725463 0.0890625 0.302778 0.771222
56 0.283854 0.800926 0.115625 0.385185 0.817782
0 0.614062 0.505556 0.136458 0.22037 0.824424
0 0.334115 0.70787 0.181771 0.567593 0.848143
62 0.295052 0.373148 0.227604 0.251852 0.865605
56 0.48151 0.843056 0.216146 0.297222 0.871717
0 0.7 0.641204 0.239583 0.70463 0.878111
0 0.916146 0.444444 0.0739583 0.477778 0.882992
56 0.752604 0.790741 0.179167 0.409259 0.903612
0 0.464844 0.520833 0.139062 0.226852 0.933387
