56 0.146354 0.516667 0.0479167 0.037037 0.250958
56 0.0242187 0.544444 0.0473958 0.0333333 0.388386
56 0.152344 0.5375 0.0619792 0.0787037 0.406426
56 0.0351562 0.797685 0.0703125 0.362037 0.446169
56 0.0122396 0.584259 0.0244792 0.0537037 0.458965
56 0.0283854 0.706481 0.0557292 0.209259 0.516753
56 0.982292 0.712037 0.0354167 0.153704 0.559839
56 0.0747396 0.639352 0.0557292 0.199074 0.56399
56 0.220313 0.534722 0.0447917 0.0768519 0.678206
56 0.69349 0.575 0.0401042 0.0574074 0.711683
0 0.653125 0.5375 0.05625 0.143519 0.715215
56 0.969271 0.665278 0.0614583 0.15463 0.725267
56 0.13776 0.624537 0.0682292 0.193519 0.726095
56 0.204167 0.725463 0.0916667 0.30463 0.783514
56 0.360677 0.528241 0.0307292 0.0675926 0.794347
56 0.283073 0.799074 0.111979 0.387037 0.803928
0 0.339323 0.708333 0.189063 0.568519 0.862482
0 0.432552 0.513889 0.0755208 0.214815 0.86626
62 0.295312 0.375 0.229167 0.253704 0.881789
0 0.720312 0.644444 0.195833 0.688889 0.896835
56 0.48125 0.84213 0.21875 0.300926 0.899443
0 0.544271 0.577315 0.223958 0.784259 0.905943
56 0.758854 0.790741 0.166667 0.409259 0.906024
