56 0.146354 0.51713 0.0479167 0.037963 0.279602
56 0.989844 0.759259 0.0203125 0.162963 0.280625
56 0.151302 0.534722 0.0598958 0.075 0.326391
56 0.0239583 0.543981 0.046875 0.0324074 0.366522
0 0.28776 0.525926 0.0786458 0.181481 0.375232
56 0.0270833 0.694907 0.0541667 0.184259 0.399127
60 0.520052 0.658333 0.310937 0.118519 0.451493
56 0.0119792 0.584259 0.0239583 0.0537037 0.459858
56 0.0744792 0.636111 0.05625 0.192593 0.548906
56 0.0346354 0.788889 0.0692708 0.374074 0.566146
56 0.982552 0.712037 0.0348958 0.153704 0.571839
56 0.220313 0.534722 0.0447917 0.0787037 0.626159
0 0.506771 0.538426 0.152083 0.386111 0.721433
56 0.138802 0.625 0.0713542 0.192593 0.734025
56 0.96901 0.665278 0.0619792 0.156481 0.742447
56 0.207552 0.725 0.0942708 0.303704 0.794693
0 0.339844 0.714352 0.178646 0.54537 0.833235
56 0.286198 0.799537 0.120312 0.389815 0.840466
56 0.75 0.790278 0.184375 0.410185 0.897058
56 0.498698 0.834259 0.198437 0.322222 0.897368
62 0.295312 0.375 0.228125 0.253704 0.900369
0 0.704427 0.649074 0.222396 0.67963 0.906533
0 0.43776 0.515741 0.0817708 0.225926 0.910704
0 0.628385 0.504167 0.104687 0.223148 0.914
