27 0.34375 0.582407 0.0291667 0.087037 0.276036
56 0.146354 0.516667 0.0479167 0.037037 0.293237
56 0.151823 0.536111 0.0609375 0.0759259 0.362489
56 0.0239583 0.543981 0.046875 0.0324074 0.399288
56 0.0270833 0.693519 0.0541667 0.181481 0.45882
56 0.0119792 0.584259 0.0239583 0.0537037 0.510359
56 0.0367187 0.796759 0.0734375 0.369444 0.549501
56 0.0744792 0.634722 0.05625 0.191667 0.576595
56 0.982552 0.711574 0.0348958 0.152778 0.577893
56 0.220313 0.534259 0.0447917 0.0777778 0.639097
56 0.138802 0.625 0.0723958 0.194444 0.712906
0 0.511979 0.627315 0.21875 0.60463 0.739551
56 0.969271 0.665278 0.0614583 0.156481 0.748299
56 0.69375 0.574074 0.040625 0.0574074 0.760717
56 0.360938 0.528241 0.03125 0.0657407 0.784006
56 0.203385 0.725926 0.0932292 0.305556 0.784565
56 0.286458 0.801389 0.120833 0.387963 0.825858
0 0.326302 0.707407 0.165104 0.564815 0.876019
62 0.295312 0.375 0.228125 0.253704 0.888766
56 0.498958 0.833796 0.198958 0.321296 0.892537
0 0.434896 0.509722 0.0822917 0.206481 0.906127
56 0.747917 0.791204 0.1875 0.410185 0.913756
0 0.70599 0.641204 0.224479 0.700926 0.915513
0 0.626823 0.506019 0.108854 0.215741 0.921154
