0 0.989844 0.760185 0.0203125 0.162963 0.276776
56 0.146354 0.516667 0.0479167 0.037037 0.284818
56 0.0242187 0.543981 0.0473958 0.0324074 0.352425
56 0.151562 0.536111 0.0604167 0.0759259 0.357815
56 0.983594 0.703241 0.0328125 0.149074 0.370893
56 0.0119792 0.584259 0.0239583 0.0537037 0.478197
60 0.517708 0.65463 0.309375 0.111111 0.482418
56 0.0296875 0.738889 0.0583333 0.272222 0.520357
56 0.0742188 0.635185 0.0567708 0.192593 0.537645
56 0.220052 0.534722 0.0453125 0.0768519 0.598539
56 0.970833 0.675 0.0583333 0.17963 0.661607
56 0.138802 0.626389 0.0713542 0.197222 0.719875
56 0.694792 0.573611 0.0385417 0.0546296 0.749194
56 0.202865 0.725 0.0921875 0.301852 0.771136
62 0.295052 0.374074 0.228646 0.253704 0.775526
0 0.615104 0.505093 0.132292 0.221296 0.808686
56 0.359635 0.528241 0.0317708 0.0675926 0.809993
56 0.284896 0.800926 0.11875 0.387037 0.82654
0 0.335677 0.706481 0.185937 0.568519 0.849486
56 0.482292 0.843056 0.219792 0.297222 0.865591
0 0.70625 0.640741 0.227083 0.7 0.889128
56 0.75 0.790741 0.185417 0.409259 0.905967
0 0.464844 0.520833 0.139062 0.228704 0.935658
0 0.9125 0.481944 0.129167 0.652778 0.942964
