27 0.34375 0.583333 0.028125 0.087037 0.327589
56 0.0239583 0.543981 0.046875 0.0324074 0.356117
56 0.152083 0.537963 0.0614583 0.0796296 0.416587
56 0.0273438 0.694444 0.0546875 0.183333 0.455139
56 0.0119792 0.584259 0.0239583 0.0537037 0.471987
0 0.517448 0.62963 0.200521 0.609259 0.516728
56 0.0744792 0.635648 0.05625 0.191667 0.54056
56 0.0333333 0.786111 0.065625 0.368519 0.541978
56 0.982552 0.7125 0.0348958 0.152778 0.584356
56 0.220313 0.534722 0.0447917 0.0768519 0.667931
56 0.96901 0.665278 0.0619792 0.158333 0.760785
56 0.138542 0.624074 0.0708333 0.192593 0.76185
56 0.69375 0.574074 0.040625 0.0574074 0.778943
56 0.203385 0.725 0.0921875 0.303704 0.789471
56 0.360938 0.528704 0.03125 0.0666667 0.801568
56 0.286458 0.800463 0.119792 0.387963 0.828058
0 0.333854 0.706944 0.180208 0.565741 0.872321
56 0.498698 0.833796 0.198437 0.321296 0.885218
62 0.295052 0.375 0.228646 0.253704 0.892418
56 0.748958 0.791204 0.186458 0.410185 0.903312
0 0.702344 0.642593 0.230729 0.701852 0.912384
0 0.435417 0.511111 0.08125 0.209259 0.914474
0 0.627083 0.506019 0.108333 0.215741 0.9221
