56 0.596875 0.7625 0.0364583 0.206481 0.272877
56 0.146354 0.516667 0.0479167 0.037037 0.298588
27 0.344531 0.587037 0.0265625 0.0814815 0.309326
56 0.151823 0.535185 0.0609375 0.0740741 0.354012
56 0.0242187 0.543519 0.0473958 0.0333333 0.377619
56 0.220313 0.5125 0.0427083 0.0342593 0.401129
56 0.65026 0.575926 0.0942708 0.0703704 0.465606
56 0.220313 0.533796 0.0447917 0.0768519 0.500399
56 0.0119792 0.584259 0.0239583 0.0537037 0.503488
56 0.0289063 0.722685 0.0567708 0.239815 0.51606
56 0.0739583 0.634259 0.05625 0.190741 0.51941
60 0.53151 0.660185 0.336979 0.116667 0.562978
56 0.982552 0.7125 0.0348958 0.152778 0.563009
56 0.13776 0.624537 0.0692708 0.193519 0.730465
56 0.361198 0.527778 0.0307292 0.0666667 0.756416
56 0.96875 0.665278 0.0625 0.158333 0.765415
56 0.204427 0.724537 0.0880208 0.300926 0.775728
56 0.284115 0.800463 0.114063 0.386111 0.824036
0 0.502083 0.524074 0.152083 0.353704 0.835468
0 0.332812 0.706944 0.180208 0.573148 0.869651
62 0.295312 0.373611 0.228125 0.252778 0.886893
56 0.498958 0.834259 0.195833 0.318519 0.900388
56 0.764583 0.787963 0.179167 0.414815 0.912553
0 0.436198 0.52037 0.0817708 0.225926 0.914391
0 0.715885 0.656018 0.221354 0.669444 0.932459
