56 0.146354 0.516667 0.0479167 0.037037 0.273298
56 0.151823 0.536574 0.0619792 0.0768519 0.341597
27 0.34375 0.584722 0.0260417 0.0824074 0.350175
56 0.0239583 0.543519 0.046875 0.0333333 0.396617
60 0.530208 0.658333 0.3625 0.112963 0.413653
64 0.639583 0.638889 0.0333333 0.037037 0.442632
56 0.0119792 0.584259 0.0239583 0.0537037 0.499053
56 0.0309896 0.759259 0.0609375 0.312963 0.507564
56 0.982292 0.711111 0.034375 0.151852 0.510804
56 0.0744792 0.634722 0.05625 0.191667 0.530618
56 0.220052 0.534259 0.0442708 0.0777778 0.621452
56 0.647917 0.573611 0.0979167 0.0638889 0.730568
56 0.138542 0.624074 0.0708333 0.192593 0.732922
56 0.360677 0.527778 0.0307292 0.0666667 0.78329
56 0.204948 0.724537 0.0890625 0.302778 0.785529
56 0.969531 0.66713 0.0609375 0.162037 0.790122
56 0.286979 0.801852 0.121875 0.387037 0.842845
0 0.502344 0.525 0.151562 0.35 0.866328
0 0.335417 0.705556 0.186458 0.568519 0.885848
62 0.295312 0.374537 0.228125 0.252778 0.891407
56 0.498958 0.834259 0.19375 0.318519 0.90055
0 0.435937 0.519907 0.08125 0.225 0.908364
56 0.765104 0.788889 0.179167 0.411111 0.915805
0 0.89974 0.563889 0.131771 0.772222 0.925353
0 0.716927 0.646296 0.218229 0.690741 0.927225
