56 0.146615 0.516667 0.0473958 0.037037 0.277975
56 0.0239583 0.543981 0.046875 0.0324074 0.331661
56 0.151823 0.535185 0.0598958 0.0759259 0.335783
56 0.0119792 0.584259 0.0239583 0.0537037 0.444412
60 0.516927 0.654167 0.309896 0.112037 0.473575
56 0.0291667 0.725 0.0572917 0.244444 0.517767
56 0.0744792 0.635648 0.0572917 0.19537 0.526481
56 0.220313 0.534259 0.0447917 0.0777778 0.570938
56 0.138542 0.625 0.0708333 0.194444 0.724415
56 0.694792 0.573611 0.0385417 0.0546296 0.760292
56 0.202344 0.725926 0.0932292 0.303704 0.783111
56 0.359635 0.528704 0.0317708 0.0685185 0.797869
56 0.286198 0.800926 0.117188 0.387037 0.817455
0 0.614844 0.50463 0.131771 0.22037 0.818624
62 0.295052 0.374074 0.227604 0.253704 0.830169
0 0.335156 0.706481 0.186979 0.566667 0.856154
56 0.482031 0.843056 0.217187 0.297222 0.863194
0 0.7125 0.637963 0.215625 0.7 0.864129
56 0.752344 0.790278 0.179688 0.408333 0.902617
0 0.926823 0.496759 0.146354 0.791667 0.932034
0 0.464844 0.521296 0.139062 0.227778 0.937806
