56 0.146615 0.516667 0.0484375 0.037037 0.262472
56 0.989844 0.759259 0.0203125 0.164815 0.281721
27 0.344531 0.584722 0.0265625 0.0842593 0.289849
56 0.151562 0.5375 0.0614583 0.0787037 0.36389
56 0.0239583 0.543981 0.046875 0.0342593 0.386987
60 0.523177 0.656018 0.291146 0.102778 0.428362
56 0.0119792 0.583796 0.0239583 0.0527778 0.520291
56 0.0294271 0.734259 0.0578125 0.262963 0.534934
56 0.982552 0.712963 0.0348958 0.153704 0.575275
56 0.0744792 0.634259 0.05625 0.190741 0.584414
56 0.220052 0.534722 0.0442708 0.0768519 0.631957
56 0.136719 0.625926 0.0671875 0.196296 0.716137
0 0.430729 0.47963 0.0572917 0.144444 0.74088
56 0.360677 0.527315 0.0307292 0.0638889 0.76762
56 0.203646 0.725463 0.0895833 0.30463 0.778749
56 0.96875 0.665278 0.0625 0.158333 0.785472
56 0.694271 0.574074 0.0385417 0.0555556 0.81159
0 0.494792 0.510185 0.188542 0.388889 0.826294
56 0.286979 0.801389 0.121875 0.387963 0.84573
0 0.326302 0.704167 0.166146 0.565741 0.856488
56 0.500521 0.834722 0.194792 0.317593 0.887847
0 0.708594 0.641667 0.222396 0.696296 0.895935
62 0.295312 0.374074 0.228125 0.253704 0.900487
56 0.747396 0.791667 0.188542 0.411111 0.911823
0 0.626823 0.503704 0.107813 0.218519 0.911909
