60 0.511198 0.647222 0.307813 0.416667 0.254832
56 0.989844 0.759722 0.0203125 0.160185 0.2683
56 0.146354 0.516667 0.0479167 0.037037 0.277939
56 0.0242187 0.543981 0.0473958 0.0324074 0.304101
56 0.152083 0.536574 0.0614583 0.0768519 0.364979
56 0.0742188 0.635648 0.0567708 0.193519 0.503609
56 0.0119792 0.584259 0.0239583 0.0537037 0.510413
56 0.0307292 0.758333 0.0604167 0.311111 0.516383
56 0.982031 0.712963 0.0348958 0.153704 0.588759
56 0.220313 0.535185 0.0447917 0.0777778 0.646378
0 0.504167 0.536111 0.155208 0.388889 0.674019
56 0.13724 0.624537 0.0682292 0.193519 0.715126
56 0.96875 0.665278 0.0625 0.158333 0.777148
56 0.204688 0.725463 0.0895833 0.30463 0.785103
56 0.360938 0.528241 0.0322917 0.0657407 0.786479
56 0.69375 0.574074 0.0395833 0.0555556 0.809602
56 0.285937 0.800463 0.11875 0.389815 0.83869
0 0.33724 0.706944 0.188021 0.565741 0.868512
56 0.498698 0.834259 0.198437 0.322222 0.892771
56 0.750781 0.790741 0.182812 0.409259 0.893324
0 0.435677 0.515741 0.0817708 0.218519 0.897418
62 0.295052 0.374537 0.228646 0.252778 0.898369
0 0.703125 0.641204 0.229167 0.70463 0.916348
0 0.627865 0.50463 0.105729 0.216667 0.92463
