56 0.146615 0.516204 0.0484375 0.037963 0.282222
56 0.0278646 0.67963 0.0546875 0.155556 0.287213
56 0.989844 0.757407 0.0203125 0.162963 0.300871
56 0.0208333 0.545833 0.0416667 0.0342593 0.301703
56 0.160156 0.602778 0.0776042 0.174074 0.376525
56 0.152604 0.534722 0.0614583 0.0768519 0.386004
56 0.338021 0.644907 0.0552083 0.223148 0.490333
56 0.982813 0.712037 0.034375 0.153704 0.554985
56 0.0125 0.583796 0.025 0.0527778 0.623245
56 0.220313 0.533796 0.0447917 0.0768519 0.624958
56 0.340104 0.570833 0.075 0.15463 0.625269
60 0.527604 0.65787 0.332292 0.110185 0.642234
0 0.501042 0.528241 0.152083 0.349074 0.710414
56 0.0424479 0.796759 0.0838542 0.375 0.744063
56 0.96875 0.666204 0.0625 0.160185 0.775956
56 0.225 0.721759 0.127083 0.310185 0.822808
0 0.622656 0.504167 0.101562 0.221296 0.851258
0 0.720833 0.651852 0.210417 0.674074 0.851475
56 0.501042 0.834722 0.191667 0.319444 0.889877
0 0.0916667 0.615278 0.165625 0.59537 0.893569
62 0.295312 0.373611 0.228125 0.252778 0.896231
0 0.434635 0.518981 0.0796875 0.226852 0.897198
56 0.764063 0.787963 0.180208 0.414815 0.902532
56 0.31224 0.793981 0.181771 0.40463 0.906743
