56 0.33776 0.608796 0.0192708 0.0564815 0.305544
56 0.932031 0.783796 0.0588542 0.20463 0.344084
56 0.296354 0.935185 0.0385417 0.125926 0.367287
60 0.459896 0.699074 0.330208 0.101852 0.382189
56 0.945833 0.70787 0.10625 0.287963 0.418526
56 0.015625 0.676389 0.03125 0.223148 0.511278
56 0.0833333 0.562963 0.065625 0.0796296 0.579221
56 0.914062 0.563426 0.10625 0.132407 0.583711
56 0.294271 0.560648 0.0375 0.0861111 0.593112
56 0.236719 0.809259 0.129688 0.374074 0.665464
56 0.932813 0.623148 0.128125 0.246296 0.702337
56 0.153646 0.558333 0.0458333 0.0777778 0.750835
56 0.0690104 0.653704 0.0776042 0.201852 0.767365
0 0.44401 0.554167 0.185937 0.413889 0.815127
56 0.147656 0.755093 0.117188 0.315741 0.836323
0 0.378385 0.546296 0.0838542 0.2 0.845634
0 0.265625 0.710185 0.188542 0.555556 0.856185
0 0.58776 0.519907 0.134896 0.219444 0.861394
56 0.449219 0.847222 0.192188 0.292593 0.874552
62 0.229687 0.39537 0.234375 0.251852 0.881991
56 0.69349 0.795833 0.168229 0.400926 0.907964
0 0.64349 0.654167 0.224479 0.680556 0.912392
