56 0.0473958 0.654167 0.09375 0.200926 0.318388
56 0.0239583 0.543519 0.046875 0.0333333 0.367432
56 0.152083 0.537037 0.0614583 0.0777778 0.375073
56 0.220052 0.52963 0.0453125 0.0703704 0.395387
56 0.0346354 0.800463 0.0692708 0.35463 0.468691
56 0.220313 0.510185 0.0427083 0.0314815 0.505929
56 0.0742188 0.634259 0.0567708 0.190741 0.51296
56 0.0122396 0.583796 0.0244792 0.0527778 0.526254
56 0.982552 0.712963 0.0348958 0.155556 0.539725
56 0.0270833 0.693519 0.0541667 0.181481 0.543712
60 0.528385 0.65787 0.347396 0.112037 0.652102
56 0.138281 0.624537 0.0703125 0.19537 0.735342
56 0.96901 0.665278 0.0619792 0.156481 0.756555
56 0.203906 0.725926 0.0869792 0.301852 0.772607
56 0.358854 0.533333 0.0333333 0.0777778 0.780171
0 0.501823 0.525926 0.151562 0.351852 0.802894
56 0.288542 0.803241 0.125 0.386111 0.852883
0 0.642969 0.505093 0.140104 0.219444 0.86216
0 0.326823 0.706019 0.181771 0.573148 0.884265
62 0.295312 0.373611 0.228125 0.252778 0.888126
0 0.719271 0.646759 0.215625 0.686111 0.903792
56 0.499479 0.834722 0.194792 0.319444 0.904601
56 0.763281 0.788426 0.183854 0.413889 0.905641
0 0.435156 0.519907 0.0796875 0.225 0.917675
