56 0.0216146 0.565741 0.0432292 0.0833333 0.282115
56 0.840104 0.551389 0.0958333 0.123148 0.320303
56 0.0153646 0.549537 0.0307292 0.0435185 0.329446
56 0.863542 0.770833 0.0677083 0.210185 0.416556
56 0.959115 0.591667 0.0588542 0.124074 0.502771
56 0.01875 0.653241 0.0375 0.176852 0.574507
56 0.0828125 0.562037 0.046875 0.0814815 0.669782
60 0.403385 0.675 0.335938 0.111111 0.677573
56 0.8875 0.649074 0.142708 0.275926 0.700449
56 0.844531 0.608333 0.116146 0.233333 0.702727
56 0.232031 0.556019 0.0317708 0.0768519 0.727166
56 0.180208 0.82037 0.1375 0.355556 0.730726
0 0.38125 0.544907 0.151042 0.341667 0.831511
56 0.084375 0.7625 0.115625 0.317593 0.85121
0 0.590104 0.662963 0.198958 0.657407 0.855197
62 0.160156 0.396296 0.244271 0.255556 0.859739
0 0.204948 0.713889 0.193229 0.561111 0.864499
0 0.499219 0.523611 0.0953125 0.215741 0.870071
56 0.38099 0.843056 0.192188 0.299074 0.896654
56 0.636719 0.793981 0.163021 0.40463 0.899726
0 0.314063 0.538889 0.0833333 0.231481 0.902178
