56 0.234896 0.857407 0.134375 0.283333 0.281977
62 0.235938 0.385185 0.233333 0.253704 0.345683
56 0.0890625 0.543056 0.0604167 0.0694444 0.405088
56 0.0838542 0.525463 0.05 0.0361111 0.43829
56 0.940625 0.75787 0.0604167 0.184259 0.451699
56 0.145052 0.769907 0.0838542 0.249074 0.454957
27 0.289583 0.615741 0.0135417 0.0888889 0.464082
56 0.160677 0.542593 0.0484375 0.0777778 0.46712
56 0.949219 0.686111 0.0963542 0.294444 0.490367
56 0.160156 0.522685 0.0453125 0.0361111 0.571454
56 0.642448 0.574074 0.0223958 0.0407407 0.588393
56 0.0778646 0.638889 0.0796875 0.203704 0.674693
56 0.927865 0.599074 0.119271 0.237037 0.715162
0 0.355469 0.526852 0.0390625 0.211111 0.746885
0 0.463281 0.595833 0.193229 0.706481 0.795185
0 0.266927 0.713889 0.241146 0.566667 0.861067
56 0.702344 0.788426 0.164062 0.413889 0.887061
56 0.490625 0.844444 0.204167 0.298148 0.902532
0 0.58099 0.505556 0.105729 0.22037 0.902829
0 0.65651 0.646296 0.213021 0.696296 0.921617
