56 0.0494792 0.648611 0.0927083 0.19537 0.302904
56 0.982292 0.705093 0.0354167 0.165741 0.354081
56 0.0239583 0.543981 0.046875 0.0324074 0.378536
56 0.152083 0.537963 0.0614583 0.0796296 0.432876
60 0.518229 0.654167 0.3125 0.112037 0.467119
56 0.0119792 0.584259 0.0239583 0.0518519 0.470719
56 0.0273438 0.693981 0.0546875 0.182407 0.488844
56 0.0356771 0.799074 0.0713542 0.364815 0.553097
56 0.0739583 0.633333 0.0552083 0.188889 0.554295
0 0.975521 0.402315 0.0479167 0.80463 0.603151
56 0.219792 0.534259 0.0447917 0.0777778 0.647541
56 0.966406 0.664815 0.0619792 0.159259 0.737577
56 0.694792 0.574537 0.0385417 0.0564815 0.758129
56 0.140104 0.625926 0.075 0.196296 0.764736
56 0.202604 0.725 0.0927083 0.303704 0.780158
56 0.359896 0.528704 0.0322917 0.0685185 0.797988
62 0.295052 0.374537 0.227604 0.252778 0.805748
56 0.284896 0.800926 0.11875 0.387037 0.828267
0 0.615104 0.505556 0.132292 0.222222 0.846286
0 0.335417 0.70787 0.186458 0.567593 0.855009
0 0.714063 0.638889 0.210417 0.696296 0.856905
56 0.482031 0.843056 0.217187 0.297222 0.858256
56 0.74974 0.790741 0.184896 0.409259 0.901943
0 0.464844 0.521296 0.139062 0.227778 0.937138
