60 0.925521 0.81713 0.148958 0.343519 0.256932
56 0.822135 0.753241 0.0609375 0.163889 0.27298
56 0.0416667 0.555093 0.046875 0.0416667 0.339191
56 0.913802 0.593982 0.0557292 0.123148 0.478783
56 0.194271 0.571296 0.0302083 0.0814815 0.587158
60 0.367708 0.687963 0.335417 0.112963 0.674067
56 0.804948 0.611574 0.114063 0.225 0.678551
56 0.142188 0.828241 0.142708 0.337963 0.686545
56 0.841927 0.645833 0.141146 0.258333 0.702406
62 0.122396 0.409259 0.244792 0.266667 0.712222
0 0.344271 0.556944 0.153125 0.343519 0.746414
56 0.0484375 0.77963 0.0958333 0.324074 0.794904
0 0.465104 0.531482 0.0989583 0.214815 0.800871
0 0.554427 0.665741 0.194271 0.646296 0.822907
56 0.346615 0.848611 0.195312 0.289815 0.885392
0 0.276042 0.55 0.0833333 0.233333 0.887182
0 0.169792 0.719907 0.188542 0.54537 0.891661
56 0.597656 0.796759 0.160938 0.399074 0.897386
