56 0.990104 0.758333 0.0197917 0.161111 0.279372
56 0.152344 0.5375 0.0619792 0.0787037 0.400684
56 0.0239583 0.543981 0.046875 0.0342593 0.401545
56 0.220052 0.512963 0.0432292 0.0351852 0.409518
56 0.0273438 0.692593 0.0546875 0.181481 0.454747
56 0.0122396 0.583796 0.0244792 0.0527778 0.460278
0 0.624479 0.509722 0.10625 0.221296 0.495005
56 0.0744792 0.633796 0.05625 0.189815 0.547116
56 0.220052 0.533796 0.0453125 0.0768519 0.547548
56 0.982552 0.713426 0.0348958 0.15463 0.580454
60 0.533073 0.659259 0.336979 0.112963 0.583741
56 0.0372396 0.799074 0.0744792 0.366667 0.603464
56 0.139583 0.624074 0.0729167 0.194444 0.705793
56 0.96901 0.665278 0.0619792 0.156481 0.766892
56 0.358594 0.535185 0.0348958 0.0814815 0.766934
56 0.200521 0.725926 0.0927083 0.301852 0.772635
56 0.41875 0.590741 0.0239583 0.0722222 0.812495
0 0.501302 0.526389 0.151562 0.350926 0.834267
56 0.288802 0.801852 0.124479 0.387037 0.845962
0 0.328906 0.707407 0.185937 0.568519 0.868855
0 0.721094 0.648148 0.210938 0.685185 0.89159
62 0.295312 0.373148 0.228125 0.251852 0.902397
56 0.764323 0.7875 0.180729 0.413889 0.911193
56 0.499479 0.834722 0.194792 0.319444 0.917257
