56 0.989844 0.760185 0.0203125 0.162963 0.252562
56 0.146354 0.51713 0.0479167 0.037963 0.264847
60 0.615625 0.6625 0.1 0.087963 0.282647
0 0.373698 0.551852 0.0515625 0.140741 0.300471
56 0.151823 0.537037 0.0609375 0.0777778 0.361012
56 0.0236979 0.543981 0.0463542 0.0324074 0.372053
60 0.516146 0.668519 0.309375 0.124074 0.441356
56 0.0119792 0.584259 0.0239583 0.0537037 0.488397
56 0.0351562 0.798611 0.0703125 0.362037 0.504802
56 0.0273438 0.694444 0.0546875 0.183333 0.540916
56 0.0744792 0.637037 0.05625 0.196296 0.555636
56 0.982292 0.7125 0.0354167 0.15463 0.563024
56 0.220313 0.534722 0.0447917 0.0768519 0.641583
56 0.689323 0.569444 0.0307292 0.0444444 0.706093
56 0.138021 0.624074 0.0697917 0.192593 0.727882
56 0.96901 0.665278 0.0619792 0.156481 0.756498
56 0.208594 0.725463 0.0890625 0.30463 0.806151
56 0.284635 0.8 0.118229 0.388889 0.824937
0 0.338281 0.718518 0.182812 0.542593 0.854543
0 0.505729 0.538889 0.15 0.396296 0.871417
0 0.438281 0.51713 0.0848958 0.225 0.899774
0 0.627865 0.496296 0.103646 0.214815 0.900179
56 0.749219 0.791204 0.185937 0.410185 0.901418
62 0.295052 0.375 0.228646 0.251852 0.903559
56 0.498698 0.834259 0.199479 0.322222 0.905237
0 0.69974 0.649537 0.225521 0.680556 0.912473
