0 0.616146 0.678241 0.135417 0.578704 0.269172
56 0.146615 0.516667 0.0473958 0.037037 0.273285
56 0.0239583 0.543981 0.046875 0.0324074 0.331021
56 0.151562 0.535185 0.0604167 0.0759259 0.341192
56 0.983333 0.689815 0.0322917 0.201852 0.373945
56 0.0119792 0.584259 0.0239583 0.0537037 0.44291
56 0.0351562 0.798148 0.0703125 0.359259 0.465993
60 0.516927 0.654167 0.309896 0.112037 0.472693
56 0.0739583 0.636574 0.0572917 0.19537 0.506516
56 0.0286458 0.706481 0.05625 0.209259 0.519876
56 0.220052 0.534259 0.0442708 0.0777778 0.596637
56 0.139062 0.625463 0.071875 0.19537 0.723863
56 0.694792 0.573611 0.0385417 0.0546296 0.762034
56 0.201562 0.726389 0.0947917 0.30463 0.784905
56 0.360156 0.528704 0.0317708 0.0685185 0.797624
0 0.614844 0.50463 0.131771 0.22037 0.805586
56 0.286458 0.800926 0.117708 0.387037 0.818581
62 0.295052 0.374074 0.227604 0.253704 0.831187
0 0.335156 0.706944 0.186979 0.567593 0.852913
56 0.48151 0.842593 0.217187 0.298148 0.85979
0 0.713281 0.637963 0.214062 0.7 0.86498
56 0.752344 0.790278 0.179688 0.408333 0.902341
0 0.925521 0.489815 0.148958 0.764815 0.932682
0 0.464844 0.521296 0.139062 0.227778 0.937428
