56 0.586458 0.720833 0.025 0.121296 0.261152
56 0.952604 0.60787 0.025 0.102778 0.283564
56 0.0239583 0.573148 0.046875 0.0740741 0.293407
56 0.84974 0.558333 0.0973958 0.125926 0.29625
56 0.87526 0.780556 0.0609375 0.203704 0.378303
56 0.0174479 0.546759 0.0348958 0.0342593 0.382016
56 0.182552 0.804167 0.131771 0.384259 0.652518
56 0.0924479 0.564352 0.0484375 0.0805556 0.667355
56 0.0242187 0.649074 0.0484375 0.185185 0.683246
56 0.23776 0.565741 0.0369792 0.087037 0.715199
56 0.893229 0.656944 0.134375 0.275 0.722095
56 0.853646 0.614352 0.114583 0.234259 0.740918
62 0.169792 0.399074 0.242708 0.253704 0.79456
60 0.411719 0.680556 0.332812 0.112963 0.801403
56 0.0895833 0.761574 0.113542 0.319444 0.834446
0 0.209115 0.7125 0.184896 0.552778 0.858327
0 0.96875 0.373611 0.0625 0.563889 0.879369
0 0.527344 0.690278 0.157813 0.521296 0.882728
56 0.384635 0.848611 0.201562 0.287963 0.896959
0 0.351302 0.544907 0.139062 0.230556 0.917728
56 0.651302 0.794907 0.166146 0.399074 0.924232
