56 0.0367187 0.646296 0.0515625 0.2 0.29601
65 0.0130208 0.653241 0.01875 0.0212963 0.40333
62 0.253906 0.380093 0.195312 0.250926 0.463637
0 0.373177 0.531944 0.0869792 0.213889 0.486209
56 0.940104 0.756944 0.0604167 0.184259 0.490402
0 0.36901 0.670833 0.0932292 0.497222 0.494321
56 0.94974 0.685648 0.0953125 0.297222 0.505449
56 0.268229 0.696296 0.0791667 0.253704 0.536235
56 0.64349 0.572222 0.0223958 0.0407407 0.687259
56 0.922917 0.597222 0.114583 0.238889 0.718144
56 0.278385 0.580556 0.0859375 0.153704 0.728907
0 0.480469 0.69537 0.213021 0.588889 0.754897
56 0.203125 0.675926 0.0770833 0.2 0.817336
56 0.223958 0.811574 0.160417 0.363889 0.880506
56 0.70599 0.788426 0.156771 0.413889 0.893036
56 0.51849 0.832407 0.192188 0.325926 0.893156
0 0.58099 0.503704 0.106771 0.216667 0.917983
0 0.665885 0.647222 0.194271 0.692593 0.92298
0 0.0973958 0.525463 0.194792 0.930556 0.949026
