56 0.989844 0.757407 0.0203125 0.161111 0.251423
62 0.636719 0.333333 0.291146 0.27963 0.272866
56 0.63776 0.668981 0.134896 0.549074 0.284649
56 0.146354 0.516667 0.0479167 0.037037 0.286762
27 0.343229 0.583796 0.028125 0.0898148 0.368827
56 0.0242187 0.543981 0.0473958 0.0324074 0.371938
56 0.151823 0.536574 0.0609375 0.0768519 0.387804
56 0.0270833 0.694907 0.0541667 0.184259 0.458455
56 0.0119792 0.583796 0.0239583 0.0527778 0.518316
56 0.0328125 0.782407 0.0645833 0.362963 0.536521
56 0.982292 0.712963 0.0354167 0.155556 0.542843
56 0.0736979 0.634259 0.0546875 0.188889 0.566719
56 0.69401 0.662037 0.0536458 0.233333 0.592813
60 0.522917 0.655093 0.341667 0.110185 0.63526
56 0.220313 0.534259 0.0447917 0.0777778 0.640716
0 0.632552 0.671759 0.129688 0.549074 0.734795
56 0.139062 0.626389 0.0729167 0.197222 0.742652
0 0.501042 0.524537 0.15 0.347222 0.745867
56 0.96849 0.665278 0.0630208 0.158333 0.760064
56 0.204167 0.725 0.0885417 0.301852 0.784333
56 0.359635 0.527778 0.0317708 0.0666667 0.806426
56 0.286458 0.800926 0.121875 0.387037 0.843459
0 0.336458 0.70463 0.1875 0.566667 0.865767
62 0.295312 0.374537 0.228125 0.25463 0.875532
56 0.498958 0.834259 0.192708 0.318519 0.897461
0 0.436719 0.516204 0.0828125 0.219444 0.909177
56 0.761979 0.788426 0.182292 0.412037 0.932677
