56 0.963802 0.771296 0.0713542 0.227778 0.261235
56 0.596615 0.612037 0.114063 0.127778 0.27045
56 0.0895833 0.543519 0.0604167 0.0685185 0.406735
56 0.084375 0.526389 0.05 0.0361111 0.415494
56 0.940885 0.755093 0.0609375 0.175 0.433854
56 0.0195312 0.659259 0.0390625 0.224074 0.446304
56 0.95 0.701852 0.09375 0.257407 0.4724
56 0.922917 0.547685 0.104167 0.136111 0.476268
56 0.246354 0.809722 0.128125 0.373148 0.587147
0 0.451042 0.539815 0.185417 0.412963 0.626747
56 0.604948 0.581944 0.0953125 0.0638889 0.637565
56 0.303385 0.544907 0.0317708 0.0824074 0.697102
56 0.160417 0.543981 0.0458333 0.0805556 0.69869
56 0.935417 0.611111 0.128125 0.251852 0.731003
56 0.0773437 0.640278 0.0776042 0.20463 0.731063
56 0.158333 0.739815 0.108333 0.311111 0.848311
0 0.272656 0.708333 0.185937 0.564815 0.853144
56 0.70026 0.788426 0.168229 0.412037 0.890467
62 0.235938 0.380093 0.235417 0.250926 0.895306
56 0.457552 0.84213 0.195312 0.30463 0.896042
0 0.651302 0.652315 0.220313 0.678704 0.940113
