56 0.0213542 0.563889 0.0427083 0.0814815 0.258035
56 0.0164062 0.548148 0.0328125 0.0462963 0.31362
56 0.750521 0.577778 0.0791667 0.172222 0.334358
56 0.863281 0.768981 0.0682292 0.210185 0.460587
56 0.0197917 0.650463 0.0395833 0.178704 0.539798
56 0.840625 0.549074 0.0947917 0.124074 0.584464
56 0.959635 0.588889 0.0588542 0.124074 0.585694
56 0.890365 0.64213 0.140104 0.269444 0.608366
60 0.399219 0.672685 0.319271 0.121296 0.643946
56 0.173438 0.794444 0.1375 0.407407 0.651509
56 0.851823 0.609722 0.123438 0.241667 0.664205
56 0.230729 0.556481 0.0354167 0.0833333 0.710695
0 0.508333 0.496759 0.129167 0.271296 0.715081
56 0.084375 0.558333 0.0458333 0.0796296 0.74994
56 0.0848958 0.759259 0.114583 0.318519 0.838854
0 0.205729 0.70787 0.188542 0.565741 0.843105
62 0.160417 0.393519 0.24375 0.257407 0.849868
56 0.377865 0.84537 0.204688 0.292593 0.900482
0 0.630729 0.497685 0.228125 0.99537 0.91701
0 0.343229 0.536574 0.138542 0.232407 0.936031
