41 0.52526 0.602315 0.0317708 0.0453704 0.310497
56 0.134115 0.750926 0.0546875 0.248148 0.369013
56 0.941146 0.757407 0.0614583 0.185185 0.402452
56 0.949479 0.683333 0.096875 0.301852 0.502596
56 0.642708 0.573148 0.021875 0.0407407 0.559695
60 0.465885 0.663426 0.316146 0.108333 0.656245
0 0.388021 0.686111 0.101042 0.52963 0.657553
56 0.927865 0.599537 0.120312 0.237963 0.716334
56 0.186198 0.726389 0.140104 0.300926 0.743896
62 0.235417 0.380093 0.234375 0.249074 0.810809
56 0.295052 0.578241 0.0526042 0.150926 0.828718
0 0.565885 0.5125 0.135937 0.236111 0.87248
56 0.503646 0.844444 0.202083 0.294444 0.873802
56 0.704427 0.786574 0.159896 0.408333 0.886172
56 0.314844 0.796296 0.175521 0.4 0.907633
0 0.648177 0.646296 0.229687 0.692593 0.909569
0 0.0903646 0.650926 0.178646 0.677778 0.941551
