56 0.146615 0.516204 0.0484375 0.0361111 0.258181
56 0.152344 0.537037 0.0619792 0.0777778 0.379131
56 0.0236979 0.543519 0.0473958 0.0333333 0.392752
56 0.220052 0.531482 0.0453125 0.0722222 0.424601
56 0.0119792 0.583796 0.0239583 0.0527778 0.49568
56 0.220313 0.509722 0.0427083 0.0305556 0.51069
56 0.0273438 0.693519 0.0546875 0.181481 0.511393
56 0.0369792 0.799074 0.0739583 0.362963 0.530093
56 0.0742188 0.633796 0.0557292 0.189815 0.55302
56 0.982552 0.712037 0.0348958 0.153704 0.580673
60 0.526302 0.656482 0.343229 0.112963 0.693167
56 0.136979 0.624074 0.0677083 0.192593 0.708126
56 0.96901 0.665741 0.0619792 0.159259 0.7584
56 0.203906 0.725463 0.0869792 0.299074 0.770633
56 0.359115 0.533333 0.0338542 0.0777778 0.782999
0 0.502083 0.527315 0.152083 0.352778 0.783251
56 0.288802 0.803704 0.124479 0.385185 0.855838
62 0.295573 0.374074 0.228646 0.253704 0.873201
0 0.326562 0.706019 0.182292 0.573148 0.878662
0 0.64349 0.502778 0.141146 0.22037 0.891993
56 0.5 0.834722 0.194792 0.319444 0.903508
56 0.763542 0.787963 0.182292 0.414815 0.905741
0 0.71901 0.647222 0.216146 0.685185 0.909221
0 0.434896 0.519907 0.0791667 0.226852 0.915574
