62 0.226042 0.387963 0.234375 0.251852 0.255288
56 0.990625 0.585185 0.01875 0.101852 0.258983
56 0.0802083 0.548611 0.0645833 0.0712963 0.280105
56 0.933073 0.771296 0.0651042 0.214815 0.358171
56 0.0747396 0.529167 0.0494792 0.0342593 0.475881
56 0.290104 0.539815 0.034375 0.0685185 0.502366
60 0.453125 0.689352 0.326042 0.0972222 0.579243
56 0.942708 0.670833 0.113542 0.271296 0.585231
56 0.151302 0.548611 0.0442708 0.0768519 0.618686
56 0.238542 0.797222 0.134375 0.403704 0.64927
56 0.916667 0.607407 0.11875 0.25 0.689198
56 0.0666667 0.641667 0.0760417 0.2 0.758996
56 0.144792 0.743519 0.110417 0.312963 0.823512
0 0.442969 0.550463 0.184896 0.423148 0.840192
0 0.265104 0.705556 0.184375 0.562963 0.855909
0 0.577344 0.468519 0.158854 0.301852 0.870815
56 0.448438 0.843056 0.194792 0.300926 0.880433
0 0.640365 0.646759 0.222396 0.693519 0.888052
0 0.357812 0.499537 0.120833 0.263889 0.891783
56 0.689323 0.790741 0.169271 0.405556 0.911916
