56 0.152344 0.5375 0.0619792 0.0787037 0.425913
56 0.219792 0.511111 0.0427083 0.0333333 0.438305
56 0.0236979 0.543981 0.0473958 0.0342593 0.448448
56 0.0270833 0.693519 0.0541667 0.183333 0.458604
56 0.219531 0.533333 0.0442708 0.0759259 0.509552
56 0.0348958 0.796759 0.0697917 0.363889 0.513905
56 0.0122396 0.583796 0.0244792 0.0527778 0.521043
56 0.982552 0.712963 0.0348958 0.155556 0.560419
56 0.0742188 0.6375 0.0567708 0.197222 0.564057
60 0.53099 0.658796 0.336979 0.112037 0.637292
0 0.623438 0.507407 0.104167 0.227778 0.693076
56 0.138281 0.624074 0.0692708 0.194444 0.715344
56 0.969271 0.665278 0.0614583 0.156481 0.744769
56 0.358594 0.534259 0.0348958 0.0814815 0.758485
56 0.203646 0.725463 0.0864583 0.299074 0.764538
0 0.501302 0.526389 0.150521 0.350926 0.817315
56 0.288281 0.803704 0.124479 0.385185 0.878436
0 0.326823 0.685185 0.185937 0.535185 0.886762
0 0.721354 0.647222 0.210417 0.683333 0.889488
62 0.294792 0.372685 0.229167 0.252778 0.906485
56 0.764583 0.7875 0.179167 0.415741 0.906948
56 0.498958 0.834722 0.194792 0.319444 0.909507
0 0.435937 0.518981 0.0802083 0.221296 0.913724
