56 0.146354 0.516667 0.0479167 0.037037 0.281926
56 0.0242187 0.544444 0.0473958 0.0333333 0.388649
56 0.152083 0.537037 0.0614583 0.0777778 0.394795
56 0.0351562 0.797685 0.0703125 0.363889 0.454139
56 0.0119792 0.584259 0.0239583 0.0537037 0.462641
56 0.0286458 0.710648 0.05625 0.217593 0.52216
56 0.982552 0.7125 0.0348958 0.15463 0.544784
56 0.0757812 0.641204 0.0567708 0.202778 0.555434
56 0.220313 0.534722 0.0447917 0.0768519 0.665605
56 0.138542 0.624074 0.0697917 0.192593 0.733001
56 0.969271 0.665278 0.0614583 0.15463 0.733401
56 0.69349 0.575 0.0401042 0.0574074 0.739688
0 0.65 0.538889 0.0625 0.142593 0.741701
56 0.203125 0.725463 0.09375 0.30463 0.786482
56 0.360677 0.528241 0.0307292 0.0675926 0.788549
56 0.283073 0.799537 0.111979 0.386111 0.811354
0 0.3375 0.708796 0.185417 0.569444 0.853943
0 0.432552 0.513889 0.0765625 0.214815 0.868073
62 0.295573 0.375 0.228646 0.253704 0.869439
56 0.477083 0.842593 0.2125 0.3 0.883232
0 0.717708 0.643519 0.201042 0.690741 0.888518
56 0.749219 0.790741 0.185937 0.411111 0.901394
0 0.535937 0.589352 0.225 0.726852 0.914724
