56 0.985156 0.825463 0.0296875 0.341667 0.255979
56 0.0880208 0.54213 0.0604167 0.0675926 0.263639
0 0.423958 0.506019 0.0458333 0.0916667 0.289246
56 0.149479 0.520833 0.0239583 0.0324074 0.427305
56 0.948698 0.693981 0.0953125 0.278704 0.475038
56 0.0830729 0.525926 0.0494792 0.0351852 0.47867
56 0.940625 0.758333 0.0604167 0.185185 0.485945
56 0.138281 0.767593 0.0692708 0.257407 0.630788
56 0.0776042 0.6375 0.0791667 0.199074 0.69558
56 0.642708 0.572685 0.0239583 0.0416667 0.700779
56 0.928385 0.598611 0.120312 0.236111 0.707551
56 0.216406 0.819907 0.144271 0.35463 0.783701
62 0.235156 0.381944 0.233854 0.252778 0.791404
0 0.480469 0.694444 0.226562 0.594444 0.824912
56 0.281771 0.582407 0.078125 0.157407 0.838059
0 0.373698 0.531944 0.0796875 0.215741 0.842103
0 0.254948 0.681019 0.227604 0.617593 0.886759
56 0.70625 0.788889 0.15625 0.414815 0.894987
56 0.51901 0.832407 0.191146 0.324074 0.905749
0 0.580208 0.504167 0.104167 0.217593 0.906169
0 0.667188 0.646759 0.192708 0.69537 0.916589
0 0.552344 0.372222 0.0963542 0.244444 0.920808
