56 0.938802 0.783333 0.0651042 0.214815 0.397508
60 0.464844 0.697685 0.351562 0.0990741 0.412522
56 0.0177083 0.675 0.0354167 0.225926 0.460442
56 0.917969 0.561574 0.105729 0.134259 0.471033
56 0.0861979 0.561111 0.0640625 0.0814815 0.574243
56 0.241146 0.803241 0.132292 0.386111 0.605471
56 0.946875 0.705556 0.105208 0.303704 0.606407
56 0.296875 0.557407 0.0375 0.0814815 0.617202
56 0.0710938 0.654167 0.0713542 0.210185 0.732153
56 0.933073 0.619444 0.129688 0.248148 0.737742
56 0.157292 0.557407 0.0458333 0.0777778 0.742603
0 0.448177 0.552315 0.186979 0.415741 0.83127
56 0.155208 0.751852 0.110417 0.312963 0.842792
62 0.232812 0.394907 0.232292 0.252778 0.87325
0 0.268229 0.7125 0.189583 0.565741 0.877055
56 0.451562 0.846296 0.192708 0.294444 0.877157
0 0.59349 0.517593 0.136979 0.224074 0.896872
0 0.379687 0.537963 0.084375 0.22037 0.899754
56 0.697656 0.796296 0.167187 0.401852 0.901681
0 0.647396 0.652778 0.222917 0.681481 0.915268
