56 0.146875 0.516667 0.0479167 0.037037 0.254242
0 0.640625 0.677315 0.14375 0.589815 0.255902
56 0.0270833 0.69213 0.0541667 0.180556 0.37523
56 0.152083 0.537037 0.0614583 0.0777778 0.406474
56 0.0239583 0.543981 0.0479167 0.0342593 0.429603
0 0.632031 0.5125 0.119271 0.234259 0.438385
67 0.696354 0.416667 0.0229167 0.0407407 0.447613
56 0.0122396 0.583796 0.0244792 0.0546296 0.505595
56 0.219792 0.533796 0.0447917 0.0768519 0.535277
56 0.0744792 0.636574 0.0572917 0.197222 0.566997
56 0.982552 0.7125 0.0348958 0.152778 0.574378
60 0.531771 0.660185 0.334375 0.114815 0.608434
56 0.0385417 0.797222 0.0770833 0.374074 0.632032
56 0.13776 0.624074 0.0682292 0.194444 0.701062
56 0.969271 0.665278 0.0614583 0.156481 0.756908
56 0.201042 0.725463 0.0916667 0.300926 0.772476
56 0.358854 0.535185 0.034375 0.0814815 0.772704
56 0.41849 0.590278 0.0244792 0.0712963 0.811991
56 0.288802 0.801389 0.124479 0.389815 0.846293
0 0.501302 0.525926 0.151562 0.35 0.851163
0 0.722396 0.658333 0.207292 0.659259 0.858446
0 0.328646 0.707407 0.185417 0.57037 0.87171
62 0.295312 0.374074 0.229167 0.251852 0.902335
56 0.764583 0.7875 0.180208 0.415741 0.913821
56 0.499219 0.834722 0.194271 0.319444 0.914173
