56 0.146354 0.516667 0.0479167 0.037037 0.29883
56 0.151562 0.534259 0.0604167 0.0740741 0.349972
56 0.0239583 0.543519 0.046875 0.0333333 0.393432
56 0.219792 0.510185 0.0427083 0.0314815 0.4401
56 0.219792 0.53287 0.0447917 0.075 0.46185
56 0.0119792 0.583333 0.0239583 0.0537037 0.494316
0 0.626042 0.510185 0.109375 0.22037 0.498578
56 0.0273438 0.688889 0.0546875 0.174074 0.505767
56 0.0747396 0.64213 0.0567708 0.206481 0.529451
56 0.982292 0.712963 0.0354167 0.155556 0.569819
60 0.533594 0.659259 0.339063 0.114815 0.589394
56 0.0375 0.803704 0.075 0.355556 0.590342
56 0.139323 0.625 0.0723958 0.196296 0.738226
56 0.969271 0.665278 0.0614583 0.156481 0.748825
56 0.358854 0.535185 0.034375 0.0814815 0.767336
56 0.204427 0.726389 0.0859375 0.302778 0.776501
56 0.41849 0.590741 0.0244792 0.0703704 0.797378
56 0.288802 0.801852 0.125521 0.388889 0.83245
0 0.501562 0.526852 0.151042 0.351852 0.845174
0 0.328906 0.706944 0.184896 0.569444 0.857661
0 0.721615 0.647222 0.209896 0.685185 0.891035
62 0.295052 0.373148 0.229687 0.251852 0.90483
56 0.764583 0.787963 0.180208 0.414815 0.913035
56 0.499219 0.834722 0.194271 0.319444 0.914086
