56 0.638281 0.668519 0.133854 0.546296 0.280334
56 0.146615 0.516204 0.0484375 0.037963 0.29017
56 0.151562 0.534722 0.0604167 0.075 0.354352
56 0.0239583 0.543981 0.046875 0.0342593 0.367696
56 0.0270833 0.694444 0.0541667 0.183333 0.412526
56 0.0119792 0.583796 0.0239583 0.0527778 0.485431
56 0.982813 0.711574 0.034375 0.15463 0.523706
56 0.0348958 0.7875 0.0697917 0.371296 0.538251
56 0.0742188 0.635648 0.0567708 0.193519 0.558123
56 0.694271 0.661574 0.053125 0.232407 0.611754
56 0.220313 0.534259 0.0447917 0.0777778 0.619957
60 0.525521 0.656944 0.338542 0.112037 0.673244
56 0.969271 0.666204 0.0614583 0.158333 0.726413
56 0.138542 0.626389 0.071875 0.197222 0.728341
56 0.360417 0.527778 0.03125 0.0666667 0.74986
0 0.633333 0.671296 0.128125 0.546296 0.753011
0 0.501042 0.525463 0.15 0.349074 0.785845
56 0.205208 0.724537 0.0864583 0.302778 0.787156
56 0.28724 0.801852 0.122396 0.388889 0.849488
62 0.295312 0.375 0.228125 0.253704 0.878778
0 0.335677 0.70463 0.188021 0.566667 0.881714
56 0.499479 0.834722 0.194792 0.319444 0.890736
0 0.435156 0.518981 0.0807292 0.225 0.905973
56 0.76224 0.788889 0.182812 0.412963 0.934949
