56 0.160417 0.519907 0.0458333 0.0305556 0.289419
56 0.597396 0.607407 0.1125 0.12037 0.304358
56 0.0192708 0.659259 0.0385417 0.225926 0.352289
56 0.0895833 0.543056 0.0604167 0.0675926 0.412203
56 0.0841146 0.526389 0.0505208 0.0361111 0.430918
56 0.940885 0.756944 0.0598958 0.180556 0.456709
56 0.95026 0.697685 0.0942708 0.267593 0.485488
56 0.922656 0.547222 0.102604 0.135185 0.504503
0 0.452344 0.539352 0.185937 0.413889 0.545482
56 0.248177 0.806944 0.130729 0.382407 0.596069
56 0.60651 0.581944 0.0911458 0.0638889 0.621403
56 0.160156 0.543981 0.0463542 0.0805556 0.678122
56 0.0773437 0.638889 0.0776042 0.2 0.725386
56 0.303125 0.546296 0.03125 0.0833333 0.727254
56 0.935156 0.610185 0.127604 0.255556 0.733156
56 0.159375 0.739815 0.109375 0.309259 0.847723
0 0.275521 0.708796 0.182292 0.571296 0.860625
56 0.70026 0.788889 0.168229 0.414815 0.887418
56 0.457031 0.84213 0.196354 0.30463 0.897455
62 0.235677 0.380093 0.235938 0.250926 0.900398
0 0.652865 0.645833 0.219271 0.693519 0.941303
