56 0.0502604 0.652778 0.0953125 0.201852 0.310976
56 0.0239583 0.543519 0.046875 0.0333333 0.405978
56 0.152604 0.5375 0.0625 0.0787037 0.414002
56 0.0359375 0.799537 0.071875 0.350926 0.457689
56 0.0119792 0.584259 0.0239583 0.0537037 0.465582
56 0.0742188 0.634722 0.0567708 0.191667 0.496587
0 0.623958 0.509259 0.10625 0.222222 0.500687
56 0.0270833 0.693519 0.0541667 0.181481 0.533528
56 0.219792 0.533333 0.04375 0.0777778 0.568686
60 0.532292 0.658333 0.333333 0.107407 0.573282
56 0.982292 0.7125 0.0354167 0.15463 0.573988
56 0.139323 0.625463 0.0723958 0.19537 0.741526
56 0.96901 0.664815 0.0619792 0.157407 0.748078
56 0.204167 0.726852 0.0854167 0.301852 0.789461
0 0.501302 0.526852 0.151562 0.35 0.804821
56 0.41849 0.591204 0.0234375 0.0712963 0.819408
56 0.289062 0.801852 0.125 0.387037 0.82872
0 0.329688 0.705556 0.183333 0.572222 0.850839
0 0.721094 0.647685 0.211979 0.684259 0.887528
56 0.763802 0.787963 0.179688 0.414815 0.908902
56 0.499479 0.834722 0.194792 0.319444 0.909392
0 0.333073 0.406481 0.145313 0.42963 0.91754
