56 0.944531 0.780556 0.103646 0.237037 0.263259
56 0.0731771 0.566667 0.0661458 0.0814815 0.26945
56 0.923177 0.775463 0.0588542 0.173148 0.281585
56 0.145052 0.5375 0.0453125 0.0324074 0.290196
60 0.44974 0.70463 0.329688 0.1 0.47475
56 0.0695312 0.548148 0.0536458 0.0462963 0.479263
56 0.285677 0.560185 0.0380208 0.0759259 0.618036
56 0.144531 0.560185 0.0463542 0.0777778 0.619278
56 0.229167 0.801852 0.132292 0.388889 0.693686
56 0.941667 0.67963 0.114583 0.296296 0.703281
56 0.908333 0.619907 0.114583 0.237963 0.721875
56 0.0575521 0.653241 0.0692708 0.193519 0.762845
0 0.438542 0.559259 0.186458 0.416667 0.808436
0 0.577083 0.531944 0.134375 0.206481 0.829139
56 0.136458 0.758333 0.113542 0.314815 0.830933
0 0.25651 0.715741 0.188021 0.559259 0.869648
62 0.221094 0.399074 0.235938 0.251852 0.880493
56 0.441667 0.847685 0.19375 0.291667 0.895086
0 0.367188 0.543981 0.0822917 0.226852 0.906315
0 0.633073 0.65463 0.221354 0.67963 0.907362
56 0.685156 0.797685 0.166146 0.397222 0.91577
