56 0.0200521 0.564352 0.0401042 0.0805556 0.261338
56 0.0153646 0.546296 0.0307292 0.0407407 0.35598
56 0.865104 0.765741 0.0677083 0.214815 0.431066
56 0.880469 0.685648 0.117188 0.302778 0.55053
56 0.0190104 0.648148 0.0380208 0.175926 0.566975
56 0.840885 0.549537 0.0963542 0.126852 0.598775
56 0.23125 0.556944 0.0375 0.0842593 0.63632
56 0.172917 0.797685 0.135417 0.400926 0.673249
56 0.848698 0.607407 0.114063 0.244444 0.70242
56 0.0848958 0.558796 0.046875 0.0805556 0.721015
60 0.403906 0.672685 0.333854 0.115741 0.733551
62 0.161458 0.393519 0.24375 0.255556 0.795104
0 0.202865 0.70787 0.193229 0.560185 0.841344
56 0.0869792 0.758333 0.115625 0.32037 0.852008
0 0.522396 0.680556 0.157292 0.525926 0.86742
56 0.378646 0.844907 0.205208 0.293519 0.89689
0 0.955469 0.35463 0.0880208 0.588889 0.909722
56 0.643229 0.789815 0.163542 0.407407 0.921578
0 0.34375 0.538426 0.138542 0.232407 0.937431
