56 0.989844 0.759722 0.0203125 0.162037 0.251892
56 0.146354 0.516204 0.0479167 0.0361111 0.272253
56 0.151823 0.536574 0.0609375 0.0768519 0.337456
56 0.219792 0.528704 0.0447917 0.0666667 0.388955
56 0.0239583 0.543981 0.046875 0.0342593 0.439926
56 0.0273438 0.693519 0.0546875 0.181481 0.517651
56 0.0119792 0.583796 0.0239583 0.0527778 0.519608
56 0.0351562 0.798611 0.0703125 0.360185 0.523062
56 0.220052 0.510648 0.0421875 0.0305556 0.528289
56 0.0744792 0.635185 0.05625 0.192593 0.556664
56 0.982552 0.712037 0.0348958 0.153704 0.583003
56 0.138281 0.624074 0.0703125 0.194444 0.719939
60 0.524219 0.657407 0.338021 0.116667 0.726703
0 0.501823 0.527778 0.150521 0.355556 0.746152
56 0.96875 0.664815 0.0625 0.157407 0.7637
56 0.203906 0.726389 0.0859375 0.300926 0.773865
56 0.358854 0.533333 0.0333333 0.0777778 0.783104
56 0.289323 0.802778 0.126563 0.387037 0.850645
0 0.328906 0.70463 0.183854 0.572222 0.87953
62 0.295052 0.374537 0.228646 0.252778 0.880211
0 0.644271 0.498611 0.14375 0.234259 0.893784
56 0.49974 0.834722 0.195312 0.319444 0.900311
0 0.716406 0.643056 0.221354 0.691667 0.91057
56 0.765365 0.788426 0.177604 0.413889 0.911982
0 0.435677 0.520833 0.0807292 0.225 0.915758
