56 0.940104 0.758796 0.0604167 0.186111 0.465033
0 0.373177 0.531018 0.0869792 0.213889 0.48503
0 0.370313 0.669907 0.0895833 0.497222 0.492355
56 0.949479 0.687037 0.0958333 0.294444 0.501824
56 0.267708 0.699074 0.0791667 0.248148 0.548869
62 0.269792 0.380093 0.165625 0.249074 0.655619
56 0.0619792 0.638426 0.0458333 0.202778 0.679649
56 0.64349 0.572222 0.0223958 0.0407407 0.684166
56 0.922917 0.597685 0.114583 0.237963 0.716929
56 0.278646 0.580556 0.0854167 0.153704 0.738728
56 0.210677 0.675926 0.0630208 0.2 0.750445
0 0.479948 0.69537 0.214062 0.588889 0.770588
56 0.233333 0.824074 0.140625 0.316667 0.789584
56 0.51849 0.832407 0.192188 0.324074 0.892668
56 0.70625 0.788426 0.157292 0.413889 0.893968
0 0.58099 0.503704 0.106771 0.216667 0.91794
0 0.665885 0.647685 0.194271 0.691667 0.923126
0 0.116406 0.527778 0.228646 0.925926 0.941963
