60 0.497917 0.685185 0.11875 0.101852 0.265659
56 0.858333 0.7875 0.0677083 0.206481 0.359719
56 0.0757812 0.569907 0.0473958 0.0805556 0.43684
56 0.949219 0.607407 0.0578125 0.12963 0.499699
56 0.0940104 0.767593 0.115104 0.327778 0.620961
56 0.880208 0.674074 0.145833 0.287037 0.636751
56 0.842188 0.631481 0.122917 0.244444 0.64185
56 0.829948 0.567593 0.0953125 0.124074 0.675024
60 0.395052 0.684722 0.343229 0.106481 0.7259
56 0.204688 0.609722 0.0770833 0.162037 0.745595
62 0.152865 0.405093 0.245312 0.249074 0.749032
0 0.585156 0.669444 0.193229 0.635185 0.813322
0 0.374219 0.558333 0.150521 0.338889 0.820346
0 0.0341146 0.700926 0.0682292 0.575926 0.837391
0 0.304948 0.551852 0.0838542 0.235185 0.859078
56 0.63151 0.799537 0.156771 0.393519 0.886634
56 0.375781 0.849537 0.190104 0.287963 0.887398
0 0.492188 0.534259 0.0947917 0.216667 0.895206
56 0.185156 0.8125 0.198437 0.367593 0.906408
