56 0.178125 0.603704 0.05625 0.185185 0.285323
56 0.0669271 0.63287 0.0463542 0.186111 0.453216
56 0.0273438 0.691667 0.0546875 0.17963 0.476142
0 0.623958 0.509722 0.105208 0.221296 0.507414
56 0.0236979 0.543519 0.0463542 0.0333333 0.548188
56 0.982552 0.7125 0.0348958 0.15463 0.555219
56 0.219792 0.534259 0.0447917 0.0777778 0.569569
60 0.532292 0.658796 0.335417 0.113889 0.611899
56 0.0122396 0.583796 0.0244792 0.0527778 0.634491
56 0.969271 0.665741 0.0614583 0.159259 0.760385
56 0.203385 0.725 0.0880208 0.298148 0.776108
56 0.0429688 0.801852 0.0859375 0.361111 0.78239
56 0.358594 0.535648 0.0348958 0.0824074 0.793204
56 0.41849 0.590278 0.0244792 0.0712963 0.799925
56 0.288802 0.801852 0.124479 0.388889 0.829206
0 0.501042 0.525 0.152083 0.348148 0.845567
0 0.328646 0.706944 0.186458 0.569444 0.857978
0 0.108594 0.575 0.122396 0.707407 0.882731
0 0.721875 0.647685 0.209375 0.684259 0.883938
62 0.295312 0.373148 0.228125 0.253704 0.900138
56 0.764844 0.7875 0.178646 0.415741 0.908768
56 0.499219 0.834722 0.194271 0.319444 0.916079
