56 0.146615 0.516667 0.0484375 0.037037 0.28294
56 0.361979 0.522685 0.0270833 0.062037 0.303391
56 0.151562 0.534722 0.0604167 0.0731481 0.327588
56 0.0239583 0.543519 0.046875 0.0333333 0.363334
64 0.639323 0.639352 0.0338542 0.0361111 0.430661
56 0.219792 0.532407 0.0447917 0.0740741 0.432722
56 0.0270833 0.693519 0.0541667 0.181481 0.470494
56 0.220052 0.510185 0.0421875 0.0314815 0.471359
56 0.0119792 0.583796 0.0239583 0.0527778 0.481754
56 0.0739583 0.636111 0.05625 0.194444 0.493583
56 0.0359375 0.797222 0.071875 0.362963 0.538017
56 0.982292 0.7125 0.0354167 0.152778 0.559256
60 0.523958 0.663426 0.325 0.115741 0.570849
56 0.138281 0.624537 0.0703125 0.193519 0.738891
56 0.969271 0.665741 0.0614583 0.157407 0.750244
56 0.202865 0.725463 0.0911458 0.30463 0.780054
0 0.723437 0.624537 0.207292 0.652778 0.791337
0 0.645833 0.496296 0.145833 0.235185 0.804802
56 0.2875 0.801389 0.121875 0.387963 0.83647
0 0.501562 0.524074 0.15 0.344444 0.840227
0 0.33099 0.70463 0.181771 0.568519 0.885419
62 0.295312 0.374537 0.228125 0.252778 0.893779
56 0.5 0.834722 0.195833 0.319444 0.903175
0 0.436719 0.52037 0.0817708 0.225926 0.916771
56 0.764583 0.788426 0.179167 0.413889 0.92107
