56 0.269271 0.692593 0.0802083 0.261111 0.390053
0 0.365104 0.672222 0.1 0.5 0.404504
56 0.0895833 0.546296 0.0635417 0.0759259 0.426368
56 0.0830729 0.525 0.0484375 0.0351852 0.431665
56 0.940365 0.754167 0.0609375 0.175 0.45804
0 0.371615 0.533333 0.0869792 0.214815 0.478512
56 0.949479 0.691204 0.0958333 0.284259 0.502009
56 0.0195312 0.653241 0.0390625 0.210185 0.503372
56 0.64349 0.571759 0.0223958 0.0398148 0.682224
56 0.198958 0.675 0.0854167 0.2 0.695499
56 0.160156 0.543981 0.0473958 0.0787037 0.700745
56 0.278125 0.580556 0.0864583 0.153704 0.711851
56 0.928385 0.598611 0.120312 0.236111 0.716557
56 0.0705729 0.638889 0.0651042 0.203704 0.735095
0 0.479167 0.694444 0.217708 0.587037 0.767665
56 0.517708 0.83287 0.192708 0.325 0.884522
56 0.704948 0.788426 0.158854 0.413889 0.889341
62 0.235156 0.379167 0.234896 0.249074 0.898662
56 0.201823 0.805093 0.203646 0.382407 0.914805
0 0.666146 0.646296 0.194792 0.692593 0.918365
0 0.58099 0.503704 0.106771 0.216667 0.919289
