56 0.146615 0.516667 0.0484375 0.037037 0.251521
41 0.584115 0.609259 0.0182292 0.0166667 0.252021
56 0.0239583 0.543981 0.046875 0.0324074 0.384369
56 0.152083 0.5375 0.0614583 0.0787037 0.39482
56 0.0270833 0.694907 0.0541667 0.184259 0.438231
60 0.517708 0.65463 0.309375 0.112963 0.470748
56 0.0119792 0.584259 0.0239583 0.0537037 0.483129
56 0.982552 0.712037 0.0348958 0.155556 0.519944
56 0.0341146 0.785648 0.0671875 0.367593 0.536347
56 0.075 0.637963 0.0572917 0.198148 0.552304
56 0.220313 0.534722 0.0447917 0.0787037 0.616069
56 0.138542 0.625463 0.0708333 0.19537 0.721476
56 0.96901 0.666204 0.0619792 0.160185 0.763142
56 0.36276 0.529167 0.0255208 0.0694444 0.772937
56 0.203906 0.725463 0.0911458 0.30463 0.774589
56 0.694271 0.574074 0.0385417 0.0555556 0.786744
56 0.284896 0.800463 0.117708 0.386111 0.823141
0 0.613281 0.50463 0.135937 0.22037 0.825
0 0.333594 0.707407 0.181771 0.568519 0.861032
56 0.481771 0.843056 0.217708 0.297222 0.865316
62 0.295052 0.373148 0.227604 0.251852 0.871219
0 0.703385 0.639352 0.232812 0.70463 0.874461
0 0.920052 0.444444 0.0744792 0.481481 0.902413
56 0.753646 0.790278 0.177083 0.408333 0.906357
0 0.465104 0.521296 0.139583 0.227778 0.936739
