56 0.0200521 0.564815 0.0401042 0.0833333 0.273951
60 0.945573 0.821296 0.107813 0.346296 0.306099
56 0.86224 0.768981 0.0651042 0.212037 0.419144
56 0.835938 0.548611 0.0979167 0.125 0.431388
56 0.0184896 0.652778 0.0369792 0.175926 0.590619
60 0.401302 0.669907 0.332812 0.106481 0.592985
56 0.885156 0.644444 0.138021 0.274074 0.660511
56 0.957292 0.5875 0.0572917 0.125 0.669952
56 0.846875 0.611574 0.11875 0.24537 0.676732
56 0.175 0.818981 0.132292 0.356481 0.734071
56 0.0815104 0.558796 0.0473958 0.0805556 0.737789
56 0.229948 0.55463 0.0307292 0.0796296 0.743495
0 0.5 0.518519 0.101042 0.216667 0.818499
62 0.158333 0.393519 0.244792 0.255556 0.820864
0 0.379687 0.539815 0.151042 0.340741 0.825261
0 0.589583 0.660185 0.194792 0.662963 0.831227
56 0.08125 0.758796 0.117708 0.317593 0.834136
0 0.20625 0.7125 0.186458 0.562037 0.872226
56 0.379687 0.840741 0.192708 0.305556 0.898125
0 0.31276 0.535648 0.0838542 0.230556 0.90664
56 0.632812 0.791667 0.166667 0.409259 0.909856
