60 0.931771 0.791667 0.135417 0.335185 0.266045
60 0.476302 0.658796 0.120312 0.10463 0.288565
56 0.664323 0.668981 0.0411458 0.187963 0.354192
56 0.833854 0.753241 0.0645833 0.210185 0.356171
56 0.925 0.573611 0.0604167 0.123148 0.536407
56 0.0505208 0.547685 0.0479167 0.0805556 0.57029
56 0.810417 0.581944 0.110417 0.210185 0.668388
60 0.375 0.65787 0.346875 0.112037 0.692056
56 0.854167 0.626852 0.139583 0.266667 0.706735
0 0.351823 0.531944 0.153646 0.343519 0.764614
56 0.179948 0.583333 0.0817708 0.159259 0.766014
0 0.56224 0.652778 0.195312 0.662963 0.841893
56 0.0640625 0.74537 0.127083 0.333333 0.848076
0 0.283073 0.525 0.0828125 0.237037 0.878643
56 0.608854 0.784259 0.155208 0.418519 0.886027
62 0.127344 0.378704 0.249479 0.255556 0.889136
56 0.354427 0.836574 0.193229 0.315741 0.891141
0 0.470573 0.505093 0.0953125 0.219444 0.896714
56 0.161979 0.8 0.196875 0.392593 0.907354
