56 0.990365 0.584259 0.0192708 0.103704 0.297542
56 0.0151042 0.658333 0.0302083 0.207407 0.329518
56 0.0804688 0.549537 0.0661458 0.075 0.379062
56 0.0760417 0.53287 0.053125 0.0416667 0.416055
56 0.93099 0.775926 0.0557292 0.224074 0.443373
56 0.910677 0.547222 0.103646 0.12963 0.453089
56 0.942708 0.676852 0.111458 0.266667 0.485194
60 0.454688 0.689815 0.323958 0.107407 0.517026
56 0.238281 0.812037 0.127604 0.368519 0.627907
56 0.923698 0.608333 0.128646 0.25 0.661701
56 0.295052 0.549074 0.0296875 0.087037 0.667777
56 0.59974 0.584722 0.0869792 0.0638889 0.668158
0 0.442448 0.543519 0.186979 0.414815 0.714039
56 0.151302 0.547222 0.0442708 0.0777778 0.733546
56 0.0671875 0.640278 0.0760417 0.199074 0.77373
56 0.145833 0.743981 0.109375 0.310185 0.832729
0 0.263021 0.706481 0.1875 0.562963 0.850395
62 0.227083 0.385648 0.235417 0.252778 0.855977
56 0.448958 0.843518 0.196875 0.301852 0.892474
56 0.689323 0.789352 0.170312 0.410185 0.900976
0 0.641406 0.650926 0.222396 0.687037 0.930297
