56 0.146615 0.516667 0.0484375 0.037037 0.264649
56 0.638021 0.669444 0.133333 0.548148 0.276828
56 0.0481771 0.650463 0.0921875 0.19537 0.314905
56 0.152083 0.536574 0.0614583 0.0768519 0.372876
56 0.0239583 0.543981 0.046875 0.0324074 0.378605
56 0.0119792 0.584259 0.0239583 0.0537037 0.496573
56 0.0289063 0.719907 0.0567708 0.234259 0.523289
56 0.0739583 0.633333 0.0552083 0.188889 0.553963
56 0.982552 0.711574 0.0348958 0.152778 0.570922
56 0.694271 0.661574 0.0520833 0.232407 0.594018
56 0.220313 0.534259 0.0447917 0.0777778 0.602348
60 0.521875 0.655556 0.342708 0.111111 0.676102
0 0.501302 0.525926 0.150521 0.348148 0.739313
56 0.969271 0.665278 0.0614583 0.156481 0.743367
0 0.633333 0.671759 0.128125 0.547222 0.750396
56 0.140104 0.625463 0.075 0.19537 0.75769
56 0.360417 0.528241 0.03125 0.0657407 0.765486
56 0.205208 0.725 0.0864583 0.301852 0.782147
56 0.286979 0.800926 0.122917 0.388889 0.836962
0 0.335417 0.705556 0.1875 0.566667 0.875314
62 0.295312 0.375 0.228125 0.253704 0.882241
56 0.499479 0.835185 0.194792 0.318519 0.89141
0 0.434896 0.519444 0.0802083 0.224074 0.909696
56 0.7625 0.788426 0.182292 0.412037 0.933513
