56 0.146354 0.51713 0.0479167 0.037963 0.258808
56 0.151823 0.536574 0.0609375 0.0768519 0.360828
56 0.0239583 0.544444 0.046875 0.0333333 0.365162
56 0.0119792 0.584259 0.0239583 0.0537037 0.458017
60 0.516667 0.656944 0.307292 0.110185 0.506442
56 0.0273438 0.693519 0.0546875 0.181481 0.514057
56 0.0351562 0.799074 0.0703125 0.357407 0.52
56 0.0739583 0.635648 0.0552083 0.191667 0.524245
56 0.981771 0.6875 0.0364583 0.20463 0.527104
56 0.220313 0.534259 0.0447917 0.0777778 0.579801
56 0.136719 0.625 0.0671875 0.194444 0.719272
56 0.693229 0.573611 0.040625 0.0564815 0.755401
56 0.202083 0.725463 0.0947917 0.30463 0.770498
56 0.361458 0.527778 0.0291667 0.0666667 0.791378
56 0.283854 0.8 0.116667 0.387037 0.815219
62 0.295052 0.373611 0.227604 0.252778 0.854243
0 0.33724 0.707407 0.188021 0.57037 0.862515
0 0.613542 0.509259 0.135417 0.216667 0.876522
56 0.482031 0.842593 0.219271 0.298148 0.876801
0 0.701302 0.640278 0.231771 0.700926 0.892479
56 0.751562 0.790278 0.18125 0.410185 0.901332
0 0.464583 0.518519 0.138542 0.224074 0.937274
0 0.936458 0.477315 0.127083 0.719444 0.94328
