56 0.0239583 0.544444 0.046875 0.0333333 0.335817
56 0.0273438 0.694444 0.0546875 0.183333 0.380568
56 0.196094 0.731944 0.0755208 0.302778 0.381783
56 0.255208 0.852778 0.0895833 0.27963 0.471175
56 0.152604 0.536574 0.0614583 0.0768519 0.494787
56 0.0119792 0.584259 0.0239583 0.0537037 0.517856
56 0.982292 0.7125 0.0354167 0.152778 0.556112
0 0.428906 0.532407 0.0713542 0.233333 0.568508
56 0.21276 0.511574 0.0265625 0.0305556 0.568789
56 0.0744792 0.636574 0.05625 0.193519 0.590378
56 0.0380208 0.793519 0.0760417 0.372222 0.594673
56 0.672917 0.574074 0.028125 0.062963 0.625212
56 0.135156 0.627315 0.0640625 0.199074 0.673387
56 0.96875 0.665278 0.0625 0.158333 0.767201
56 0.353906 0.569907 0.0494792 0.149074 0.802667
0 0.501302 0.683796 0.217187 0.621296 0.821793
62 0.295312 0.375926 0.228125 0.251852 0.847276
0 0.311719 0.716204 0.224479 0.55463 0.892456
56 0.76849 0.784259 0.156771 0.422222 0.899479
0 0.617448 0.50787 0.103646 0.213889 0.900986
56 0.552865 0.821296 0.226562 0.346296 0.901617
0 0.709896 0.639352 0.214583 0.702778 0.926088
