56 0.989844 0.758333 0.0203125 0.162963 0.262209
56 0.146875 0.516667 0.0489583 0.037037 0.262557
56 0.220052 0.528241 0.0453125 0.0675926 0.405869
56 0.153125 0.535185 0.0635417 0.0777778 0.419032
56 0.0239583 0.543519 0.046875 0.0333333 0.456241
56 0.0744792 0.634722 0.0572917 0.191667 0.523262
56 0.0122396 0.584259 0.0244792 0.0537037 0.523378
56 0.034375 0.803241 0.06875 0.35463 0.525895
0 0.624219 0.509722 0.105729 0.234259 0.557561
56 0.220313 0.509722 0.0427083 0.0305556 0.562606
56 0.0273438 0.693981 0.0546875 0.182407 0.580137
56 0.982552 0.7125 0.0348958 0.152778 0.585176
60 0.530469 0.661111 0.343229 0.109259 0.61399
56 0.211458 0.708796 0.109375 0.337963 0.661382
56 0.138281 0.623611 0.0703125 0.193519 0.716684
0 0.501562 0.527778 0.151042 0.353704 0.743197
56 0.96901 0.665278 0.0619792 0.158333 0.760371
56 0.271615 0.798148 0.115104 0.398148 0.855548
0 0.329688 0.710648 0.165625 0.569444 0.868976
0 0.721615 0.648611 0.210938 0.682407 0.88803
62 0.295052 0.374074 0.228646 0.251852 0.892453
56 0.49974 0.834722 0.195312 0.319444 0.90411
56 0.764323 0.787963 0.179688 0.414815 0.910922
0 0.43724 0.518056 0.0796875 0.221296 0.919067
