27 0.345052 0.581481 0.0276042 0.087037 0.261057
56 0.151042 0.531944 0.059375 0.0694444 0.300478
56 0.146354 0.51713 0.0479167 0.037963 0.327002
56 0.0239583 0.543981 0.046875 0.0324074 0.338294
60 0.516406 0.658333 0.304688 0.127778 0.387587
56 0.0270833 0.693981 0.0541667 0.182407 0.450436
56 0.0122396 0.584259 0.0244792 0.0537037 0.483507
56 0.0742188 0.636574 0.0567708 0.193519 0.520199
56 0.0335938 0.784259 0.0661458 0.364815 0.526612
56 0.982552 0.711574 0.0348958 0.150926 0.580201
56 0.220313 0.534259 0.0447917 0.0777778 0.612386
56 0.1375 0.625463 0.0697917 0.193519 0.703951
56 0.96901 0.665741 0.0619792 0.157407 0.746465
56 0.203125 0.725463 0.0927083 0.30463 0.779888
56 0.360938 0.528241 0.03125 0.0657407 0.780707
56 0.69349 0.574074 0.0401042 0.0555556 0.789604
56 0.285677 0.800463 0.118229 0.387963 0.825044
0 0.504427 0.537037 0.152604 0.396296 0.833659
0 0.33776 0.707407 0.188021 0.564815 0.867918
62 0.295052 0.375 0.228646 0.251852 0.887399
56 0.497656 0.833333 0.197396 0.32037 0.889111
56 0.753385 0.790741 0.178646 0.409259 0.890082
0 0.434896 0.51713 0.0802083 0.221296 0.906118
0 0.628125 0.505093 0.105208 0.215741 0.919339
0 0.702865 0.642593 0.230729 0.7 0.921637
