56 0.700521 0.687037 0.0427083 0.192593 0.279715
56 0.844792 0.551852 0.0989583 0.125926 0.283607
60 0.952344 0.82037 0.0953125 0.337037 0.363569
56 0.00989583 0.584722 0.0197917 0.0583333 0.407577
56 0.0161458 0.542593 0.0322917 0.0351852 0.469301
56 0.966406 0.59213 0.0598958 0.125 0.47388
56 0.115885 0.856481 0.193229 0.264815 0.502416
62 0.195052 0.389815 0.184896 0.25 0.53823
56 0.875521 0.773611 0.0708333 0.213889 0.550083
56 0.0192708 0.644907 0.0385417 0.180556 0.625308
56 0.852865 0.60787 0.118229 0.234259 0.666075
56 0.892708 0.64537 0.142708 0.274074 0.66773
60 0.407031 0.672222 0.328646 0.105556 0.696675
0 0.386719 0.541667 0.153646 0.340741 0.779609
56 0.222396 0.595833 0.0645833 0.162037 0.797097
0 0.505208 0.519444 0.0958333 0.218519 0.8091
0 0.320312 0.537037 0.0854167 0.235185 0.826246
0 0.595573 0.6625 0.198437 0.65463 0.829828
56 0.640885 0.793519 0.165104 0.403704 0.885769
56 0.390625 0.84213 0.189583 0.300926 0.891536
0 0.151823 0.642593 0.266146 0.705556 0.918719
