56 0.0158854 0.556944 0.0317708 0.0787037 0.281097
56 0.0643229 0.528241 0.0473958 0.0361111 0.285105
0 0.489323 0.661111 0.114063 0.538889 0.3041
56 0.820052 0.541204 0.0963542 0.128704 0.349874
56 0.139583 0.9 0.127083 0.2 0.434402
56 0.848437 0.7625 0.0677083 0.20463 0.468477
56 0.0645833 0.550926 0.0489583 0.0796296 0.472672
56 0.939844 0.579167 0.0578125 0.125 0.585181
56 0.830208 0.597685 0.116667 0.232407 0.600631
0 0.483333 0.510648 0.0958333 0.217593 0.640498
60 0.383333 0.663426 0.327083 0.108333 0.646292
56 0.865625 0.634259 0.138542 0.275926 0.699107
0 0.366146 0.537037 0.153125 0.348148 0.704226
56 0.213542 0.585648 0.04375 0.152778 0.706773
56 0.0539063 0.761111 0.0890625 0.307407 0.800573
62 0.14349 0.387037 0.248437 0.257407 0.848778
56 0.619271 0.787037 0.165625 0.414815 0.890225
0 0.573958 0.658796 0.197917 0.665741 0.893818
0 0.299479 0.530556 0.0854167 0.233333 0.897012
56 0.366406 0.838889 0.194271 0.311111 0.897427
0 0.171875 0.709722 0.209375 0.576852 0.908932
