56 0.0442708 0.656944 0.0885417 0.200926 0.338237
56 0.0239583 0.543981 0.046875 0.0324074 0.367642
56 0.0348958 0.797222 0.0697917 0.357407 0.388603
56 0.152344 0.5375 0.0619792 0.0787037 0.428176
60 0.516406 0.655556 0.306771 0.111111 0.448251
56 0.0119792 0.584259 0.0239583 0.0537037 0.463755
56 0.0736979 0.634722 0.0557292 0.189815 0.528395
56 0.0270833 0.69537 0.0541667 0.185185 0.548641
56 0.982552 0.712037 0.0348958 0.153704 0.55274
56 0.220313 0.534722 0.0447917 0.0768519 0.661404
56 0.694531 0.574537 0.0380208 0.0564815 0.690941
56 0.13724 0.625463 0.0692708 0.19537 0.731494
56 0.363021 0.529167 0.0260417 0.0694444 0.760266
56 0.96875 0.665741 0.0625 0.159259 0.764639
56 0.202083 0.725463 0.0947917 0.30463 0.779583
0 0.613802 0.505093 0.136979 0.221296 0.81211
56 0.284375 0.800463 0.116667 0.386111 0.819417
0 0.334115 0.708333 0.181771 0.568519 0.853142
62 0.295052 0.373611 0.227604 0.252778 0.861896
56 0.482552 0.843056 0.219271 0.297222 0.865403
0 0.91901 0.443519 0.0713542 0.481481 0.879147
0 0.703906 0.640278 0.231771 0.702778 0.899742
56 0.750781 0.790741 0.182812 0.409259 0.901725
0 0.464844 0.521296 0.139062 0.227778 0.934977
