56 0.0273438 0.69213 0.0546875 0.180556 0.338709
56 0.0239583 0.543981 0.046875 0.0342593 0.386813
56 0.33776 0.644907 0.0557292 0.221296 0.390711
56 0.152083 0.5375 0.0614583 0.0787037 0.419342
56 0.0125 0.583333 0.025 0.0537037 0.427782
56 0.0744792 0.6375 0.0572917 0.199074 0.485653
56 0.982552 0.7125 0.0348958 0.15463 0.544267
56 0.342969 0.570833 0.0692708 0.15463 0.5458
56 0.0380208 0.795833 0.0760417 0.376852 0.615081
60 0.527344 0.65787 0.331771 0.108333 0.629067
0 0.501042 0.529167 0.152083 0.350926 0.658801
56 0.220313 0.533333 0.0447917 0.0759259 0.662754
56 0.139062 0.624537 0.071875 0.19537 0.696894
56 0.96901 0.665741 0.0619792 0.157407 0.759237
0 0.622917 0.505093 0.102083 0.221296 0.798127
56 0.224479 0.721296 0.129167 0.311111 0.80634
0 0.719271 0.650926 0.2125 0.677778 0.869035
56 0.500781 0.834722 0.192188 0.319444 0.8894
62 0.295052 0.374074 0.228646 0.251852 0.889753
0 0.435156 0.519444 0.0786458 0.225926 0.894107
56 0.3125 0.793519 0.182292 0.405556 0.903874
56 0.763281 0.787963 0.180729 0.414815 0.906005
