0 0.308594 0.524074 0.0776042 0.172222 0.265732
56 0.0239583 0.544907 0.046875 0.0324074 0.323987
56 0.152083 0.537037 0.0614583 0.0777778 0.353173
56 0.0276042 0.690741 0.0552083 0.177778 0.371251
56 0.0119792 0.584259 0.0239583 0.0537037 0.463559
56 0.0739583 0.636574 0.0552083 0.19537 0.507088
56 0.0320312 0.771296 0.0630208 0.340741 0.517518
56 0.982552 0.712037 0.0348958 0.151852 0.551387
56 0.220052 0.534259 0.0453125 0.0777778 0.651909
56 0.13724 0.626852 0.0692708 0.198148 0.714539
56 0.96849 0.665278 0.0630208 0.158333 0.773308
56 0.676823 0.568056 0.0338542 0.0472222 0.790246
56 0.215885 0.724537 0.115104 0.312037 0.805792
0 0.495833 0.638889 0.220833 0.583333 0.814411
0 0.336979 0.715278 0.138542 0.549074 0.835523
56 0.495313 0.834259 0.191667 0.318519 0.861834
56 0.294792 0.797222 0.129167 0.396296 0.883158
62 0.294792 0.375 0.228125 0.253704 0.883337
0 0.61849 0.50787 0.0932292 0.213889 0.902701
0 0.721094 0.643981 0.218229 0.682407 0.904368
56 0.776823 0.787963 0.168229 0.418519 0.907041
0 0.435156 0.519907 0.0859375 0.228704 0.909386
