64 0.639583 0.638889 0.0322917 0.037037 0.257812
56 0.642708 0.628704 0.108333 0.175926 0.283765
56 0.146354 0.516667 0.0479167 0.037037 0.292822
56 0.151823 0.535185 0.0609375 0.0759259 0.361246
56 0.0239583 0.543981 0.046875 0.0342593 0.403101
56 0.0747396 0.634722 0.0578125 0.191667 0.506112
56 0.0119792 0.583796 0.0239583 0.0527778 0.516281
56 0.0270833 0.693056 0.0541667 0.180556 0.520291
56 0.0354167 0.8 0.0708333 0.361111 0.520933
56 0.982292 0.7125 0.0354167 0.152778 0.545335
60 0.529688 0.660185 0.332292 0.118519 0.549141
56 0.220313 0.534259 0.0447917 0.0777778 0.559503
56 0.648438 0.574537 0.096875 0.0657407 0.65741
56 0.13776 0.624074 0.0682292 0.192593 0.737979
56 0.205469 0.724537 0.0859375 0.302778 0.78822
56 0.968229 0.665741 0.0635417 0.159259 0.789547
56 0.360417 0.527778 0.0322917 0.0685185 0.792643
56 0.283854 0.800926 0.114583 0.385185 0.822084
0 0.501823 0.528241 0.151562 0.34537 0.829775
0 0.332292 0.706481 0.18125 0.572222 0.869507
62 0.295312 0.373611 0.228125 0.252778 0.899065
56 0.498437 0.834259 0.195833 0.318519 0.904022
0 0.436458 0.520833 0.0822917 0.223148 0.913018
56 0.765104 0.788426 0.179167 0.413889 0.915788
0 0.717708 0.652778 0.216667 0.675926 0.927535
