71 0.978646 0.727315 0.0427083 0.143519 0.320974
56 0.0947917 0.616667 0.0375 0.205556 0.323111
56 0.297656 0.549537 0.0244792 0.087963 0.324354
56 0.90651 0.712037 0.0484375 0.162963 0.327574
60 0.455469 0.692593 0.326562 0.105556 0.453102
0 0.44349 0.612963 0.188021 0.581481 0.489562
56 0.599479 0.584722 0.0864583 0.0638889 0.687829
56 0.150521 0.547685 0.0458333 0.0787037 0.730263
56 0.89401 0.669444 0.0755208 0.157407 0.730723
56 0.239323 0.8125 0.132812 0.371296 0.731944
0 0.264583 0.711574 0.184375 0.558333 0.822512
62 0.226302 0.384259 0.235938 0.251852 0.865664
56 0.148177 0.74213 0.104687 0.312037 0.875932
56 0.447656 0.843518 0.195312 0.303704 0.878358
0 0.952865 0.537963 0.0942708 0.735185 0.878871
0 0.0455729 0.575926 0.0911458 0.674074 0.90219
56 0.689062 0.789352 0.169792 0.412037 0.905702
0 0.640885 0.650926 0.222396 0.687037 0.932185
