56 0.146354 0.516667 0.0479167 0.037037 0.252537
56 0.0239583 0.543981 0.046875 0.0324074 0.410623
56 0.152083 0.5375 0.0614583 0.0787037 0.428076
56 0.0119792 0.584259 0.0239583 0.0537037 0.470115
56 0.0304688 0.752778 0.0598958 0.301852 0.517456
56 0.982552 0.7125 0.0348958 0.15463 0.537832
56 0.075 0.634259 0.0572917 0.190741 0.583845
56 0.694271 0.575926 0.0375 0.0592593 0.653612
56 0.220052 0.534259 0.0442708 0.0777778 0.673537
56 0.138542 0.623611 0.0697917 0.191667 0.73325
56 0.969531 0.666204 0.0609375 0.158333 0.740223
56 0.360156 0.528704 0.0307292 0.0666667 0.760119
56 0.202865 0.724074 0.0911458 0.301852 0.763934
62 0.295052 0.375 0.227604 0.253704 0.769669
0 0.338281 0.707407 0.192188 0.568519 0.78808
56 0.28151 0.8 0.113021 0.387037 0.788237
0 0.636979 0.501389 0.090625 0.213889 0.819622
0 0.723698 0.638889 0.192188 0.696296 0.865651
56 0.48125 0.842593 0.214583 0.298148 0.889532
56 0.755469 0.789815 0.173438 0.409259 0.899162
0 0.515885 0.604167 0.240104 0.739815 0.91279
