56 0.146615 0.51713 0.0484375 0.037963 0.265552
56 0.984635 0.699537 0.0307292 0.143519 0.339965
56 0.151823 0.536111 0.0609375 0.0759259 0.348818
56 0.0239583 0.543981 0.046875 0.0324074 0.365185
56 0.0270833 0.693981 0.0541667 0.182407 0.462579
56 0.0119792 0.584259 0.0239583 0.0537037 0.478741
56 0.0752604 0.638889 0.0588542 0.2 0.503385
56 0.0330729 0.783333 0.0651042 0.362963 0.52695
60 0.517187 0.656482 0.307292 0.111111 0.546834
56 0.220313 0.534722 0.0447917 0.0787037 0.549736
56 0.694531 0.574074 0.0380208 0.0555556 0.694309
56 0.138021 0.622685 0.06875 0.189815 0.698726
56 0.973698 0.675926 0.0515625 0.181481 0.731197
56 0.361719 0.527778 0.0286458 0.0666667 0.766788
56 0.202604 0.725463 0.0947917 0.30463 0.780847
56 0.284115 0.800463 0.115104 0.386111 0.832208
56 0.48099 0.843056 0.214062 0.297222 0.862769
0 0.335156 0.70787 0.182812 0.571296 0.86669
0 0.614583 0.504167 0.134375 0.221296 0.874624
62 0.295052 0.373611 0.227604 0.252778 0.882332
0 0.69349 0.643056 0.247396 0.702778 0.887542
56 0.752083 0.790278 0.180208 0.410185 0.903674
0 0.464583 0.518981 0.138542 0.225 0.933811
0 0.928125 0.465278 0.130208 0.623148 0.939172
