56 0.989844 0.757407 0.0203125 0.162963 0.254417
56 0.0268229 0.680093 0.0536458 0.158333 0.301758
56 0.0140625 0.541667 0.028125 0.0314815 0.350206
60 0.627083 0.657407 0.126042 0.103704 0.355684
56 0.33724 0.644907 0.0567708 0.223148 0.464087
56 0.220573 0.511111 0.0432292 0.0314815 0.477841
56 0.0119792 0.584259 0.0239583 0.0518519 0.55282
56 0.982292 0.712963 0.0354167 0.155556 0.566716
60 0.526302 0.658796 0.332812 0.108333 0.62832
56 0.339583 0.570833 0.0760417 0.15463 0.631691
56 0.234896 0.717593 0.109375 0.303704 0.730753
56 0.0403646 0.794444 0.0807292 0.372222 0.760901
0 0.500521 0.526389 0.152083 0.349074 0.765738
56 0.96901 0.665741 0.0619792 0.157407 0.774727
0 0.622135 0.504167 0.100521 0.221296 0.838488
0 0.719792 0.643981 0.208333 0.693519 0.839587
62 0.295312 0.374537 0.228125 0.252778 0.889998
56 0.500781 0.834722 0.192188 0.319444 0.895251
0 0.434896 0.519444 0.0802083 0.225926 0.899927
56 0.764063 0.787963 0.180208 0.414815 0.909406
56 0.31276 0.793981 0.183854 0.40463 0.909741
0 0.111198 0.635648 0.171354 0.665741 0.915712
