56 0.146615 0.516204 0.0484375 0.037963 0.251901
60 0.628906 0.65787 0.129688 0.10463 0.282253
56 0.338021 0.643519 0.05625 0.224074 0.317841
56 0.0239583 0.543519 0.046875 0.0333333 0.388336
56 0.152344 0.536111 0.0619792 0.0777778 0.400342
56 0.0273438 0.69213 0.0546875 0.180556 0.43978
56 0.0122396 0.584259 0.0244792 0.0537037 0.457731
56 0.0747396 0.639815 0.0578125 0.201852 0.488734
56 0.0348958 0.795833 0.0697917 0.369444 0.553299
56 0.982552 0.712963 0.0348958 0.155556 0.559786
56 0.340365 0.571296 0.0744792 0.153704 0.565669
60 0.527865 0.661574 0.333854 0.112037 0.578761
56 0.220052 0.533796 0.0453125 0.0768519 0.668183
0 0.500781 0.529167 0.152604 0.350926 0.697429
56 0.140104 0.622222 0.0729167 0.190741 0.726205
0 0.622135 0.502778 0.102604 0.225926 0.753051
56 0.96901 0.665741 0.0619792 0.159259 0.768603
56 0.223438 0.721296 0.13125 0.311111 0.803264
0 0.721875 0.651389 0.208333 0.675 0.819869
0 0.434375 0.517593 0.0791667 0.22963 0.872089
56 0.501042 0.835185 0.190625 0.32037 0.88943
62 0.295312 0.373611 0.228125 0.252778 0.89788
56 0.764323 0.7875 0.179688 0.415741 0.900707
56 0.311979 0.793056 0.183333 0.40463 0.905515
