56 0.663542 0.661111 0.2125 0.666667 0.333346
56 0.0893229 0.543056 0.0598958 0.0675926 0.376813
56 0.0838542 0.525926 0.05 0.0351852 0.417924
56 0.940365 0.75463 0.0598958 0.175926 0.439269
56 0.949479 0.686574 0.0958333 0.286111 0.501517
56 0.248177 0.790278 0.135937 0.417593 0.626867
62 0.235677 0.381019 0.233854 0.25463 0.66099
56 0.0776042 0.636111 0.0760417 0.196296 0.67414
0 0.450781 0.539352 0.186979 0.412037 0.679378
56 0.301042 0.538426 0.0354167 0.0694444 0.692362
56 0.160156 0.543519 0.0463542 0.0796296 0.704781
56 0.923958 0.597222 0.115625 0.237037 0.722482
56 0.596094 0.57963 0.0734375 0.0666667 0.784513
56 0.158854 0.738426 0.109375 0.310185 0.841087
0 0.364062 0.511574 0.0854167 0.213889 0.856047
0 0.273958 0.706019 0.182292 0.576852 0.883691
56 0.457812 0.841667 0.19375 0.305556 0.891776
56 0.699479 0.788426 0.16875 0.413889 0.892452
0 0.690104 0.380093 0.178125 0.408333 0.928125
0 0.652344 0.643056 0.219271 0.69537 0.936597
