56 0.146354 0.516667 0.0479167 0.037037 0.284519
56 0.152083 0.534722 0.0614583 0.075 0.361866
56 0.220052 0.511574 0.0421875 0.0342593 0.387555
56 0.0236979 0.543519 0.0473958 0.0333333 0.435116
56 0.0119792 0.583333 0.0239583 0.0537037 0.499493
56 0.220052 0.533796 0.0442708 0.0768519 0.501453
56 0.0273438 0.691204 0.0546875 0.178704 0.511215
56 0.0742188 0.634722 0.0557292 0.191667 0.545029
0 0.624219 0.509259 0.104687 0.22037 0.546185
56 0.982552 0.712963 0.0348958 0.153704 0.560106
56 0.0380208 0.800463 0.0760417 0.363889 0.636945
60 0.533073 0.660185 0.335938 0.114815 0.637043
56 0.13724 0.626852 0.0692708 0.2 0.710938
56 0.96875 0.665741 0.0625 0.159259 0.768716
56 0.203906 0.725926 0.0869792 0.301852 0.771291
56 0.358333 0.534722 0.034375 0.0805556 0.77472
56 0.41849 0.590278 0.0244792 0.0712963 0.78479
56 0.288542 0.801389 0.125 0.387963 0.85193
0 0.501302 0.526852 0.151562 0.351852 0.854781
0 0.328906 0.706481 0.186979 0.568519 0.872552
0 0.722917 0.644907 0.208333 0.682407 0.876336
62 0.295573 0.374537 0.228646 0.252778 0.904834
56 0.764583 0.7875 0.179167 0.415741 0.912678
56 0.499479 0.834722 0.194792 0.319444 0.917035
