64 0.639844 0.6375 0.0338542 0.037963 0.283866
56 0.641927 0.624537 0.110937 0.165741 0.283995
56 0.146354 0.516204 0.0479167 0.0361111 0.287308
56 0.151823 0.535648 0.0609375 0.075 0.329382
56 0.0239583 0.543981 0.046875 0.0342593 0.420608
56 0.0270833 0.693519 0.0541667 0.181481 0.476575
56 0.0119792 0.584259 0.0239583 0.0537037 0.483193
56 0.0739583 0.635648 0.05625 0.193519 0.536756
56 0.0369792 0.797222 0.0739583 0.364815 0.536823
60 0.529167 0.660185 0.333333 0.118519 0.546313
56 0.220313 0.534259 0.0447917 0.0777778 0.555165
56 0.982552 0.711574 0.0348958 0.150926 0.569253
56 0.648438 0.574537 0.0979167 0.0657407 0.673813
56 0.138021 0.625 0.0708333 0.196296 0.721865
56 0.96875 0.665741 0.0625 0.159259 0.759676
56 0.202604 0.725463 0.090625 0.30463 0.788144
56 0.359896 0.528241 0.03125 0.0675926 0.789932
56 0.284375 0.801389 0.116667 0.386111 0.832621
0 0.501562 0.527778 0.151042 0.346296 0.837956
0 0.332552 0.706944 0.183854 0.573148 0.870367
62 0.295312 0.374537 0.228125 0.252778 0.888357
56 0.498958 0.834259 0.194792 0.318519 0.898384
0 0.435937 0.519907 0.08125 0.225 0.913865
56 0.764844 0.788426 0.178646 0.413889 0.91965
0 0.717969 0.65 0.218229 0.681481 0.929546
