56 0.146615 0.516667 0.0484375 0.037037 0.251285
60 0.530469 0.661111 0.335938 0.124074 0.293614
64 0.639063 0.638426 0.0333333 0.037963 0.331556
56 0.152344 0.5375 0.0619792 0.0787037 0.386892
56 0.0239583 0.543981 0.046875 0.0324074 0.399992
56 0.0119792 0.584259 0.0239583 0.0537037 0.428484
27 0.34349 0.584259 0.0265625 0.0833333 0.452041
56 0.0354167 0.798611 0.0708333 0.356481 0.481157
56 0.982552 0.711574 0.0348958 0.152778 0.511641
56 0.0270833 0.692593 0.0541667 0.17963 0.525924
56 0.0742188 0.637037 0.0557292 0.196296 0.564337
56 0.220052 0.534259 0.0442708 0.0777778 0.593237
56 0.648958 0.573148 0.0979167 0.062963 0.665292
56 0.138281 0.624074 0.0703125 0.192593 0.709928
56 0.96875 0.666204 0.0625 0.160185 0.728036
56 0.204688 0.725 0.0885417 0.303704 0.785311
56 0.360677 0.527315 0.0307292 0.0657407 0.792965
56 0.285677 0.801852 0.120312 0.387037 0.819604
0 0.501562 0.525926 0.152083 0.346296 0.857964
0 0.335417 0.706481 0.186458 0.57037 0.872655
62 0.295052 0.374537 0.228646 0.252778 0.88782
56 0.498437 0.834259 0.19375 0.318519 0.894811
0 0.436198 0.519444 0.0817708 0.225926 0.907133
56 0.764844 0.787963 0.178646 0.412963 0.919276
0 0.716927 0.647222 0.217187 0.685185 0.928453
