56 0.963542 0.771296 0.0708333 0.233333 0.261985
56 0.0190104 0.652778 0.0380208 0.212963 0.352294
56 0.0838542 0.526389 0.05 0.037963 0.400131
56 0.940104 0.754167 0.059375 0.176852 0.442829
56 0.642969 0.572222 0.0213542 0.0388889 0.463586
56 0.0893229 0.548148 0.0619792 0.0796296 0.486819
56 0.95 0.7 0.0947917 0.261111 0.496349
56 0.922656 0.546759 0.102604 0.134259 0.499015
60 0.535156 0.660185 0.188021 0.0981481 0.573415
56 0.197917 0.678704 0.08125 0.192593 0.608985
56 0.161198 0.542593 0.0494792 0.0814815 0.658375
56 0.935417 0.611574 0.128125 0.256481 0.723509
56 0.0716146 0.639352 0.0671875 0.20463 0.729868
0 0.266406 0.47963 0.168229 0.581481 0.801839
56 0.703646 0.7875 0.161458 0.412037 0.863128
56 0.520312 0.844907 0.195833 0.29537 0.880369
0 0.649219 0.643981 0.225521 0.693519 0.90678
56 0.185937 0.805556 0.15625 0.37963 0.909976
0 0.566667 0.512963 0.135417 0.231481 0.915805
0 0.367188 0.598148 0.226042 0.77963 0.918842
