56 0.0677083 0.536574 0.0489583 0.0361111 0.269203
56 0.948177 0.780093 0.100521 0.228704 0.299826
60 0.45651 0.693981 0.335938 0.0972222 0.45744
56 0.0729167 0.55787 0.0625 0.0787037 0.493994
56 0.23151 0.809259 0.132812 0.374074 0.683872
56 0.285677 0.55463 0.0380208 0.0833333 0.684855
56 0.908073 0.610648 0.116146 0.237963 0.706253
56 0.14375 0.555093 0.0447917 0.0768519 0.724573
56 0.938542 0.657407 0.120833 0.274074 0.729373
56 0.0567708 0.649074 0.0697917 0.201852 0.738157
0 0.4375 0.551852 0.186458 0.416667 0.802548
62 0.220313 0.393056 0.235417 0.250926 0.823465
56 0.139583 0.750463 0.110417 0.312037 0.83366
0 0.577083 0.522685 0.135417 0.206481 0.844507
0 0.25625 0.711574 0.188542 0.569444 0.866269
0 0.634115 0.652315 0.223438 0.680556 0.896046
56 0.442187 0.844907 0.194792 0.299074 0.902902
0 0.366667 0.535185 0.08125 0.224074 0.903117
56 0.684896 0.793519 0.166667 0.405556 0.914473
