56 0.146615 0.516204 0.0484375 0.0361111 0.256246
56 0.151823 0.5375 0.0609375 0.0787037 0.354494
56 0.0242187 0.543981 0.0473958 0.0324074 0.356903
60 0.516146 0.655556 0.305208 0.111111 0.459007
56 0.0122396 0.583796 0.0244792 0.0527778 0.493277
56 0.982292 0.713426 0.0354167 0.156481 0.505029
56 0.03125 0.764815 0.0614583 0.325926 0.508501
56 0.0744792 0.633796 0.0552083 0.189815 0.554031
56 0.220313 0.534722 0.0447917 0.0768519 0.595354
56 0.13776 0.625 0.0692708 0.194444 0.699228
56 0.694531 0.574074 0.0380208 0.0555556 0.739115
56 0.96875 0.665741 0.0625 0.159259 0.756077
56 0.363021 0.52963 0.0260417 0.0685185 0.758257
56 0.205469 0.724537 0.0869792 0.302778 0.782099
56 0.283333 0.800463 0.113542 0.386111 0.824762
0 0.613542 0.50463 0.136458 0.22037 0.847821
0 0.334375 0.708333 0.18125 0.568519 0.854482
56 0.482812 0.842593 0.219792 0.298148 0.869418
62 0.295052 0.373611 0.227604 0.252778 0.874966
0 0.919271 0.443981 0.06875 0.480556 0.900673
56 0.752865 0.790278 0.178646 0.408333 0.901611
0 0.705469 0.641204 0.228646 0.700926 0.907134
0 0.464844 0.521296 0.139062 0.227778 0.935519
