56 0.10625 0.541667 0.0635417 0.0685185 0.29483
56 0.0177083 0.813426 0.0354167 0.362037 0.334594
60 0.478906 0.688889 0.345313 0.107407 0.339918
0 0.23125 0.473148 0.0385417 0.0777778 0.384355
56 0.101562 0.525463 0.0489583 0.0361111 0.465921
56 0.967188 0.76713 0.0645833 0.213889 0.470772
56 0.959375 0.6875 0.08125 0.347222 0.513368
56 0.266667 0.808796 0.135417 0.375 0.602558
56 0.0289063 0.655556 0.0578125 0.22037 0.642461
56 0.31875 0.546296 0.0291667 0.0851852 0.648883
56 0.177083 0.543981 0.04375 0.0787037 0.653997
0 0.466667 0.540278 0.1875 0.419444 0.688795
56 0.0955729 0.634722 0.0755208 0.19537 0.729862
56 0.624219 0.578241 0.0869792 0.0638889 0.733947
56 0.941667 0.602315 0.1125 0.260185 0.743736
0 0.28776 0.705556 0.185937 0.568519 0.80809
56 0.172656 0.739815 0.109896 0.307407 0.827901
56 0.716146 0.786111 0.171875 0.414815 0.901008
56 0.473958 0.841667 0.197917 0.307407 0.903444
62 0.252344 0.377778 0.234896 0.25 0.904044
0 0.666927 0.644907 0.225521 0.691667 0.934547
