56 0.0895833 0.542593 0.0625 0.0685185 0.35885
0 0.00833333 0.551852 0.0166667 0.237037 0.38328
56 0.940625 0.757407 0.0604167 0.183333 0.436103
56 0.0835937 0.525926 0.0505208 0.037037 0.438073
56 0.949219 0.683333 0.0973958 0.301852 0.503114
56 0.642708 0.573148 0.021875 0.0407407 0.534774
60 0.466667 0.6625 0.320833 0.110185 0.590801
0 0.3875 0.687037 0.101042 0.52963 0.623776
56 0.927344 0.601389 0.119271 0.241667 0.705683
56 0.0770833 0.638889 0.0791667 0.2 0.731849
56 0.159896 0.543981 0.046875 0.0787037 0.75264
56 0.294792 0.578704 0.053125 0.15 0.804327
62 0.235677 0.381481 0.234896 0.248148 0.807294
56 0.176563 0.736574 0.15625 0.321296 0.820622
56 0.502604 0.844444 0.2 0.294444 0.867968
56 0.704427 0.787963 0.160938 0.411111 0.879858
0 0.565625 0.510648 0.135417 0.232407 0.896411
56 0.314583 0.796296 0.172917 0.398148 0.898911
0 0.648438 0.646296 0.228125 0.692593 0.909426
