56 0.990104 0.758796 0.0197917 0.163889 0.277327
56 0.638542 0.667593 0.134375 0.540741 0.277926
56 0.0502604 0.653704 0.0953125 0.203704 0.324303
56 0.0239583 0.543981 0.046875 0.0324074 0.378267
56 0.152344 0.537963 0.0619792 0.0796296 0.468693
56 0.0351562 0.798611 0.0703125 0.358333 0.470145
56 0.0122396 0.584259 0.0244792 0.0537037 0.482653
56 0.0742188 0.635648 0.0557292 0.193519 0.544903
56 0.69401 0.662037 0.0536458 0.233333 0.545415
56 0.982292 0.711574 0.034375 0.150926 0.561467
56 0.0270833 0.694907 0.0541667 0.184259 0.563896
56 0.220313 0.534259 0.0447917 0.0777778 0.6807
60 0.522917 0.655093 0.341667 0.110185 0.683742
56 0.139583 0.624074 0.0729167 0.192593 0.712401
56 0.969271 0.665278 0.0614583 0.156481 0.731291
0 0.633594 0.67037 0.128646 0.542593 0.735121
0 0.501042 0.526389 0.15 0.349074 0.746429
56 0.360417 0.528241 0.03125 0.0675926 0.766745
56 0.203906 0.725463 0.0890625 0.30463 0.780068
56 0.286979 0.801852 0.121875 0.388889 0.850273
62 0.295052 0.374537 0.228646 0.252778 0.875037
0 0.335417 0.705093 0.186458 0.567593 0.881714
56 0.499219 0.835185 0.194271 0.318519 0.886556
0 0.435156 0.519444 0.0796875 0.224074 0.90965
56 0.7625 0.788426 0.182292 0.412037 0.935228
