56 0.908333 0.580556 0.120833 0.15 0.250543
56 0.0338542 0.565278 0.065625 0.0768519 0.348218
56 0.0289063 0.54537 0.0526042 0.037037 0.49308
56 0.891146 0.785648 0.0697917 0.212037 0.545313
56 0.979167 0.599537 0.0416667 0.126852 0.630613
56 0.203385 0.821759 0.134896 0.35463 0.694309
56 0.875521 0.614352 0.119792 0.234259 0.698356
60 0.426042 0.681944 0.326042 0.110185 0.703968
56 0.0309896 0.645833 0.0619792 0.178704 0.704227
56 0.108073 0.563889 0.0463542 0.0796296 0.721064
56 0.255469 0.558333 0.0296875 0.0740741 0.728038
56 0.913802 0.655556 0.144271 0.272222 0.731149
0 0.615104 0.660648 0.196875 0.652778 0.848881
0 0.404427 0.549074 0.150521 0.338889 0.858083
0 0.228906 0.715278 0.190104 0.550926 0.858539
56 0.108854 0.761574 0.111458 0.317593 0.86066
0 0.525 0.526852 0.102083 0.216667 0.872126
62 0.185417 0.400463 0.239583 0.256481 0.876381
56 0.402344 0.844444 0.191146 0.296296 0.884865
56 0.66224 0.796296 0.158854 0.398148 0.90008
0 0.336198 0.54213 0.0817708 0.230556 0.909128
