56 0.146354 0.516667 0.0479167 0.037037 0.258087
56 0.684115 0.574537 0.0192708 0.0546296 0.291056
56 0.151823 0.537037 0.0619792 0.0777778 0.371666
27 0.342708 0.58287 0.0291667 0.087963 0.384277
56 0.0239583 0.543519 0.046875 0.0333333 0.384644
56 0.0122396 0.584259 0.0244792 0.0537037 0.477405
56 0.0270833 0.693519 0.0541667 0.181481 0.52735
56 0.0744792 0.635185 0.05625 0.190741 0.527614
56 0.0354167 0.8 0.0708333 0.357407 0.541985
56 0.982292 0.7125 0.0354167 0.15463 0.56433
56 0.220052 0.534259 0.0453125 0.0777778 0.584399
60 0.5125 0.656482 0.3125 0.114815 0.635305
56 0.1375 0.625463 0.0697917 0.197222 0.711301
56 0.96901 0.665278 0.0619792 0.156481 0.76439
56 0.203385 0.725463 0.0901042 0.30463 0.788559
56 0.359896 0.527778 0.0322917 0.0666667 0.811522
0 0.500781 0.525463 0.150521 0.34537 0.815878
56 0.28776 0.801389 0.120312 0.387963 0.854764
0 0.335938 0.705093 0.1875 0.567593 0.882168
56 0.765625 0.786574 0.177083 0.412037 0.894796
62 0.295052 0.373611 0.227604 0.252778 0.896022
0 0.709635 0.677778 0.202604 0.633333 0.903972
56 0.499479 0.835185 0.194792 0.318519 0.90448
0 0.435937 0.518056 0.0822917 0.221296 0.90733
0 0.625781 0.505093 0.108854 0.217593 0.911434
