56 0.859375 0.544907 0.015625 0.0731481 0.258647
56 0.015625 0.548611 0.03125 0.0453704 0.277509
56 0.848958 0.750926 0.0416667 0.183333 0.310228
71 0.946875 0.756019 0.104167 0.219444 0.375018
56 0.0192708 0.650463 0.0385417 0.175 0.503923
56 0.83724 0.698148 0.0557292 0.151852 0.531926
56 0.82526 0.661574 0.0744792 0.150926 0.615059
56 0.229167 0.55463 0.0364583 0.0796296 0.636698
56 0.171094 0.796296 0.133854 0.405556 0.667948
60 0.402604 0.672685 0.335417 0.113889 0.711746
56 0.0833333 0.558796 0.046875 0.0805556 0.721216
62 0.159375 0.393056 0.24375 0.256481 0.774312
0 0.201823 0.708796 0.184896 0.562037 0.846588
56 0.0851562 0.75787 0.114063 0.319444 0.846696
0 0.518229 0.682407 0.157292 0.522222 0.882629
0 0.888281 0.519444 0.182812 0.905556 0.895943
56 0.377865 0.844907 0.204688 0.293519 0.89904
56 0.642448 0.791204 0.166146 0.410185 0.930769
0 0.341927 0.537037 0.139062 0.22963 0.940825
