56 0.26224 0.577315 0.0536458 0.108333 0.288761
56 0.0138021 0.545833 0.0276042 0.0398148 0.303337
0 0.508854 0.522685 0.127083 0.387963 0.334822
56 0.801823 0.593982 0.0317708 0.243519 0.405227
56 0.932031 0.581481 0.0661458 0.137037 0.447
56 0.958333 0.588426 0.0572917 0.123148 0.52567
60 0.374219 0.671759 0.261979 0.125 0.533948
56 0.0195312 0.651389 0.0390625 0.175 0.550568
56 0.173177 0.797222 0.135937 0.401852 0.644725
56 0.229167 0.552315 0.0354167 0.0731481 0.667079
56 0.0830729 0.559722 0.0473958 0.0824074 0.704318
0 0.486198 0.526852 0.0942708 0.211111 0.784368
62 0.159115 0.393519 0.244271 0.257407 0.83248
56 0.0838542 0.760185 0.114583 0.318519 0.836693
0 0.202604 0.710648 0.185417 0.562037 0.863728
56 0.66901 0.788889 0.109896 0.401852 0.873748
56 0.377865 0.846759 0.202604 0.291667 0.88917
0 0.847656 0.493981 0.150521 0.986111 0.892139
0 0.568229 0.509722 0.201042 0.963889 0.936682
0 0.341667 0.538889 0.139583 0.22963 0.939707
