56 0.96224 0.770833 0.0734375 0.225 0.25391
60 0.457031 0.698611 0.347396 0.0953704 0.260034
56 0.0197917 0.660648 0.0395833 0.225 0.343236
56 0.0893229 0.542593 0.0598958 0.0648148 0.383986
56 0.941146 0.756019 0.0614583 0.178704 0.411003
56 0.084375 0.526852 0.05 0.0351852 0.430944
56 0.95026 0.705556 0.0932292 0.25 0.46997
56 0.922917 0.547222 0.103125 0.135185 0.499497
0 0.451562 0.540278 0.186458 0.413889 0.568468
56 0.605469 0.581019 0.0942708 0.0638889 0.706697
56 0.303906 0.545833 0.0296875 0.0824074 0.717492
56 0.160938 0.543981 0.046875 0.0805556 0.719859
56 0.0778646 0.638426 0.0765625 0.199074 0.72132
56 0.252083 0.812963 0.1375 0.372222 0.72673
56 0.935156 0.611111 0.127604 0.253704 0.732929
0 0.272917 0.713889 0.185417 0.562963 0.8238
56 0.158854 0.740278 0.10625 0.310185 0.856193
56 0.700521 0.787963 0.167708 0.412963 0.89091
62 0.236198 0.381019 0.235938 0.250926 0.896801
56 0.457292 0.84213 0.195833 0.30463 0.900103
0 0.652083 0.651389 0.219792 0.680556 0.940148
