56 0.311979 0.849074 0.20625 0.294444 0.299932
56 0.0239583 0.544444 0.046875 0.0333333 0.328775
56 0.257812 0.850463 0.0958333 0.282407 0.355018
56 0.196615 0.734259 0.0744792 0.296296 0.381296
56 0.0270833 0.694444 0.0541667 0.183333 0.398186
56 0.152604 0.536574 0.0614583 0.0768519 0.474399
56 0.0119792 0.584259 0.0239583 0.0537037 0.508751
56 0.214062 0.511574 0.0291667 0.0305556 0.526747
0 0.428125 0.572685 0.06875 0.221296 0.549899
56 0.982292 0.712963 0.0354167 0.153704 0.55305
56 0.672396 0.574537 0.0270833 0.0638889 0.56433
56 0.0382813 0.793519 0.0765625 0.372222 0.582041
56 0.0744792 0.636111 0.05625 0.192593 0.582834
56 0.135677 0.626852 0.0651042 0.198148 0.668847
56 0.96875 0.665741 0.0625 0.157407 0.769461
56 0.353906 0.569907 0.0494792 0.149074 0.797652
62 0.295312 0.376389 0.228125 0.252778 0.835998
0 0.50625 0.682407 0.215625 0.616667 0.860551
0 0.311198 0.71713 0.224479 0.550926 0.874221
0 0.617448 0.50787 0.103646 0.213889 0.900613
56 0.76875 0.783796 0.15625 0.423148 0.901418
56 0.560417 0.819907 0.225 0.349074 0.908584
0 0.710938 0.639352 0.2125 0.702778 0.921966
