60 0.451562 0.565741 0.183333 0.409259 0.26006
56 0.939844 0.781018 0.0578125 0.208333 0.377392
60 0.464323 0.699537 0.354688 0.0972222 0.390079
56 0.919531 0.559722 0.105729 0.134259 0.429126
56 0.0177083 0.673148 0.0354167 0.222222 0.476674
56 0.94974 0.700463 0.0994792 0.308333 0.578403
56 0.29974 0.560648 0.0359375 0.087963 0.60437
56 0.243229 0.799074 0.134375 0.396296 0.620561
56 0.0885417 0.560185 0.0635417 0.0796296 0.66754
56 0.075 0.652315 0.0770833 0.206481 0.71436
56 0.933073 0.620833 0.129688 0.247222 0.748634
56 0.158854 0.556481 0.0458333 0.0759259 0.763404
0 0.45026 0.551852 0.186979 0.418519 0.825631
56 0.154687 0.751389 0.115625 0.313889 0.841122
0 0.590625 0.523611 0.136458 0.206481 0.870147
0 0.26901 0.712963 0.188021 0.562963 0.872385
62 0.234115 0.394444 0.232812 0.251852 0.88664
56 0.453125 0.845833 0.19375 0.29537 0.895223
0 0.379687 0.536111 0.0802083 0.222222 0.905121
56 0.698177 0.796296 0.168229 0.403704 0.907856
0 0.648438 0.65463 0.220833 0.681481 0.915978
