60 0.45625 0.69213 0.351042 0.0972222 0.29814
56 0.0890625 0.540741 0.0625 0.062963 0.316638
0 0.0166667 0.597685 0.0333333 0.150926 0.470937
56 0.0838542 0.525926 0.0489583 0.0351852 0.519258
56 0.928385 0.716667 0.0609375 0.177778 0.524906
56 0.598698 0.591204 0.110937 0.0842593 0.549889
0 0.450521 0.538426 0.185417 0.408333 0.602467
56 0.247917 0.806019 0.132292 0.384259 0.635935
56 0.303646 0.546296 0.0291667 0.0833333 0.667736
56 0.909115 0.631019 0.0848958 0.19537 0.674132
56 0.0768229 0.638889 0.0765625 0.2 0.705334
56 0.159635 0.544444 0.0442708 0.0777778 0.707106
0 0.963542 0.525926 0.071875 0.712963 0.734076
56 0.158854 0.739815 0.108333 0.309259 0.849615
0 0.272135 0.70787 0.185937 0.571296 0.86623
56 0.70026 0.788426 0.168229 0.412037 0.887719
56 0.457292 0.841667 0.195833 0.305556 0.893906
62 0.235938 0.37963 0.235417 0.25 0.909936
0 0.652083 0.64537 0.221875 0.694444 0.941081
