60 0.461719 0.7 0.350521 0.101852 0.347455
56 0.939844 0.784722 0.0692708 0.212037 0.370702
56 0.0169271 0.677778 0.0338542 0.225926 0.413937
56 0.948698 0.720833 0.101562 0.328704 0.534836
56 0.0861979 0.5625 0.0651042 0.0805556 0.552938
56 0.916927 0.562963 0.104687 0.133333 0.579654
56 0.239063 0.799074 0.13125 0.394444 0.616664
56 0.296615 0.565741 0.0380208 0.0962963 0.658738
56 0.933073 0.621759 0.128646 0.250926 0.713595
56 0.157292 0.558796 0.046875 0.0787037 0.722167
56 0.0726563 0.653704 0.0755208 0.203704 0.764602
0 0.447917 0.554167 0.1875 0.413889 0.777063
56 0.155208 0.75463 0.111458 0.312963 0.854634
0 0.267969 0.713426 0.189063 0.560185 0.855936
56 0.45 0.847222 0.189583 0.290741 0.856358
62 0.231771 0.397222 0.233333 0.253704 0.87282
0 0.591927 0.518056 0.134896 0.223148 0.882307
0 0.378646 0.541667 0.0833333 0.22037 0.897157
56 0.696875 0.797222 0.167708 0.4 0.908531
0 0.646615 0.654167 0.223438 0.680556 0.910429
