56 0.146354 0.51713 0.0479167 0.037963 0.290492
56 0.0236979 0.544444 0.0463542 0.0314815 0.337515
56 0.151823 0.536111 0.0609375 0.0759259 0.361264
56 0.0273438 0.694444 0.0546875 0.183333 0.408171
60 0.517969 0.659722 0.327604 0.212037 0.410934
56 0.688021 0.572222 0.0395833 0.0518519 0.443531
56 0.0119792 0.584259 0.0239583 0.0537037 0.453543
56 0.0742188 0.635648 0.0567708 0.193519 0.538991
56 0.0341146 0.7875 0.0682292 0.369444 0.551158
56 0.982552 0.711574 0.0348958 0.150926 0.589285
56 0.220313 0.534722 0.0447917 0.0787037 0.653982
56 0.138542 0.624537 0.0708333 0.193519 0.723438
56 0.96901 0.665278 0.0619792 0.158333 0.762671
56 0.205208 0.725 0.102083 0.303704 0.798164
0 0.505729 0.538889 0.15 0.388889 0.811087
56 0.284635 0.799074 0.118229 0.390741 0.811536
0 0.33724 0.726852 0.177604 0.527778 0.842582
0 0.622917 0.524074 0.102083 0.222222 0.891169
56 0.750781 0.790278 0.182812 0.410185 0.894763
62 0.295312 0.375 0.228125 0.251852 0.894898
56 0.498698 0.834259 0.198437 0.322222 0.895544
0 0.703646 0.647685 0.219792 0.684259 0.907712
0 0.440625 0.514815 0.0760417 0.224074 0.912637
