0 0.366927 0.687037 0.0984375 0.540741 0.350882
56 0.0838542 0.525926 0.05 0.037037 0.383886
56 0.0898438 0.543981 0.0619792 0.0731481 0.400753
56 0.940625 0.755093 0.0625 0.178704 0.43395
56 0.154167 0.537037 0.0354167 0.0666667 0.49285
56 0.949479 0.691667 0.0958333 0.281481 0.496984
56 0.922396 0.547222 0.103125 0.135185 0.512451
56 0.642969 0.572222 0.0234375 0.0407407 0.65026
0 0.372135 0.532407 0.0880208 0.214815 0.652537
56 0.0773437 0.638426 0.0786458 0.202778 0.683381
56 0.139323 0.762037 0.0682292 0.261111 0.69151
56 0.934635 0.609722 0.127604 0.252778 0.717261
0 0.48099 0.69537 0.216146 0.590741 0.788349
62 0.235417 0.381944 0.234375 0.25463 0.808436
56 0.222917 0.815278 0.147917 0.365741 0.82278
56 0.283073 0.581944 0.0765625 0.156481 0.838478
0 0.257292 0.684259 0.219792 0.618519 0.849346
56 0.705729 0.788426 0.157292 0.412037 0.88806
56 0.518229 0.832407 0.192708 0.324074 0.891814
0 0.580729 0.50463 0.105208 0.214815 0.919978
0 0.666146 0.646759 0.194792 0.69537 0.921618
