56 0.146615 0.51713 0.0484375 0.037963 0.252718
27 0.344271 0.580093 0.028125 0.0842593 0.253163
60 0.511719 0.650463 0.313021 0.382407 0.296371
56 0.0239583 0.544444 0.046875 0.0333333 0.360281
56 0.151823 0.5375 0.0609375 0.0787037 0.382922
56 0.0270833 0.693981 0.0541667 0.182407 0.430641
56 0.0122396 0.583796 0.0244792 0.0527778 0.48647
56 0.0330729 0.785185 0.0651042 0.366667 0.531752
56 0.0739583 0.636111 0.05625 0.192593 0.535833
56 0.982552 0.711111 0.0348958 0.151852 0.547691
56 0.220573 0.534722 0.0453125 0.0768519 0.652049
56 0.138281 0.624537 0.0703125 0.193519 0.739659
56 0.96901 0.666204 0.0619792 0.158333 0.746948
56 0.202344 0.725926 0.0963542 0.305556 0.781661
0 0.505729 0.538889 0.153125 0.394444 0.782323
56 0.360677 0.528241 0.0317708 0.0657407 0.797626
56 0.69375 0.574074 0.0395833 0.0555556 0.809534
56 0.285156 0.800463 0.117188 0.387963 0.826277
0 0.3375 0.707407 0.189583 0.566667 0.867164
56 0.498437 0.833796 0.197917 0.321296 0.882934
62 0.295052 0.374074 0.227604 0.253704 0.892549
56 0.750521 0.791204 0.183333 0.410185 0.893753
0 0.435417 0.517593 0.08125 0.222222 0.909426
0 0.703125 0.641667 0.229167 0.701852 0.91504
0 0.629167 0.506019 0.103125 0.213889 0.920742
