56 0.146354 0.516667 0.0479167 0.037037 0.275444
56 0.152083 0.536574 0.0614583 0.0768519 0.369404
56 0.0234375 0.543519 0.046875 0.0333333 0.407667
56 0.219792 0.510648 0.0427083 0.0324074 0.441972
56 0.0122396 0.583333 0.0244792 0.0537037 0.489521
56 0.219792 0.533333 0.0447917 0.0759259 0.493333
56 0.0289063 0.726389 0.0567708 0.249074 0.511769
56 0.0742188 0.635648 0.0578125 0.193519 0.531999
60 0.53151 0.661111 0.336979 0.112963 0.557329
56 0.982292 0.713889 0.0354167 0.155556 0.571992
0 0.623958 0.507407 0.105208 0.224074 0.645049
56 0.139323 0.622685 0.0713542 0.191667 0.719737
56 0.358594 0.534722 0.0348958 0.0805556 0.751584
56 0.96901 0.665278 0.0619792 0.158333 0.76391
56 0.20599 0.727315 0.0869792 0.302778 0.77895
0 0.501562 0.525926 0.15 0.351852 0.817835
56 0.288542 0.802315 0.125 0.386111 0.843693
0 0.328646 0.705093 0.184375 0.571296 0.852812
0 0.721615 0.647685 0.209896 0.684259 0.890816
0 0.43724 0.512037 0.0765625 0.22963 0.901198
62 0.295573 0.374074 0.228646 0.253704 0.901873
56 0.764583 0.7875 0.180208 0.415741 0.908169
56 0.499479 0.834722 0.194792 0.319444 0.910984
