56 0.0239583 0.544444 0.046875 0.0314815 0.315946
56 0.210156 0.512037 0.0223958 0.0314815 0.351856
56 0.0270833 0.693981 0.0541667 0.182407 0.427314
56 0.197917 0.736574 0.0739583 0.291667 0.437971
56 0.153385 0.537037 0.0630208 0.0777778 0.460058
56 0.0119792 0.584259 0.0239583 0.0537037 0.510237
56 0.982292 0.7125 0.0354167 0.15463 0.566481
56 0.314063 0.854167 0.209375 0.280556 0.575742
56 0.0377604 0.795833 0.0755208 0.371296 0.579316
56 0.0742188 0.635185 0.0557292 0.190741 0.581525
0 0.75599 0.556481 0.121354 0.533333 0.630885
56 0.1375 0.624074 0.0677083 0.192593 0.712389
0 0.46224 0.602315 0.136979 0.399074 0.737341
56 0.592448 0.84213 0.213021 0.310185 0.743084
56 0.96901 0.665741 0.0619792 0.157407 0.759757
56 0.353385 0.568981 0.0494792 0.149074 0.834234
0 0.58125 0.510648 0.0666667 0.210185 0.836202
62 0.295312 0.374537 0.228125 0.252778 0.849295
56 0.770052 0.782407 0.152604 0.42037 0.862296
0 0.309896 0.71713 0.221875 0.54537 0.913682
0 0.563802 0.663889 0.321354 0.653704 0.914255
