56 0.335938 0.640278 0.059375 0.234259 0.260939
56 0.0270833 0.691667 0.0541667 0.17963 0.377386
56 0.270312 0.580556 0.0385417 0.0277778 0.405736
56 0.0239583 0.543981 0.046875 0.0342593 0.461892
56 0.129427 0.628704 0.0526042 0.2 0.475301
56 0.982552 0.713889 0.0348958 0.157407 0.526845
56 0.0122396 0.583796 0.0244792 0.0527778 0.542674
0 0.633073 0.685185 0.130729 0.592593 0.553962
56 0.341927 0.571296 0.0723958 0.153704 0.605506
60 0.527083 0.659259 0.334375 0.103704 0.653952
56 0.0770833 0.647222 0.0583333 0.212963 0.659988
0 0.5 0.525463 0.151042 0.349074 0.72081
56 0.0403646 0.797685 0.0807292 0.371296 0.721071
0 0.738021 0.637037 0.182292 0.696296 0.754434
56 0.96901 0.666204 0.0619792 0.160185 0.756023
56 0.321875 0.793056 0.158333 0.40463 0.85099
62 0.295312 0.372685 0.228125 0.249074 0.872414
0 0.435156 0.519907 0.0807292 0.226852 0.876369
56 0.500781 0.834722 0.191146 0.319444 0.894325
56 0.764583 0.787963 0.179167 0.414815 0.917601
0 0.20599 0.638889 0.188021 0.712963 0.924142
