0 0.614844 0.67037 0.138021 0.562963 0.274492
56 0.0239583 0.543981 0.046875 0.0324074 0.392628
56 0.152083 0.5375 0.0614583 0.0787037 0.392997
56 0.034375 0.797222 0.06875 0.359259 0.463412
60 0.515885 0.655556 0.306771 0.111111 0.472463
56 0.982552 0.712963 0.0348958 0.155556 0.506371
56 0.0729167 0.63287 0.053125 0.186111 0.509424
56 0.0119792 0.583796 0.0239583 0.0527778 0.509683
56 0.0283854 0.702778 0.0557292 0.201852 0.533619
56 0.220313 0.534259 0.0447917 0.0777778 0.585917
56 0.138802 0.625 0.0713542 0.194444 0.714042
56 0.694531 0.574074 0.0380208 0.0555556 0.729731
0 0.613802 0.505093 0.136979 0.221296 0.746231
56 0.96901 0.665741 0.0619792 0.159259 0.757592
56 0.363021 0.529167 0.0260417 0.0694444 0.758763
56 0.204688 0.725 0.0885417 0.301852 0.780684
56 0.285417 0.8 0.116667 0.387037 0.830555
62 0.294792 0.373148 0.228125 0.251852 0.850209
0 0.333854 0.708333 0.182292 0.568519 0.855986
56 0.481771 0.842593 0.217708 0.298148 0.866659
0 0.703125 0.641667 0.233333 0.701852 0.886759
0 0.921094 0.444444 0.0744792 0.481481 0.902126
56 0.752865 0.789815 0.178646 0.409259 0.90364
0 0.464844 0.520833 0.139062 0.228704 0.936858
