56 0.0239583 0.543519 0.046875 0.0333333 0.405797
56 0.152344 0.5375 0.0619792 0.0787037 0.406266
56 0.220052 0.511574 0.0432292 0.0342593 0.410167
56 0.0119792 0.583796 0.0239583 0.0527778 0.506611
56 0.0361979 0.800926 0.0723958 0.361111 0.509612
56 0.0270833 0.694444 0.0541667 0.183333 0.529045
56 0.220052 0.534259 0.0453125 0.0777778 0.547863
56 0.075 0.634722 0.0572917 0.193519 0.553748
60 0.525 0.656482 0.342708 0.116667 0.560251
56 0.982552 0.712963 0.0348958 0.153704 0.593644
0 0.623177 0.508796 0.103646 0.226852 0.594239
56 0.139844 0.625463 0.0744792 0.197222 0.734017
0 0.501823 0.526852 0.150521 0.351852 0.748803
56 0.96901 0.664815 0.0619792 0.157407 0.762051
56 0.201823 0.725463 0.0901042 0.300926 0.766886
56 0.288021 0.802778 0.121875 0.385185 0.819013
0 0.329948 0.703704 0.180729 0.572222 0.84014
0 0.721094 0.647222 0.210938 0.685185 0.883283
56 0.499479 0.834722 0.194792 0.319444 0.909027
56 0.764844 0.787963 0.178646 0.414815 0.911859
0 0.376302 0.418056 0.150521 0.412037 0.931321
