56 0.163281 0.543519 0.0546875 0.0796296 0.267837
56 0.01875 0.651389 0.0375 0.202778 0.29139
56 0.15026 0.52037 0.0244792 0.0314815 0.301245
56 0.0838542 0.525926 0.05 0.037037 0.45036
56 0.0890625 0.546296 0.0614583 0.0796296 0.459755
56 0.940365 0.756944 0.0598958 0.180556 0.46064
56 0.948958 0.694907 0.0958333 0.271296 0.487101
56 0.642969 0.573148 0.0223958 0.0407407 0.527313
60 0.527083 0.660185 0.197917 0.101852 0.559933
56 0.423177 0.583796 0.0484375 0.0712963 0.561955
56 0.071875 0.639815 0.06875 0.205556 0.693909
56 0.927604 0.6 0.119792 0.238889 0.712425
0 0.227083 0.401389 0.157292 0.480556 0.712831
56 0.507031 0.847222 0.199479 0.292593 0.855431
56 0.705208 0.787963 0.159375 0.411111 0.873315
0 0.648177 0.644444 0.228646 0.692593 0.892303
56 0.170312 0.802315 0.119792 0.380556 0.893708
0 0.336198 0.599074 0.266146 0.77963 0.895985
0 0.566406 0.512037 0.134896 0.231481 0.897577
