56 0.990104 0.760185 0.0197917 0.159259 0.250534
56 0.146354 0.516667 0.0479167 0.037037 0.291211
56 0.0476562 0.652315 0.0942708 0.199074 0.311839
0 0.779688 0.618981 0.0770833 0.308333 0.360234
56 0.151823 0.536111 0.0609375 0.0759259 0.367015
56 0.0239583 0.543981 0.046875 0.0324074 0.367057
60 0.474219 0.652778 0.223438 0.103704 0.380914
56 0.0119792 0.584722 0.0239583 0.0527778 0.457444
56 0.0744792 0.634259 0.0572917 0.190741 0.524801
56 0.0294271 0.739352 0.0578125 0.271296 0.531174
56 0.220052 0.534259 0.0453125 0.0777778 0.559358
56 0.982552 0.711574 0.0348958 0.152778 0.581267
56 0.136719 0.624537 0.0671875 0.193519 0.709398
56 0.754427 0.791667 0.175521 0.407407 0.736337
56 0.969271 0.664815 0.0614583 0.155556 0.750414
56 0.204167 0.724074 0.0885417 0.301852 0.784162
56 0.360156 0.529167 0.0328125 0.0675926 0.794559
56 0.284115 0.800926 0.116146 0.387037 0.829865
62 0.295312 0.374537 0.228125 0.252778 0.835702
0 0.335417 0.708796 0.186458 0.567593 0.856474
56 0.479688 0.84213 0.213542 0.29537 0.86119
0 0.464844 0.521296 0.139062 0.227778 0.933845
0 0.670052 0.49537 0.248437 0.990741 0.948867
