56 0.220573 0.532407 0.0453125 0.0722222 0.291155
56 0.0278646 0.679167 0.0557292 0.156481 0.331295
56 0.338281 0.643519 0.0546875 0.225926 0.383436
56 0.982552 0.713426 0.0348958 0.156481 0.549135
56 0.220573 0.510185 0.0432292 0.0314815 0.553533
56 0.0236979 0.543981 0.0473958 0.0342593 0.596787
56 0.341146 0.571296 0.0729167 0.153704 0.605483
60 0.526823 0.65787 0.331771 0.108333 0.641523
56 0.0122396 0.583796 0.0244792 0.0527778 0.65166
56 0.0395833 0.796296 0.078125 0.374074 0.725492
0 0.500781 0.527315 0.151562 0.349074 0.739847
56 0.969271 0.665741 0.0614583 0.157407 0.756894
0 0.729167 0.651852 0.192708 0.67037 0.792886
0 0.622396 0.50463 0.101042 0.222222 0.802864
56 0.227083 0.719444 0.122917 0.307407 0.856678
62 0.295312 0.374537 0.228125 0.252778 0.887186
56 0.500781 0.834722 0.192188 0.319444 0.897398
0 0.434896 0.519444 0.0802083 0.225926 0.897824
0 0.114063 0.614352 0.15 0.612037 0.907561
56 0.311979 0.793056 0.18125 0.40463 0.90886
56 0.764063 0.787963 0.180208 0.414815 0.912553
