56 0.146615 0.51713 0.0484375 0.037963 0.27607
60 0.5125 0.650463 0.314583 0.373148 0.297764
56 0.0476562 0.656944 0.0942708 0.202778 0.317611
56 0.0242187 0.543981 0.0473958 0.0324074 0.332393
56 0.151823 0.535648 0.0609375 0.075 0.35806
56 0.0742188 0.635648 0.0557292 0.193519 0.490983
56 0.0119792 0.583796 0.0239583 0.0546296 0.493657
56 0.0359375 0.798148 0.071875 0.357407 0.500384
56 0.0270833 0.693981 0.0541667 0.182407 0.538262
56 0.982292 0.713889 0.0354167 0.155556 0.55237
56 0.220313 0.535185 0.0447917 0.0777778 0.611836
56 0.139323 0.623611 0.0723958 0.189815 0.737413
56 0.96875 0.665278 0.0625 0.158333 0.756434
0 0.505729 0.539352 0.153125 0.39537 0.767515
56 0.205729 0.725 0.0875 0.303704 0.77923
56 0.360677 0.527315 0.0317708 0.0657407 0.793209
56 0.69375 0.574074 0.0395833 0.0555556 0.797882
56 0.286719 0.800463 0.119271 0.387963 0.830806
0 0.33724 0.706481 0.189063 0.564815 0.870614
56 0.498437 0.833796 0.197917 0.321296 0.886377
62 0.295052 0.373611 0.227604 0.252778 0.89513
56 0.748958 0.791204 0.186458 0.410185 0.900248
0 0.702865 0.640278 0.229687 0.702778 0.90599
0 0.435937 0.518056 0.08125 0.223148 0.909359
0 0.629167 0.506019 0.103125 0.213889 0.921523
