56 0.26875 0.694907 0.0802083 0.25463 0.36652
56 0.0192708 0.652315 0.0385417 0.208333 0.373112
56 0.0835937 0.525463 0.0494792 0.0361111 0.413984
0 0.367188 0.671759 0.0979167 0.499074 0.441321
56 0.0898438 0.547222 0.0630208 0.0777778 0.479612
56 0.940365 0.75463 0.0609375 0.175926 0.482736
56 0.94974 0.691204 0.0953125 0.284259 0.494711
0 0.372135 0.532407 0.0901042 0.216667 0.49603
56 0.64349 0.571759 0.0223958 0.0398148 0.680812
56 0.198437 0.675463 0.084375 0.199074 0.703816
56 0.160417 0.543981 0.0479167 0.0787037 0.710949
56 0.0705729 0.638889 0.0651042 0.203704 0.713086
56 0.928385 0.599074 0.121354 0.237037 0.721547
56 0.277604 0.581019 0.0875 0.15463 0.734296
0 0.479167 0.694907 0.217708 0.587963 0.771922
56 0.518229 0.832407 0.192708 0.324074 0.888713
56 0.705208 0.788426 0.158333 0.413889 0.891109
62 0.235156 0.37963 0.234896 0.248148 0.905005
0 0.58125 0.504167 0.10625 0.215741 0.91482
56 0.201562 0.805093 0.203125 0.382407 0.916782
0 0.666146 0.646296 0.194792 0.694444 0.921022
