56 0.0169271 0.552315 0.0338542 0.0546296 0.278887
56 0.86224 0.768056 0.0661458 0.212037 0.401813
0 0.98125 0.301852 0.0364583 0.603704 0.409803
56 0.0195312 0.65 0.0390625 0.174074 0.520332
56 0.859115 0.598148 0.111979 0.218519 0.553744
56 0.958333 0.585185 0.05625 0.124074 0.597551
56 0.888021 0.643981 0.1375 0.276852 0.652482
56 0.171354 0.796759 0.134375 0.402778 0.652692
56 0.229167 0.555093 0.0364583 0.0824074 0.665809
60 0.402083 0.671759 0.335417 0.110185 0.727137
56 0.0833333 0.558796 0.046875 0.0805556 0.730449
62 0.159635 0.392593 0.244271 0.255556 0.763142
56 0.844792 0.547222 0.0864583 0.122222 0.76593
56 0.0841146 0.758333 0.114063 0.32037 0.844488
0 0.75026 0.511111 0.167187 0.977778 0.845117
0 0.200781 0.708796 0.185937 0.562037 0.850268
0 0.51901 0.680556 0.158854 0.522222 0.869079
56 0.378385 0.84537 0.204688 0.292593 0.89655
56 0.642969 0.794444 0.168229 0.407407 0.915524
0 0.341927 0.537037 0.139062 0.22963 0.94021
