56 0.144792 0.537963 0.0458333 0.0314815 0.283262
56 0.922917 0.772222 0.0583333 0.166667 0.295627
56 0.075 0.565278 0.065625 0.0805556 0.395018
56 0.0690104 0.547685 0.0526042 0.0453704 0.484999
60 0.44974 0.704167 0.329688 0.0990741 0.489846
56 0.285417 0.561574 0.0375 0.0768519 0.616181
56 0.144531 0.561111 0.0463542 0.0796296 0.673291
56 0.229687 0.803241 0.132292 0.386111 0.684516
56 0.941406 0.67963 0.116146 0.294444 0.712896
56 0.908073 0.618981 0.114063 0.237963 0.714269
56 0.0585938 0.651852 0.0703125 0.190741 0.760344
0 0.438021 0.560185 0.186458 0.416667 0.809871
56 0.135677 0.758333 0.115104 0.316667 0.830582
0 0.576563 0.531944 0.135417 0.206481 0.839966
0 0.25651 0.715741 0.188021 0.559259 0.871617
62 0.220833 0.399537 0.235417 0.250926 0.879441
56 0.441927 0.847685 0.194271 0.291667 0.893211
0 0.366927 0.543981 0.0817708 0.226852 0.906527
0 0.633073 0.65463 0.221354 0.681481 0.907677
56 0.685156 0.797222 0.166146 0.398148 0.913111
