56 0.0192708 0.658333 0.0385417 0.225926 0.313656
56 0.0841146 0.526389 0.0505208 0.037963 0.373664
56 0.0888021 0.543519 0.0588542 0.0703704 0.379029
56 0.940625 0.758796 0.0604167 0.187963 0.432213
56 0.948438 0.688889 0.0979167 0.281481 0.489709
56 0.642708 0.573148 0.021875 0.0407407 0.526168
60 0.465885 0.663426 0.317187 0.106481 0.614686
0 0.388281 0.687963 0.101562 0.531482 0.630614
56 0.0776042 0.638426 0.0791667 0.200926 0.695729
56 0.927083 0.599074 0.11875 0.237037 0.711471
56 0.160938 0.543519 0.0479167 0.0777778 0.735753
62 0.235938 0.381481 0.234375 0.248148 0.807882
56 0.294792 0.578241 0.0541667 0.150926 0.80912
56 0.178385 0.736111 0.156771 0.32037 0.817797
56 0.502865 0.844907 0.199479 0.293519 0.866886
0 0.565885 0.511111 0.135937 0.233333 0.870063
56 0.705208 0.787037 0.159375 0.411111 0.882784
56 0.314583 0.796296 0.173958 0.4 0.905568
0 0.647656 0.645833 0.229687 0.693519 0.907903
