60 0.946875 0.821296 0.105208 0.344444 0.291884
56 0.015625 0.548148 0.03125 0.0462963 0.310819
56 0.863802 0.769444 0.0682292 0.212963 0.39172
56 0.0205729 0.648611 0.0411458 0.175 0.535302
56 0.840625 0.549074 0.0947917 0.124074 0.544617
56 0.959635 0.588889 0.0588542 0.124074 0.591378
56 0.177344 0.818056 0.130729 0.358333 0.632444
56 0.888021 0.643056 0.138542 0.271296 0.657584
56 0.84974 0.610648 0.119271 0.243519 0.682129
60 0.378125 0.674537 0.280208 0.119444 0.694752
56 0.0841146 0.558333 0.0453125 0.0796296 0.698849
56 0.667708 0.793519 0.096875 0.4 0.705901
56 0.233333 0.556019 0.03125 0.0824074 0.726719
0 0.470573 0.519444 0.0536458 0.214815 0.806827
0 0.205729 0.710185 0.192708 0.564815 0.8408
62 0.160417 0.393519 0.24375 0.259259 0.844411
56 0.0846354 0.758333 0.113021 0.318519 0.850204
56 0.377865 0.84537 0.203646 0.292593 0.898043
0 0.611719 0.496296 0.249479 0.992593 0.923153
0 0.343229 0.537037 0.138542 0.233333 0.937863
