56 0.146615 0.516667 0.0484375 0.037037 0.251901
56 0.152344 0.537037 0.0619792 0.0777778 0.39581
56 0.220052 0.5125 0.0432292 0.0342593 0.398237
56 0.0234375 0.543981 0.046875 0.0342593 0.427033
56 0.0270833 0.693519 0.0541667 0.181481 0.465331
56 0.0119792 0.583796 0.0239583 0.0546296 0.510537
56 0.220052 0.534259 0.0453125 0.0777778 0.534814
56 0.0351562 0.798148 0.0703125 0.364815 0.535478
56 0.0747396 0.634259 0.0567708 0.190741 0.565932
56 0.982292 0.7125 0.0354167 0.15463 0.579669
62 0.257812 0.38287 0.153125 0.236111 0.637006
60 0.523177 0.658796 0.319271 0.110185 0.662599
56 0.969271 0.665741 0.0614583 0.157407 0.738102
56 0.138021 0.625 0.0697917 0.196296 0.740934
56 0.203646 0.726852 0.0875 0.301852 0.774624
0 0.501302 0.526389 0.151562 0.350926 0.792179
56 0.288542 0.803241 0.125 0.384259 0.828168
0 0.328646 0.706944 0.183333 0.565741 0.841346
0 0.645573 0.503241 0.146354 0.225 0.855022
0 0.720312 0.653704 0.215625 0.674074 0.895434
56 0.5 0.834722 0.194792 0.319444 0.910169
0 0.364323 0.414815 0.130729 0.396296 0.910205
56 0.764583 0.787963 0.180208 0.414815 0.911462
