60 0.511719 0.648148 0.309896 0.390741 0.258985
56 0.990104 0.759722 0.0197917 0.160185 0.262669
56 0.146615 0.51713 0.0484375 0.037963 0.270915
56 0.0242187 0.544444 0.0473958 0.0333333 0.309009
56 0.152083 0.536574 0.0614583 0.0768519 0.365934
56 0.0744792 0.636574 0.0572917 0.19537 0.49774
56 0.0291667 0.729167 0.0572917 0.252778 0.509182
56 0.0119792 0.584259 0.0239583 0.0537037 0.51197
56 0.982031 0.712963 0.0348958 0.153704 0.589383
56 0.220313 0.534722 0.0447917 0.0787037 0.647257
0 0.503906 0.536574 0.154687 0.389815 0.696365
56 0.1375 0.624074 0.06875 0.192593 0.714568
56 0.96875 0.665741 0.0625 0.157407 0.773281
56 0.204688 0.725463 0.0895833 0.30463 0.786644
56 0.360938 0.528241 0.0322917 0.0657407 0.78968
56 0.69349 0.574074 0.0401042 0.0555556 0.81326
56 0.285677 0.800463 0.118229 0.389815 0.835284
0 0.33776 0.707407 0.189063 0.564815 0.869309
56 0.498698 0.834259 0.198437 0.322222 0.893184
56 0.750521 0.790741 0.183333 0.409259 0.893507
62 0.295052 0.374537 0.228646 0.252778 0.89836
0 0.435677 0.514815 0.0817708 0.216667 0.900231
0 0.703125 0.641204 0.229167 0.70463 0.914811
0 0.627865 0.50463 0.105729 0.216667 0.925788
