56 0.0192708 0.563889 0.0385417 0.0814815 0.257378
56 0.0151042 0.546296 0.0302083 0.0407407 0.336769
56 0.864062 0.769444 0.0677083 0.209259 0.457487
56 0.0195312 0.650463 0.0380208 0.176852 0.513285
56 0.840625 0.549537 0.0958333 0.125 0.531858
56 0.959635 0.588889 0.0588542 0.124074 0.587084
56 0.177865 0.818519 0.132812 0.357407 0.646133
56 0.850781 0.609259 0.121354 0.242593 0.675665
56 0.888021 0.644444 0.141667 0.272222 0.680489
0 0.650521 0.615278 0.229167 0.584259 0.687818
0 0.50026 0.593518 0.333854 0.794444 0.723461
56 0.233333 0.556019 0.03125 0.0805556 0.726728
56 0.0841146 0.558796 0.0453125 0.0805556 0.730185
62 0.160677 0.393981 0.243229 0.258333 0.841241
56 0.0838542 0.759259 0.115625 0.32037 0.847557
0 0.205729 0.711111 0.19375 0.562963 0.848422
56 0.648698 0.793056 0.134896 0.400926 0.852157
0 0.31875 0.537037 0.0895833 0.235185 0.883688
56 0.374479 0.845833 0.195833 0.293519 0.886186
