56 0.664323 0.668519 0.0411458 0.188889 0.251053
56 0.832292 0.753704 0.065625 0.207407 0.377084
56 0.922917 0.572222 0.0572917 0.122222 0.536623
56 0.0494792 0.547685 0.0489583 0.0805556 0.585254
60 0.372396 0.661574 0.332292 0.110185 0.619522
56 0.8125 0.582407 0.115625 0.212963 0.673218
56 0.853125 0.626852 0.141667 0.268519 0.732769
0 0.351302 0.531944 0.153646 0.343519 0.733451
56 0.180208 0.583333 0.08125 0.159259 0.743843
0 0.56224 0.653704 0.194271 0.664815 0.840357
0 0.470573 0.505093 0.0963542 0.219444 0.844439
0 0.282813 0.525463 0.0833333 0.237963 0.857538
62 0.127083 0.379167 0.25 0.256481 0.869297
56 0.0635417 0.745833 0.126042 0.334259 0.869387
56 0.607292 0.783796 0.158333 0.419444 0.884715
56 0.354427 0.836574 0.193229 0.315741 0.889491
56 0.161458 0.800463 0.195833 0.391667 0.907117
