0 0.632552 0.505093 0.123438 0.225 0.310694
56 0.347656 0.818519 0.108854 0.159259 0.319783
56 0.146875 0.51713 0.0479167 0.037963 0.372464
56 0.0239583 0.543519 0.046875 0.0333333 0.44996
56 0.0270833 0.69213 0.0541667 0.178704 0.462137
0 0.633073 0.682407 0.130729 0.588889 0.480009
56 0.984635 0.720833 0.0307292 0.165741 0.536613
56 0.0119792 0.583796 0.0239583 0.0527778 0.540804
56 0.0739583 0.637963 0.0541667 0.198148 0.54884
56 0.36276 0.57037 0.0307292 0.151852 0.619137
60 0.527865 0.654167 0.345313 0.10463 0.679631
56 0.0390625 0.800463 0.078125 0.367593 0.68154
0 0.500521 0.525463 0.151042 0.349074 0.686974
56 0.149219 0.628704 0.0973958 0.203704 0.742234
56 0.96901 0.665741 0.0619792 0.157407 0.750625
62 0.296875 0.37037 0.226042 0.248148 0.785311
0 0.723177 0.638889 0.213021 0.698148 0.831458
0 0.435937 0.519444 0.0833333 0.22963 0.862185
56 0.501302 0.835185 0.191146 0.32037 0.894296
0 0.257552 0.652315 0.200521 0.69537 0.901752
56 0.764063 0.787963 0.180208 0.414815 0.912396
