56 0.146354 0.516667 0.0479167 0.037037 0.286515
56 0.151562 0.535185 0.0604167 0.0740741 0.329269
56 0.0239583 0.543981 0.046875 0.0324074 0.386181
56 0.0270833 0.693981 0.0541667 0.182407 0.416507
56 0.0119792 0.584259 0.0239583 0.0537037 0.473717
60 0.517969 0.655093 0.308854 0.112037 0.476411
56 0.0742188 0.639352 0.0557292 0.200926 0.515637
56 0.0361979 0.793981 0.0723958 0.371296 0.546031
56 0.982031 0.712037 0.0348958 0.151852 0.548711
56 0.220052 0.534722 0.0453125 0.0787037 0.549248
56 0.1375 0.623148 0.0677083 0.190741 0.699544
56 0.96849 0.665278 0.0630208 0.158333 0.758603
56 0.694531 0.574074 0.0380208 0.0555556 0.766031
56 0.36276 0.529167 0.0265625 0.0694444 0.770285
56 0.204427 0.725926 0.0890625 0.305556 0.779578
56 0.282813 0.799537 0.113542 0.386111 0.809818
0 0.613542 0.505093 0.136458 0.221296 0.827391
0 0.334115 0.708333 0.181771 0.57037 0.865939
62 0.295052 0.373148 0.227604 0.251852 0.876636
56 0.482812 0.842593 0.220833 0.298148 0.881837
0 0.70599 0.639815 0.227604 0.701852 0.890915
56 0.750781 0.790741 0.182812 0.409259 0.901353
0 0.920052 0.443519 0.0776042 0.481481 0.913951
0 0.465104 0.520833 0.139583 0.228704 0.936382
