60 0.47526 0.658333 0.117188 0.103704 0.271873
56 0.804948 0.535648 0.0932292 0.123148 0.371242
56 0.0286458 0.736111 0.0572917 0.344444 0.378511
56 0.833073 0.754167 0.0651042 0.206481 0.383403
56 0.922917 0.572685 0.0583333 0.123148 0.477076
56 0.0494792 0.547685 0.0489583 0.0805556 0.544271
60 0.374479 0.65787 0.344792 0.110185 0.624374
56 0.065625 0.738426 0.122917 0.317593 0.670537
56 0.816406 0.591667 0.122396 0.231481 0.672324
56 0.854167 0.626389 0.140625 0.267593 0.719991
0 0.351042 0.531944 0.154167 0.343519 0.729832
56 0.180208 0.583796 0.08125 0.160185 0.737512
0 0.282813 0.525926 0.0833333 0.238889 0.847249
0 0.561198 0.653704 0.194271 0.666667 0.871616
0 0.470313 0.505556 0.0958333 0.22037 0.875441
62 0.127083 0.379167 0.25 0.256481 0.878299
56 0.354427 0.836574 0.192188 0.315741 0.887119
56 0.606771 0.785185 0.159375 0.42037 0.895704
56 0.161979 0.800463 0.196875 0.391667 0.904819
