56 0.146615 0.516667 0.0484375 0.037037 0.270281
27 0.34349 0.586574 0.0255208 0.0805556 0.290155
56 0.151823 0.537037 0.0609375 0.0777778 0.360898
56 0.0239583 0.543519 0.046875 0.0333333 0.388826
56 0.0351562 0.798611 0.0703125 0.360185 0.481278
56 0.0122396 0.584259 0.0244792 0.0537037 0.50776
60 0.529427 0.661111 0.330729 0.118519 0.512098
56 0.0270833 0.693981 0.0541667 0.182407 0.518382
56 0.0739583 0.636574 0.0541667 0.193519 0.543856
56 0.982292 0.7125 0.0354167 0.15463 0.548802
56 0.648958 0.574537 0.096875 0.0657407 0.577949
56 0.220052 0.533796 0.0442708 0.0768519 0.613144
56 0.138802 0.625463 0.0723958 0.19537 0.729494
56 0.96901 0.665741 0.0619792 0.159259 0.772188
56 0.205469 0.724074 0.0859375 0.301852 0.781336
56 0.360156 0.528241 0.0317708 0.0675926 0.786801
56 0.284375 0.800463 0.115625 0.386111 0.822255
0 0.501823 0.525463 0.152604 0.35463 0.825445
0 0.783073 0.411111 0.138021 0.390741 0.827358
0 0.332812 0.707407 0.18125 0.572222 0.868967
62 0.295312 0.374537 0.228125 0.25463 0.884932
56 0.498698 0.834259 0.195312 0.318519 0.898353
0 0.435156 0.519444 0.0796875 0.225926 0.916437
56 0.765104 0.788426 0.179167 0.413889 0.91771
0 0.715885 0.652778 0.218229 0.674074 0.92113
