56 0.0835937 0.525926 0.0505208 0.037037 0.411983
56 0.0893229 0.544444 0.0609375 0.0722222 0.418487
56 0.940625 0.757407 0.0604167 0.183333 0.482073
56 0.949219 0.690278 0.0953125 0.289815 0.486024
62 0.235417 0.381019 0.233333 0.252778 0.532295
56 0.0770833 0.634722 0.0760417 0.199074 0.674182
56 0.928125 0.602315 0.116667 0.24537 0.698027
56 0.159375 0.544444 0.0447917 0.0777778 0.698306
56 0.141146 0.742593 0.0729167 0.301852 0.719767
56 0.639844 0.574074 0.0255208 0.0444444 0.743599
0 0.479688 0.693056 0.223958 0.597222 0.759375
56 0.294792 0.581944 0.0520833 0.158333 0.795496
56 0.22526 0.808333 0.147396 0.377778 0.824138
0 0.717969 0.358333 0.0786458 0.25 0.848448
0 0.373177 0.533333 0.0796875 0.212963 0.868642
56 0.70625 0.788426 0.15625 0.413889 0.8873
56 0.51875 0.832407 0.191667 0.324074 0.89868
0 0.270833 0.675 0.2 0.614815 0.906705
0 0.666667 0.646296 0.19375 0.694444 0.915312
0 0.578125 0.500926 0.102083 0.224074 0.917639
