56 0.989844 0.758333 0.0203125 0.164815 0.262343
56 0.207292 0.512037 0.0166667 0.0333333 0.279295
56 0.0239583 0.544444 0.046875 0.0314815 0.285606
56 0.192188 0.730556 0.08125 0.307407 0.431981
56 0.152865 0.537037 0.0619792 0.0777778 0.434638
56 0.0273438 0.693519 0.0546875 0.181481 0.459403
56 0.0739583 0.635185 0.0552083 0.192593 0.485124
56 0.0119792 0.584259 0.0239583 0.0537037 0.550571
56 0.314323 0.852778 0.209896 0.283333 0.563796
56 0.982292 0.712963 0.0354167 0.153704 0.574821
0 0.755729 0.556019 0.121875 0.534259 0.601286
56 0.0380208 0.797685 0.0760417 0.367593 0.60637
56 0.136719 0.624537 0.0661458 0.193519 0.682146
56 0.594271 0.843056 0.21875 0.308333 0.697394
0 0.46224 0.603241 0.136979 0.397222 0.721851
56 0.96875 0.665741 0.0625 0.157407 0.76884
56 0.353385 0.569444 0.0494792 0.148148 0.829759
62 0.295312 0.374074 0.228125 0.251852 0.83017
0 0.582031 0.510648 0.0682292 0.210185 0.851902
56 0.76901 0.782407 0.155729 0.42037 0.875857
0 0.310677 0.71713 0.224479 0.54537 0.90261
0 0.5625 0.664352 0.319792 0.652778 0.915423
