56 0.96276 0.77037 0.0734375 0.225926 0.25504
56 0.0200521 0.660648 0.0401042 0.223148 0.3028
56 0.0890625 0.543056 0.059375 0.0657407 0.390524
56 0.941146 0.756019 0.0625 0.178704 0.40258
56 0.0846354 0.526852 0.0505208 0.0351852 0.432396
56 0.95026 0.703241 0.0932292 0.256481 0.471759
0 0.451562 0.540741 0.186458 0.414815 0.558239
56 0.303646 0.545833 0.0291667 0.0824074 0.690635
56 0.605469 0.581481 0.0942708 0.062963 0.692889
56 0.250521 0.812963 0.134375 0.37037 0.697184
56 0.0778646 0.6375 0.0765625 0.197222 0.702338
56 0.160677 0.544444 0.0463542 0.0796296 0.71354
56 0.928646 0.6 0.119792 0.237037 0.731484
0 0.273177 0.713889 0.184896 0.562963 0.819962
56 0.158854 0.740278 0.107292 0.310185 0.85856
56 0.70026 0.788426 0.168229 0.412037 0.890911
62 0.236198 0.381019 0.235938 0.250926 0.895678
56 0.457292 0.84213 0.195833 0.30463 0.899087
0 0.652083 0.651389 0.219792 0.680556 0.940338
