56 0.0213542 0.563889 0.0427083 0.0814815 0.262138
56 0.0158854 0.547685 0.0317708 0.0453704 0.314996
56 0.634375 0.808796 0.075 0.167593 0.32388
56 0.863281 0.766667 0.0682292 0.205556 0.426328
56 0.0197917 0.65 0.0395833 0.177778 0.521133
56 0.959635 0.588889 0.0588542 0.124074 0.587061
56 0.174219 0.800926 0.139062 0.394444 0.596099
56 0.840625 0.549074 0.0947917 0.124074 0.597649
56 0.890365 0.642593 0.141146 0.266667 0.614441
60 0.398177 0.672685 0.307813 0.117593 0.648963
56 0.852344 0.610185 0.123438 0.238889 0.667485
56 0.229167 0.55463 0.0385417 0.0796296 0.700312
56 0.0841146 0.558796 0.0463542 0.0805556 0.73858
0 0.55026 0.664352 0.231771 0.647222 0.820807
62 0.160417 0.393056 0.24375 0.256481 0.830053
56 0.0833333 0.756944 0.114583 0.325 0.838549
0 0.200521 0.709722 0.19375 0.565741 0.844067
0 0.679688 0.495833 0.18125 0.991667 0.867017
56 0.377865 0.845833 0.204688 0.291667 0.892138
0 0.342969 0.537037 0.138021 0.233333 0.934985
