60 0.513281 0.652315 0.269271 0.156481 0.250659
0 0.379687 0.548611 0.0604167 0.147222 0.271986
60 0.517708 0.649074 0.326042 0.440741 0.283936
56 0.146354 0.51713 0.0479167 0.037963 0.291619
56 0.151562 0.535648 0.0604167 0.075 0.336078
56 0.0236979 0.544444 0.0463542 0.0314815 0.348743
56 0.0273438 0.694444 0.0546875 0.183333 0.403107
56 0.6875 0.57037 0.034375 0.0481481 0.437842
56 0.0119792 0.584259 0.0239583 0.0537037 0.458124
56 0.0744792 0.635648 0.0572917 0.193519 0.545355
56 0.0335938 0.7875 0.0671875 0.369444 0.558912
56 0.982552 0.712037 0.0348958 0.151852 0.572829
0 0.506771 0.538426 0.153125 0.387963 0.624213
56 0.220313 0.534259 0.0447917 0.0777778 0.637645
56 0.138802 0.625 0.0713542 0.194444 0.735565
56 0.96901 0.665278 0.0619792 0.158333 0.767135
56 0.205208 0.725926 0.103125 0.305556 0.80089
56 0.284896 0.799074 0.117708 0.390741 0.818643
0 0.338281 0.723611 0.178646 0.532407 0.819203
62 0.295312 0.375 0.228125 0.251852 0.891371
56 0.498698 0.834259 0.198437 0.322222 0.897075
56 0.75 0.790741 0.184375 0.411111 0.897786
0 0.626042 0.52037 0.102083 0.225926 0.902045
0 0.705208 0.648611 0.21875 0.684259 0.905482
0 0.440365 0.514815 0.0755208 0.222222 0.906504
