56 0.989844 0.760648 0.0203125 0.160185 0.264338
56 0.146354 0.51713 0.0479167 0.037963 0.264433
56 0.0239583 0.543981 0.046875 0.0324074 0.361403
56 0.151562 0.536111 0.0604167 0.0777778 0.365661
60 0.516667 0.656944 0.304167 0.126852 0.375351
56 0.0270833 0.694907 0.0541667 0.184259 0.411914
56 0.0119792 0.583796 0.0239583 0.0527778 0.453122
56 0.0369792 0.794444 0.0739583 0.372222 0.547072
56 0.0742188 0.635648 0.0557292 0.193519 0.555125
56 0.982552 0.7125 0.0348958 0.152778 0.569012
56 0.220313 0.534722 0.0447917 0.0768519 0.586063
56 0.136979 0.624537 0.0677083 0.193519 0.731764
56 0.96849 0.665278 0.0630208 0.158333 0.775737
56 0.20599 0.725 0.0869792 0.303704 0.782829
56 0.360938 0.528241 0.03125 0.0657407 0.797165
56 0.69349 0.574074 0.0401042 0.0555556 0.804409
0 0.504167 0.537963 0.153125 0.396296 0.825457
56 0.285156 0.800463 0.118229 0.387963 0.832048
0 0.33776 0.70787 0.189063 0.565741 0.866233
56 0.498437 0.833796 0.197917 0.321296 0.887164
62 0.295312 0.375 0.228125 0.251852 0.893895
56 0.754948 0.790741 0.175521 0.409259 0.896531
0 0.434896 0.516667 0.0802083 0.22037 0.908262
0 0.703385 0.64213 0.229687 0.700926 0.920287
0 0.628125 0.505556 0.105208 0.214815 0.922563
