60 0.938542 0.80787 0.121875 0.34537 0.270418
56 0.0132813 0.558333 0.0265625 0.0777778 0.302647
56 0.846875 0.761111 0.06875 0.201852 0.342009
56 0.819531 0.543981 0.0963542 0.132407 0.56953
56 0.211979 0.559722 0.0385417 0.10463 0.581522
56 0.939062 0.578241 0.059375 0.125 0.603912
56 0.0619792 0.551852 0.046875 0.0777778 0.606516
60 0.383594 0.665741 0.326562 0.107407 0.664541
56 0.135417 0.812037 0.120833 0.366667 0.688933
56 0.831771 0.597685 0.122917 0.232407 0.690901
0 0.482031 0.510648 0.0963542 0.219444 0.70138
56 0.866146 0.636574 0.138542 0.276852 0.711789
0 0.364583 0.537037 0.153125 0.348148 0.732433
56 0.0549479 0.756019 0.0942708 0.319444 0.844417
0 0.17474 0.710185 0.197396 0.572222 0.860086
0 0.572917 0.65787 0.195833 0.667593 0.885477
62 0.140625 0.385648 0.247917 0.260185 0.89048
56 0.365625 0.839352 0.194792 0.310185 0.893618
0 0.296094 0.529167 0.0838542 0.236111 0.898627
56 0.617448 0.787963 0.165104 0.414815 0.902494
