56 0.133594 0.545833 0.103646 0.075 0.258418
41 0.390625 0.55787 0.025 0.0694444 0.270835
56 0.0195312 0.658796 0.0390625 0.221296 0.33144
56 0.26875 0.698148 0.0802083 0.248148 0.35924
56 0.0835937 0.525463 0.0494792 0.0361111 0.409144
56 0.940365 0.756944 0.0598958 0.182407 0.440737
56 0.0901042 0.547685 0.0635417 0.0787037 0.481934
0 0.372917 0.533333 0.0895833 0.212963 0.493892
0 0.370833 0.672685 0.0927083 0.49537 0.496331
56 0.949219 0.687037 0.0973958 0.290741 0.508492
56 0.64349 0.572222 0.0223958 0.0407407 0.700024
56 0.199219 0.674537 0.0859375 0.199074 0.70373
56 0.927604 0.598611 0.119792 0.236111 0.717943
56 0.160156 0.544444 0.0463542 0.0777778 0.732623
56 0.0703125 0.638889 0.065625 0.203704 0.743614
56 0.28099 0.581481 0.0807292 0.155556 0.745229
0 0.481771 0.696296 0.2125 0.588889 0.776983
62 0.235156 0.379167 0.233854 0.247222 0.844461
56 0.704687 0.788426 0.159375 0.413889 0.886974
56 0.51849 0.832407 0.192188 0.324074 0.897039
0 0.581771 0.504167 0.10625 0.215741 0.915227
56 0.202604 0.80463 0.203125 0.381481 0.915549
0 0.666406 0.645833 0.195312 0.697222 0.921136
