56 0.0481771 0.651852 0.0932292 0.198148 0.316357
56 0.0242187 0.543981 0.0473958 0.0324074 0.377928
56 0.152344 0.537963 0.0619792 0.0796296 0.430224
56 0.982292 0.714352 0.0354167 0.160185 0.437731
60 0.520052 0.654167 0.316146 0.110185 0.454289
56 0.0119792 0.584722 0.0239583 0.0527778 0.471845
56 0.0273438 0.693981 0.0546875 0.182407 0.506554
56 0.0742188 0.634259 0.0557292 0.190741 0.532944
56 0.0348958 0.799074 0.0697917 0.361111 0.536134
56 0.219792 0.534259 0.0447917 0.0777778 0.651413
0 0.97474 0.345833 0.0494792 0.691667 0.687076
56 0.694531 0.574074 0.0390625 0.0555556 0.749164
56 0.139583 0.625463 0.0739583 0.19537 0.757113
56 0.967708 0.666204 0.0635417 0.160185 0.764829
56 0.202344 0.725 0.0932292 0.303704 0.782688
56 0.359896 0.528704 0.0322917 0.0685185 0.794663
0 0.615104 0.505556 0.132292 0.222222 0.804346
62 0.295052 0.374074 0.227604 0.253704 0.817346
56 0.285417 0.800926 0.120833 0.387037 0.833221
0 0.335417 0.707407 0.186458 0.566667 0.855458
56 0.482292 0.843056 0.217708 0.297222 0.86122
0 0.711458 0.640278 0.215625 0.697222 0.861297
56 0.750781 0.790278 0.182812 0.408333 0.899322
0 0.464844 0.521296 0.139062 0.227778 0.937087
