56 0.0210938 0.564352 0.0421875 0.0824074 0.253235
56 0.0153646 0.549074 0.0307292 0.0481481 0.299782
56 0.863281 0.76713 0.0671875 0.206481 0.38879
0 0.307552 0.48287 0.0463542 0.10463 0.404938
56 0.0192708 0.651852 0.0385417 0.181481 0.505477
56 0.840365 0.549074 0.0953125 0.124074 0.532594
56 0.180208 0.818056 0.136458 0.360185 0.588387
56 0.959115 0.588889 0.0578125 0.124074 0.607039
56 0.8875 0.644907 0.140625 0.275 0.663287
56 0.849219 0.608333 0.119271 0.238889 0.680859
56 0.232812 0.552778 0.0302083 0.0740741 0.706
0 0.197917 0.710648 0.179167 0.562037 0.72885
56 0.0835937 0.558796 0.0463542 0.0805556 0.755029
0 0.372396 0.640741 0.230208 0.631481 0.799375
0 0.498698 0.52037 0.0973958 0.214815 0.819053
0 0.588542 0.660648 0.202083 0.658333 0.838105
56 0.0835937 0.758333 0.111979 0.32037 0.844811
62 0.160417 0.394444 0.24375 0.259259 0.866427
56 0.378385 0.841667 0.194271 0.301852 0.878661
56 0.635156 0.79213 0.166146 0.408333 0.915202
