56 0.146354 0.516667 0.0479167 0.037037 0.261667
27 0.343229 0.584722 0.0270833 0.0842593 0.270225
64 0.639323 0.639815 0.0338542 0.0351852 0.295083
56 0.152083 0.537037 0.0614583 0.0777778 0.380382
56 0.0239583 0.543519 0.046875 0.0333333 0.398893
56 0.0359375 0.799537 0.071875 0.360185 0.487106
56 0.0122396 0.583796 0.0244792 0.0527778 0.503507
60 0.530208 0.661111 0.335417 0.12037 0.517609
56 0.0273438 0.693519 0.0546875 0.181481 0.530375
56 0.0747396 0.636111 0.0567708 0.194444 0.553628
56 0.982552 0.7125 0.0348958 0.152778 0.580356
56 0.220052 0.534259 0.0442708 0.0777778 0.591013
56 0.648958 0.575463 0.096875 0.0675926 0.666054
56 0.139583 0.623148 0.071875 0.190741 0.754657
56 0.96901 0.666204 0.0619792 0.158333 0.75868
56 0.203646 0.725926 0.090625 0.305556 0.779784
56 0.360677 0.527778 0.0317708 0.0666667 0.798555
56 0.284635 0.801389 0.118229 0.387963 0.829495
0 0.501823 0.527778 0.151562 0.346296 0.833083
0 0.335156 0.70787 0.185937 0.573148 0.871611
62 0.295052 0.374537 0.228646 0.252778 0.890685
56 0.499219 0.834259 0.194271 0.318519 0.90178
0 0.436198 0.519444 0.0817708 0.225926 0.910998
56 0.765104 0.787963 0.179167 0.412963 0.919498
0 0.717448 0.648148 0.218229 0.685185 0.930368
