56 0.333073 0.560185 0.0484375 0.1 0.263236
56 0.941146 0.756019 0.0614583 0.178704 0.397562
56 0.0893229 0.54213 0.0598958 0.0675926 0.410799
56 0.0838542 0.526389 0.05 0.0361111 0.432167
56 0.922396 0.547685 0.103125 0.136111 0.457586
56 0.953125 0.688889 0.0927083 0.307407 0.484864
56 0.248698 0.790278 0.135937 0.417593 0.632317
56 0.301302 0.539815 0.0348958 0.0722222 0.6527
56 0.0776042 0.637037 0.0770833 0.198148 0.675724
0 0.450521 0.538426 0.188542 0.399074 0.703555
56 0.160156 0.543519 0.0463542 0.0796296 0.71082
56 0.935156 0.610185 0.127604 0.251852 0.719759
56 0.603125 0.579167 0.090625 0.0675926 0.758511
56 0.158854 0.738889 0.109375 0.311111 0.844854
0 0.374219 0.51713 0.0880208 0.226852 0.861545
62 0.235677 0.381019 0.233854 0.250926 0.864138
0 0.274219 0.705093 0.181771 0.575 0.881603
56 0.69974 0.789352 0.169271 0.415741 0.890457
56 0.457292 0.84213 0.194792 0.30463 0.890582
0 0.652604 0.644444 0.219792 0.694444 0.937584
0 0.689583 0.37963 0.172917 0.385185 0.939439
