56 0.146354 0.516667 0.0479167 0.037037 0.303249
56 0.151823 0.534722 0.0609375 0.0731481 0.337748
56 0.0239583 0.543519 0.046875 0.0333333 0.376371
56 0.220313 0.530093 0.0447917 0.0694444 0.390049
56 0.0270833 0.692593 0.0541667 0.17963 0.497424
56 0.0122396 0.584259 0.0244792 0.0537037 0.505416
56 0.220313 0.510648 0.0427083 0.0305556 0.506718
56 0.0736979 0.634722 0.0557292 0.193519 0.507611
56 0.0356771 0.798148 0.0713542 0.364815 0.538273
56 0.982552 0.712963 0.0348958 0.155556 0.561905
60 0.523438 0.659259 0.320833 0.112963 0.641367
56 0.138542 0.626389 0.071875 0.197222 0.736377
56 0.969531 0.665741 0.0609375 0.157407 0.753426
56 0.202344 0.727315 0.0901042 0.302778 0.764376
0 0.501823 0.525926 0.151562 0.35 0.775358
56 0.359115 0.533796 0.0338542 0.0787037 0.784579
0 0.645573 0.502315 0.144271 0.225 0.835723
56 0.288542 0.803241 0.126042 0.386111 0.843952
0 0.327604 0.706019 0.184375 0.573148 0.874315
0 0.720312 0.646759 0.214583 0.686111 0.889227
62 0.295052 0.374074 0.228646 0.253704 0.890432
56 0.763802 0.787963 0.181771 0.414815 0.907013
56 0.499479 0.834722 0.194792 0.319444 0.910228
0 0.434375 0.515278 0.08125 0.225 0.915876
