56 0.146354 0.516667 0.0479167 0.037037 0.281308
56 0.152083 0.536111 0.0614583 0.0759259 0.369441
56 0.0369792 0.794907 0.0739583 0.367593 0.386217
56 0.0234375 0.543519 0.046875 0.0333333 0.409318
56 0.219792 0.510648 0.0427083 0.0324074 0.437344
56 0.0119792 0.583796 0.0239583 0.0527778 0.488747
56 0.219792 0.533796 0.0447917 0.0768519 0.505682
56 0.0286458 0.713889 0.05625 0.224074 0.515697
56 0.0742188 0.635648 0.0578125 0.193519 0.543889
56 0.982292 0.713889 0.0354167 0.155556 0.565162
60 0.53151 0.662037 0.338021 0.114815 0.578883
0 0.623438 0.506944 0.103125 0.223148 0.702478
56 0.138802 0.622685 0.0703125 0.191667 0.719064
56 0.358594 0.534722 0.0348958 0.0805556 0.755973
56 0.96901 0.665741 0.0619792 0.157407 0.757212
56 0.205208 0.727315 0.0885417 0.302778 0.777623
0 0.501302 0.526389 0.150521 0.350926 0.827735
56 0.288542 0.802778 0.125 0.387037 0.848647
0 0.329167 0.705093 0.185417 0.571296 0.852845
0 0.721615 0.647685 0.209896 0.684259 0.89147
0 0.436719 0.514352 0.0817708 0.213889 0.894495
62 0.295573 0.374074 0.228646 0.253704 0.901829
56 0.764323 0.7875 0.179688 0.415741 0.909654
56 0.499479 0.834722 0.194792 0.319444 0.911778
