56 0.0195312 0.655556 0.0390625 0.211111 0.271441
56 0.26901 0.693056 0.0807292 0.258333 0.341377
0 0.365625 0.674537 0.0989583 0.493519 0.384407
56 0.0893229 0.546759 0.0630208 0.0768519 0.422157
56 0.0833333 0.525 0.0489583 0.0351852 0.445182
0 0.371615 0.538426 0.0880208 0.212037 0.471262
56 0.940365 0.756019 0.0598958 0.180556 0.485744
56 0.949219 0.691204 0.0953125 0.282407 0.490318
56 0.922917 0.546296 0.102083 0.135185 0.562928
56 0.199219 0.674537 0.0859375 0.199074 0.688763
56 0.64349 0.572222 0.0223958 0.0407407 0.689593
56 0.934635 0.609722 0.127604 0.250926 0.716561
56 0.160156 0.544444 0.0463542 0.0777778 0.721795
56 0.277865 0.581481 0.0869792 0.155556 0.727752
56 0.0705729 0.638426 0.0651042 0.202778 0.749136
0 0.478646 0.694907 0.21875 0.589815 0.80331
62 0.234896 0.381019 0.232292 0.249074 0.832232
56 0.518229 0.832407 0.192708 0.324074 0.888269
56 0.705729 0.788426 0.157292 0.413889 0.891046
0 0.580729 0.503704 0.108333 0.216667 0.910726
56 0.202344 0.805093 0.203646 0.382407 0.915261
0 0.665625 0.645833 0.196875 0.693519 0.920562
