56 0.152344 0.537037 0.0619792 0.0777778 0.373222
56 0.0239583 0.543519 0.046875 0.0333333 0.40156
56 0.220052 0.531944 0.0453125 0.0731481 0.423978
56 0.0270833 0.693519 0.0541667 0.183333 0.47675
56 0.220313 0.510185 0.0427083 0.0314815 0.490251
56 0.0119792 0.583796 0.0239583 0.0527778 0.496665
56 0.0367187 0.799074 0.0734375 0.364815 0.521948
56 0.0739583 0.634722 0.05625 0.191667 0.534751
56 0.982552 0.711574 0.0348958 0.152778 0.580828
60 0.526042 0.656482 0.34375 0.114815 0.697922
56 0.138021 0.624537 0.0697917 0.193519 0.710765
56 0.969271 0.665741 0.0614583 0.157407 0.761733
56 0.204167 0.725463 0.0864583 0.299074 0.768812
56 0.359115 0.533333 0.0338542 0.0777778 0.772695
0 0.502083 0.526852 0.152083 0.351852 0.779405
56 0.288281 0.803241 0.124479 0.386111 0.854867
62 0.295312 0.374074 0.229167 0.253704 0.878389
0 0.327083 0.706019 0.182292 0.573148 0.879038
0 0.644271 0.502315 0.141667 0.221296 0.888956
56 0.5 0.834722 0.194792 0.319444 0.902321
0 0.719271 0.646759 0.215625 0.686111 0.906281
56 0.763542 0.787963 0.182292 0.414815 0.906285
0 0.435677 0.52037 0.0807292 0.225926 0.916209
