60 0.946875 0.820833 0.105208 0.343519 0.260064
60 0.50651 0.663889 0.113021 0.0944444 0.297716
56 0.0143229 0.546296 0.0286458 0.0407407 0.305891
56 0.863802 0.768056 0.0682292 0.210185 0.390977
56 0.0184896 0.651389 0.0369792 0.178704 0.51198
56 0.840625 0.549074 0.0958333 0.124074 0.564339
56 0.176563 0.817593 0.130208 0.361111 0.603109
56 0.959375 0.588889 0.0572917 0.124074 0.636912
56 0.851302 0.609259 0.122396 0.240741 0.681493
56 0.888021 0.643981 0.140625 0.273148 0.684807
0 0.199219 0.711111 0.181771 0.562963 0.688466
56 0.232812 0.553704 0.03125 0.0777778 0.719978
56 0.0838542 0.558796 0.0458333 0.0805556 0.752256
0 0.500521 0.519907 0.09375 0.213889 0.789148
62 0.160417 0.393981 0.24375 0.256481 0.815633
0 0.369271 0.650926 0.254167 0.635185 0.841531
56 0.0841146 0.75787 0.113021 0.319444 0.842971
0 0.313021 0.482407 0.0552083 0.122222 0.854652
0 0.588542 0.660648 0.202083 0.660185 0.87494
56 0.382292 0.841204 0.19375 0.30463 0.899364
56 0.635156 0.79213 0.166146 0.408333 0.909344
