56 0.939323 0.818981 0.121354 0.30463 0.257111
60 0.408854 0.5625 0.155208 0.35463 0.285133
56 0.111979 0.539815 0.046875 0.0314815 0.291126
60 0.532031 0.681019 0.120312 0.102778 0.295007
60 0.963021 0.829167 0.0729167 0.326852 0.338394
56 0.0369792 0.562037 0.0635417 0.0666667 0.361739
56 0.0322917 0.546759 0.0510417 0.0361111 0.475676
56 0.98099 0.605093 0.0380208 0.125 0.480182
56 0.895833 0.787037 0.06875 0.207407 0.481624
56 0.11224 0.565278 0.0484375 0.0824074 0.645625
56 0.884375 0.619907 0.129167 0.234259 0.657168
56 0.86875 0.563889 0.0989583 0.127778 0.668641
56 0.20599 0.821296 0.133854 0.355556 0.677605
56 0.920573 0.672222 0.146354 0.290741 0.693827
56 0.258333 0.561111 0.0302083 0.0740741 0.711636
60 0.427604 0.684259 0.3375 0.109259 0.718668
56 0.0325521 0.648611 0.0651042 0.180556 0.75633
56 0.110417 0.763426 0.116667 0.317593 0.824055
62 0.188542 0.402778 0.239583 0.255556 0.854377
0 0.231771 0.71713 0.191667 0.552778 0.857542
0 0.407292 0.550926 0.151042 0.340741 0.864685
0 0.52474 0.530093 0.0953125 0.213889 0.884336
56 0.406771 0.845833 0.190625 0.293519 0.886895
0 0.617708 0.667593 0.198958 0.651852 0.898295
0 0.340365 0.54537 0.0828125 0.22963 0.899634
56 0.66224 0.799074 0.168229 0.396296 0.909641
