56 0.69375 0.563889 0.0322917 0.0388889 0.262272
56 0.990104 0.759259 0.0197917 0.161111 0.275697
56 0.146615 0.51713 0.0484375 0.037963 0.277519
56 0.0239583 0.543981 0.046875 0.0324074 0.338414
56 0.151562 0.536111 0.0604167 0.0759259 0.362692
56 0.0354167 0.798611 0.0708333 0.365741 0.470642
56 0.0119792 0.584259 0.0239583 0.0537037 0.522035
56 0.0286458 0.712963 0.05625 0.222222 0.526681
56 0.982552 0.7125 0.0348958 0.15463 0.542697
56 0.0742188 0.634259 0.0557292 0.188889 0.560058
56 0.220313 0.535185 0.0447917 0.0777778 0.613958
60 0.52526 0.65787 0.344271 0.112037 0.631994
56 0.139062 0.625926 0.0729167 0.196296 0.731503
56 0.361979 0.527315 0.0270833 0.0638889 0.755746
0 0.500781 0.523611 0.158854 0.40463 0.767339
56 0.96901 0.665278 0.0619792 0.156481 0.770106
56 0.20651 0.725926 0.0901042 0.303704 0.792204
56 0.286979 0.799537 0.120833 0.387963 0.851259
0 0.335417 0.705556 0.177083 0.57037 0.876792
56 0.752604 0.789815 0.178125 0.409259 0.888037
62 0.295312 0.374537 0.228125 0.252778 0.893129
56 0.498698 0.834722 0.198437 0.321296 0.893939
0 0.703385 0.635648 0.216146 0.700926 0.900561
0 0.435417 0.508796 0.0802083 0.217593 0.912207
0 0.629427 0.505556 0.107813 0.22037 0.912865
