56 0.160677 0.519907 0.0453125 0.0305556 0.300833
56 0.0195312 0.660648 0.0390625 0.226852 0.357704
0 0.451302 0.538889 0.185937 0.412963 0.416943
56 0.0893229 0.543519 0.0598958 0.0685185 0.422848
56 0.084375 0.526389 0.05 0.0361111 0.434431
56 0.948958 0.697685 0.09375 0.263889 0.471883
56 0.922396 0.547685 0.103125 0.136111 0.49734
56 0.940625 0.756944 0.059375 0.180556 0.503134
56 0.605469 0.581481 0.0932292 0.0648148 0.603222
56 0.249219 0.808333 0.133854 0.37963 0.606735
56 0.160677 0.543981 0.0463542 0.0805556 0.650433
56 0.935156 0.611111 0.127604 0.255556 0.727413
56 0.0773437 0.637963 0.0776042 0.2 0.727832
56 0.303385 0.54537 0.0307292 0.0833333 0.739389
56 0.159115 0.739352 0.108854 0.308333 0.845858
0 0.274219 0.709259 0.184896 0.572222 0.865591
56 0.700521 0.788889 0.167708 0.412963 0.885024
56 0.457031 0.84213 0.196354 0.30463 0.893824
62 0.235677 0.37963 0.235938 0.25 0.899906
0 0.652604 0.645833 0.219792 0.693519 0.94102
