56 0.29974 0.934259 0.0380208 0.127778 0.276296
56 0.936979 0.784259 0.0614583 0.216667 0.380387
60 0.463021 0.7 0.355208 0.1 0.380518
56 0.0171875 0.675 0.034375 0.224074 0.499142
56 0.948698 0.719907 0.101562 0.326852 0.514781
56 0.0859375 0.561111 0.0645833 0.0814815 0.540356
56 0.916667 0.561111 0.105208 0.133333 0.575284
56 0.296615 0.561111 0.0369792 0.0888889 0.606848
56 0.240885 0.807407 0.129688 0.377778 0.612867
56 0.933333 0.621759 0.128125 0.25463 0.705731
56 0.156771 0.55787 0.0458333 0.0787037 0.709866
56 0.0721354 0.650926 0.0744792 0.2 0.747328
0 0.448438 0.554167 0.1875 0.417593 0.844257
56 0.153646 0.752778 0.113542 0.312963 0.84508
0 0.267188 0.7125 0.1875 0.560185 0.862705
0 0.591146 0.522222 0.133333 0.212963 0.867643
56 0.451042 0.846296 0.191667 0.294444 0.873845
62 0.231771 0.39537 0.233333 0.253704 0.874858
56 0.697656 0.795833 0.167187 0.400926 0.893544
0 0.377604 0.5375 0.0802083 0.223148 0.898732
0 0.646615 0.655556 0.220313 0.675926 0.915503
