56 0.990104 0.758796 0.0197917 0.162037 0.25632
56 0.0239583 0.543981 0.046875 0.0324074 0.342572
56 0.197135 0.74537 0.0755208 0.272222 0.403479
56 0.0270833 0.694444 0.0541667 0.183333 0.408705
56 0.152083 0.536574 0.0614583 0.0768519 0.436003
56 0.2125 0.511574 0.0260417 0.0305556 0.474647
56 0.0119792 0.584259 0.0239583 0.0537037 0.493261
56 0.314063 0.853241 0.209375 0.282407 0.533617
56 0.0747396 0.640741 0.0557292 0.201852 0.542478
56 0.0375 0.794907 0.075 0.373148 0.567884
56 0.982292 0.7125 0.0354167 0.152778 0.568783
0 0.755729 0.556019 0.121875 0.534259 0.624426
56 0.591927 0.843056 0.215104 0.308333 0.691059
56 0.13724 0.624074 0.0671875 0.192593 0.697198
0 0.4625 0.584722 0.1375 0.35463 0.702839
56 0.96901 0.666204 0.0619792 0.158333 0.752143
62 0.294792 0.375926 0.228125 0.255556 0.791458
56 0.353385 0.569907 0.0494792 0.149074 0.830953
0 0.582292 0.510648 0.06875 0.210185 0.836232
56 0.76875 0.78287 0.15625 0.421296 0.871418
0 0.310417 0.716667 0.223958 0.548148 0.888708
0 0.561719 0.664352 0.318229 0.652778 0.915399
