56 0.0205729 0.575 0.0411458 0.0666667 0.258606
0 0.640885 0.67037 0.144271 0.57037 0.27491
56 0.0257812 0.54537 0.0515625 0.037037 0.281161
56 0.146615 0.516667 0.0484375 0.037037 0.300263
56 0.0270833 0.692593 0.0541667 0.181481 0.305723
56 0.220052 0.511574 0.0432292 0.0342593 0.431529
0 0.00677083 0.457407 0.0135417 0.137037 0.434946
56 0.152083 0.537037 0.0614583 0.0777778 0.435997
0 0.633073 0.514352 0.121354 0.241667 0.456983
56 0.0117188 0.585185 0.0234375 0.0555556 0.460678
56 0.982292 0.7125 0.0354167 0.152778 0.558171
56 0.220052 0.533796 0.0453125 0.0768519 0.574571
56 0.0744792 0.636574 0.0572917 0.19537 0.581648
60 0.531771 0.659722 0.332292 0.112037 0.586446
56 0.0385417 0.795833 0.0770833 0.378704 0.679229
56 0.138281 0.626389 0.0713542 0.197222 0.732082
56 0.969271 0.665278 0.0614583 0.156481 0.761714
56 0.358594 0.534722 0.0338542 0.0805556 0.776069
56 0.204427 0.726389 0.0848958 0.302778 0.793958
56 0.41849 0.590741 0.0244792 0.0722222 0.818785
0 0.501302 0.525926 0.151562 0.35 0.835559
56 0.288542 0.801852 0.125 0.388889 0.847328
0 0.328906 0.706944 0.184896 0.571296 0.869365
0 0.721615 0.668519 0.210938 0.642593 0.872842
62 0.295573 0.372685 0.228646 0.252778 0.899176
56 0.764323 0.787037 0.179688 0.416667 0.911811
56 0.499219 0.834722 0.194271 0.319444 0.913513
