56 0.146354 0.516667 0.0479167 0.037037 0.254251
27 0.343229 0.584259 0.0260417 0.0833333 0.3544
56 0.152344 0.537037 0.0619792 0.0777778 0.374415
56 0.0239583 0.543519 0.046875 0.0333333 0.400366
60 0.529688 0.658333 0.354167 0.112963 0.438976
56 0.0270833 0.694907 0.0541667 0.184259 0.470252
64 0.639583 0.639352 0.0333333 0.0361111 0.48752
56 0.0119792 0.584259 0.0239583 0.0537037 0.508698
56 0.0356771 0.797222 0.0713542 0.366667 0.536181
56 0.0752604 0.635648 0.0578125 0.193519 0.557219
56 0.220052 0.534259 0.0442708 0.0777778 0.624337
56 0.648438 0.573611 0.0979167 0.0638889 0.731684
56 0.138021 0.624074 0.06875 0.192593 0.734538
56 0.204688 0.725463 0.0885417 0.30463 0.787499
56 0.360417 0.527315 0.03125 0.0657407 0.795988
56 0.286458 0.801852 0.121875 0.387037 0.835684
0 0.501562 0.525926 0.152083 0.35 0.856941
62 0.295312 0.374537 0.228125 0.252778 0.878649
0 0.335156 0.705556 0.185937 0.568519 0.886399
56 0.498958 0.834259 0.19375 0.318519 0.898858
0 0.435937 0.519907 0.08125 0.225 0.908501
56 0.765104 0.787963 0.179167 0.412963 0.917396
0 0.717969 0.646759 0.217187 0.687963 0.926101
0 0.927344 0.565278 0.144271 0.776852 0.935279
