56 0.845312 0.760648 0.06875 0.200926 0.322778
56 0.81875 0.543519 0.096875 0.131481 0.532155
56 0.9375 0.578241 0.059375 0.125 0.670071
56 0.153906 0.813889 0.126563 0.366667 0.672605
60 0.382812 0.663889 0.325 0.114815 0.678251
56 0.828906 0.597685 0.119271 0.232407 0.697698
56 0.213021 0.543981 0.03125 0.0731481 0.702853
56 0.864062 0.6375 0.135417 0.282407 0.715561
0 0.363021 0.537037 0.153125 0.348148 0.727554
56 0.0614583 0.551852 0.046875 0.0777778 0.731363
0 0.480469 0.510648 0.0953125 0.217593 0.817431
62 0.139062 0.386111 0.247917 0.261111 0.822092
0 0.183854 0.709722 0.190625 0.571296 0.855641
0 0.572656 0.653704 0.196354 0.672222 0.867144
56 0.618229 0.786111 0.160417 0.414815 0.882951
56 0.0645833 0.753704 0.116667 0.325926 0.891563
56 0.36276 0.838426 0.192188 0.308333 0.893885
0 0.295573 0.528241 0.0848958 0.232407 0.902638
