56 0.989844 0.759259 0.0203125 0.161111 0.2603
56 0.0239583 0.543981 0.046875 0.0324074 0.3547
56 0.210156 0.512037 0.0223958 0.0314815 0.413429
56 0.0270833 0.693056 0.0541667 0.180556 0.440656
56 0.153385 0.537037 0.0630208 0.0777778 0.453919
56 0.191927 0.735648 0.0859375 0.297222 0.462828
56 0.0119792 0.584259 0.0239583 0.0537037 0.519142
56 0.314323 0.852778 0.209896 0.283333 0.521241
56 0.982292 0.712963 0.0354167 0.153704 0.567102
56 0.0742188 0.636574 0.0546875 0.193519 0.57252
56 0.0385417 0.798148 0.0770833 0.364815 0.572713
56 0.136979 0.625926 0.0666667 0.194444 0.69408
0 0.755729 0.550463 0.121875 0.521296 0.698776
0 0.4625 0.603704 0.1375 0.401852 0.728087
56 0.96875 0.665278 0.0625 0.156481 0.759726
62 0.295052 0.374074 0.228646 0.251852 0.799353
56 0.594271 0.839815 0.211458 0.312963 0.817204
56 0.353385 0.569907 0.0494792 0.149074 0.828511
0 0.582292 0.509722 0.0677083 0.210185 0.839459
56 0.77526 0.78287 0.143229 0.417593 0.842821
0 0.567708 0.662963 0.329167 0.653704 0.909207
0 0.309896 0.716667 0.221875 0.544444 0.91136
