56 0.0166667 0.562963 0.0333333 0.0851852 0.258229
60 0.941146 0.811111 0.116667 0.337037 0.288551
56 0.860417 0.56713 0.084375 0.14537 0.343066
56 0.853125 0.769444 0.065625 0.212963 0.408918
56 0.222917 0.555093 0.03125 0.0787037 0.570717
56 0.0716146 0.558796 0.0473958 0.0805556 0.634154
60 0.39375 0.677315 0.336458 0.102778 0.646359
56 0.869792 0.635185 0.142708 0.268519 0.649088
56 0.946354 0.587037 0.0572917 0.124074 0.656063
56 0.830208 0.605556 0.105208 0.238889 0.65736
0 0.603125 0.621296 0.15 0.592593 0.68617
56 0.168229 0.818056 0.1375 0.358333 0.72568
0 0.491406 0.518519 0.0994792 0.218519 0.740227
0 0.371354 0.541667 0.15 0.338889 0.82623
56 0.0716146 0.758796 0.111979 0.319444 0.848175
62 0.149219 0.394907 0.246354 0.260185 0.867328
0 0.194271 0.712037 0.192708 0.562963 0.880207
56 0.626302 0.791204 0.161979 0.408333 0.890838
56 0.372396 0.840741 0.19375 0.303704 0.90643
0 0.304167 0.536111 0.0822917 0.233333 0.907402
