56 0.151562 0.532407 0.0604167 0.0703704 0.293974
56 0.146354 0.516667 0.0479167 0.037037 0.30889
56 0.0239583 0.543981 0.0479167 0.0342593 0.402444
56 0.0341146 0.798611 0.0682292 0.352778 0.469914
56 0.220313 0.510648 0.0427083 0.0305556 0.51635
56 0.0122396 0.584259 0.0244792 0.0537037 0.523533
56 0.0270833 0.693981 0.0541667 0.182407 0.559003
56 0.982552 0.712963 0.0348958 0.153704 0.564818
56 0.0747396 0.635185 0.0567708 0.192593 0.565611
60 0.528646 0.658796 0.347917 0.112037 0.627791
56 0.138802 0.624537 0.0713542 0.193519 0.699355
56 0.203385 0.725926 0.0880208 0.301852 0.765971
56 0.96901 0.665741 0.0619792 0.157407 0.770643
56 0.358854 0.533333 0.034375 0.0796296 0.783805
0 0.501823 0.525 0.151562 0.35 0.803264
56 0.288021 0.803241 0.126042 0.386111 0.854076
0 0.645312 0.5 0.144792 0.22963 0.868162
0 0.328385 0.705093 0.183854 0.573148 0.884839
0 0.719531 0.640741 0.216146 0.694444 0.887122
62 0.295312 0.374074 0.228125 0.253704 0.890575
56 0.764583 0.787963 0.179167 0.412963 0.908058
56 0.499479 0.834722 0.194792 0.319444 0.911376
0 0.435417 0.52037 0.08125 0.224074 0.913753
