64 0.639323 0.639352 0.0338542 0.0342593 0.273954
56 0.146615 0.516204 0.0484375 0.0361111 0.301885
56 0.151823 0.534259 0.0609375 0.0722222 0.326686
56 0.597656 0.730556 0.0380208 0.266667 0.330184
56 0.0450521 0.656482 0.0901042 0.2 0.337685
27 0.34401 0.585648 0.0265625 0.0824074 0.411283
56 0.0242187 0.543519 0.0473958 0.0333333 0.417978
56 0.220313 0.512037 0.0427083 0.0333333 0.419066
60 0.531771 0.661574 0.3375 0.119444 0.459034
56 0.0359375 0.799074 0.071875 0.357407 0.488608
56 0.220052 0.533796 0.0442708 0.0768519 0.495683
56 0.0119792 0.583796 0.0239583 0.0527778 0.509705
56 0.0739583 0.634259 0.05625 0.190741 0.524962
56 0.647396 0.575463 0.0979167 0.0675926 0.537845
56 0.0273438 0.693981 0.0546875 0.182407 0.545989
56 0.982292 0.7125 0.0354167 0.152778 0.55547
56 0.139062 0.625463 0.0729167 0.197222 0.73679
56 0.96901 0.665278 0.0619792 0.156481 0.752075
56 0.204167 0.725 0.0885417 0.303704 0.785705
56 0.360677 0.527778 0.0307292 0.0666667 0.796903
56 0.283854 0.801389 0.116667 0.386111 0.815148
0 0.501823 0.524074 0.152604 0.353704 0.823904
0 0.332812 0.706481 0.18125 0.57037 0.859968
62 0.295052 0.374074 0.228646 0.253704 0.889011
56 0.498437 0.834259 0.194792 0.318519 0.8998
0 0.435937 0.519907 0.08125 0.226852 0.914967
56 0.765104 0.788426 0.179167 0.413889 0.917227
0 0.716667 0.65463 0.21875 0.67037 0.92848
