56 0.146354 0.516667 0.0479167 0.037037 0.259338
56 0.151823 0.536111 0.0609375 0.0759259 0.343051
56 0.0239583 0.543981 0.046875 0.0324074 0.356611
56 0.0270833 0.694907 0.0541667 0.184259 0.402094
60 0.516406 0.655093 0.306771 0.112037 0.422892
56 0.0122396 0.584722 0.0244792 0.0527778 0.435699
56 0.0742188 0.635648 0.0567708 0.193519 0.515464
56 0.982552 0.7125 0.0348958 0.152778 0.526193
56 0.0335938 0.787963 0.0671875 0.368519 0.544436
56 0.220313 0.534259 0.0447917 0.0777778 0.605271
56 0.139323 0.625 0.0734375 0.194444 0.732742
56 0.694531 0.573611 0.0380208 0.0564815 0.744471
56 0.3625 0.52963 0.0260417 0.0703704 0.758495
56 0.96875 0.665278 0.0625 0.158333 0.758581
56 0.20625 0.725926 0.0864583 0.305556 0.787925
0 0.613542 0.505093 0.136458 0.221296 0.800903
56 0.284635 0.800463 0.116146 0.386111 0.829384
0 0.334115 0.708333 0.181771 0.568519 0.851711
62 0.295052 0.373611 0.227604 0.250926 0.856501
56 0.482031 0.843056 0.218229 0.297222 0.867329
0 0.702344 0.640741 0.234896 0.701852 0.876758
0 0.917448 0.443981 0.0713542 0.480556 0.897983
56 0.75026 0.790741 0.183854 0.409259 0.901007
0 0.464844 0.520833 0.139062 0.228704 0.935116
