56 0.146615 0.516667 0.0484375 0.037037 0.272243
56 0.151823 0.536111 0.0609375 0.0759259 0.358166
56 0.0239583 0.543981 0.046875 0.0324074 0.366797
60 0.514844 0.655093 0.296354 0.123148 0.39725
56 0.0119792 0.584259 0.0239583 0.0537037 0.465709
56 0.0270833 0.694444 0.0541667 0.183333 0.49047
56 0.0356771 0.797222 0.0713542 0.366667 0.530647
56 0.0742188 0.635648 0.0557292 0.193519 0.543185
56 0.982552 0.712963 0.0348958 0.153704 0.589291
56 0.220313 0.534722 0.0447917 0.0768519 0.600141
56 0.36224 0.529167 0.0265625 0.0675926 0.71356
56 0.96901 0.665741 0.0619792 0.157407 0.75647
56 0.140104 0.623148 0.0739583 0.190741 0.767952
0 0.502865 0.538426 0.153646 0.389815 0.777664
56 0.204948 0.725 0.0890625 0.303704 0.78429
56 0.69349 0.574074 0.0401042 0.0555556 0.800419
56 0.285417 0.8 0.117708 0.388889 0.841723
0 0.33776 0.708333 0.186979 0.562963 0.868372
56 0.498698 0.833796 0.198437 0.321296 0.893632
62 0.295312 0.374074 0.228125 0.253704 0.895147
56 0.749219 0.791204 0.185937 0.410185 0.898643
0 0.435156 0.513889 0.0817708 0.214815 0.900048
0 0.702083 0.641204 0.23125 0.702778 0.913106
0 0.627344 0.505093 0.107813 0.215741 0.92204
