56 0.963802 0.771296 0.0713542 0.227778 0.263902
56 0.0893229 0.543056 0.0598958 0.0675926 0.404941
56 0.084375 0.526389 0.05 0.0361111 0.409256
56 0.940885 0.755556 0.0609375 0.175926 0.427021
56 0.0195312 0.660648 0.0390625 0.225 0.436316
56 0.94974 0.699537 0.0942708 0.260185 0.473864
56 0.923177 0.547222 0.103646 0.135185 0.49193
0 0.451302 0.539352 0.184896 0.412037 0.608178
56 0.250521 0.810648 0.136458 0.375 0.632624
56 0.160417 0.543981 0.0458333 0.0805556 0.681533
56 0.303125 0.544907 0.0322917 0.0824074 0.686462
56 0.605208 0.581944 0.09375 0.0638889 0.695698
56 0.935156 0.610185 0.128646 0.251852 0.730321
56 0.0773437 0.640278 0.0776042 0.202778 0.736753
56 0.158854 0.739815 0.108333 0.311111 0.852591
0 0.272396 0.710185 0.186458 0.566667 0.85372
56 0.70026 0.787963 0.168229 0.411111 0.885358
62 0.235938 0.37963 0.235417 0.251852 0.895848
56 0.457292 0.84213 0.195833 0.30463 0.897912
0 0.651302 0.652315 0.221354 0.678704 0.940992
