56 0.989844 0.759722 0.0203125 0.162037 0.259652
56 0.146354 0.516667 0.0479167 0.037037 0.280287
56 0.151562 0.535648 0.0604167 0.075 0.338953
60 0.515365 0.656944 0.296354 0.121296 0.365496
56 0.0242187 0.544444 0.0473958 0.0333333 0.373166
56 0.0270833 0.694907 0.0541667 0.184259 0.447086
56 0.0119792 0.584259 0.0239583 0.0537037 0.4881
56 0.0744792 0.637037 0.05625 0.196296 0.51951
56 0.0359375 0.795833 0.071875 0.367593 0.533333
56 0.982552 0.711574 0.0348958 0.150926 0.57169
56 0.220313 0.534259 0.0447917 0.0777778 0.599923
56 0.138021 0.623611 0.06875 0.191667 0.732317
56 0.36224 0.52963 0.0265625 0.0685185 0.733167
56 0.969271 0.665741 0.0614583 0.157407 0.761578
56 0.204167 0.725 0.090625 0.303704 0.779267
0 0.502344 0.537037 0.153646 0.388889 0.791048
56 0.69349 0.573611 0.0401042 0.0564815 0.802357
56 0.284896 0.800926 0.11875 0.388889 0.833255
0 0.336979 0.708333 0.186458 0.562963 0.859612
62 0.295312 0.374537 0.228125 0.252778 0.886177
56 0.498437 0.833796 0.197917 0.321296 0.889114
56 0.749219 0.791204 0.185937 0.410185 0.898547
0 0.435677 0.513426 0.0817708 0.213889 0.902729
0 0.702865 0.64213 0.229687 0.700926 0.914433
0 0.627865 0.506019 0.106771 0.215741 0.924584
