56 0.963542 0.771296 0.0708333 0.227778 0.255326
56 0.0739583 0.526852 0.0302083 0.037037 0.338887
56 0.224219 0.71713 0.0651042 0.282407 0.469289
56 0.948698 0.705093 0.0932292 0.247222 0.478897
56 0.940104 0.75463 0.0604167 0.174074 0.523201
56 0.642969 0.573148 0.0223958 0.0407407 0.5328
0 0.388281 0.68287 0.102604 0.525 0.602319
62 0.234115 0.378704 0.236979 0.248148 0.658095
56 0.0690104 0.638426 0.0640625 0.219444 0.672316
60 0.470313 0.664352 0.325 0.110185 0.689672
56 0.928646 0.599074 0.120833 0.237037 0.715529
56 0.295573 0.578704 0.0526042 0.15 0.809314
56 0.503906 0.844444 0.201562 0.294444 0.877018
0 0.154687 0.641204 0.16875 0.708333 0.886852
0 0.566146 0.510648 0.136458 0.232407 0.887688
56 0.704948 0.787963 0.158854 0.411111 0.890812
56 0.316406 0.788426 0.175521 0.382407 0.894602
0 0.647656 0.646296 0.229687 0.694444 0.910438
