60 0.513802 0.649074 0.280729 0.164815 0.251612
56 0.146615 0.51713 0.0484375 0.037963 0.279309
60 0.51276 0.650926 0.315104 0.381481 0.301742
56 0.0242187 0.543981 0.0473958 0.0324074 0.335879
56 0.0440104 0.659722 0.0880208 0.199074 0.337453
56 0.151562 0.536111 0.0604167 0.0759259 0.35776
56 0.0119792 0.584259 0.0239583 0.0537037 0.481723
56 0.0359375 0.799074 0.071875 0.355556 0.490012
56 0.0742188 0.634722 0.0557292 0.189815 0.496862
56 0.982292 0.713889 0.0354167 0.157407 0.540997
56 0.0273438 0.693519 0.0546875 0.181481 0.560727
56 0.220313 0.535185 0.0447917 0.0777778 0.611981
56 0.139323 0.624074 0.0723958 0.190741 0.739377
56 0.96875 0.665741 0.0625 0.157407 0.764855
0 0.505729 0.539352 0.153125 0.39537 0.768272
56 0.205469 0.725 0.0880208 0.303704 0.773411
56 0.360938 0.527778 0.03125 0.0666667 0.794888
56 0.69375 0.574074 0.0395833 0.0555556 0.795231
56 0.286719 0.800463 0.119271 0.387963 0.824347
0 0.33776 0.706944 0.189063 0.565741 0.869161
56 0.498177 0.833796 0.197396 0.321296 0.886158
62 0.295312 0.373611 0.228125 0.252778 0.892932
56 0.752604 0.790741 0.180208 0.409259 0.893899
0 0.435937 0.518056 0.08125 0.223148 0.909426
0 0.703125 0.640741 0.229167 0.703704 0.914759
0 0.629167 0.506019 0.103125 0.213889 0.920337
