56 0.807813 0.781944 0.0677083 0.391667 0.276756
56 0.146354 0.516667 0.0479167 0.037037 0.298901
56 0.0486979 0.650463 0.0932292 0.199074 0.306315
60 0.492969 0.65463 0.261979 0.107407 0.311177
56 0.151562 0.534722 0.0604167 0.0731481 0.32577
56 0.0239583 0.543981 0.046875 0.0324074 0.345431
56 0.0119792 0.584259 0.0239583 0.0537037 0.478784
56 0.0273438 0.693519 0.0546875 0.181481 0.503744
56 0.0742188 0.633796 0.0557292 0.189815 0.531963
56 0.034375 0.798148 0.06875 0.364815 0.538013
56 0.220052 0.534259 0.0453125 0.0777778 0.548113
56 0.982552 0.711574 0.0348958 0.152778 0.575408
56 0.757812 0.791667 0.169792 0.407407 0.660914
56 0.136719 0.625 0.0671875 0.194444 0.703877
56 0.96901 0.664815 0.0619792 0.155556 0.741935
56 0.204427 0.723148 0.0880208 0.3 0.781667
56 0.359896 0.528704 0.0322917 0.0685185 0.794021
0 0.596094 0.506481 0.0984375 0.222222 0.806484
56 0.283854 0.800463 0.114583 0.386111 0.822739
62 0.295312 0.374074 0.228125 0.253704 0.846044
0 0.335417 0.708333 0.186458 0.568519 0.858301
56 0.482292 0.843056 0.21875 0.297222 0.859745
0 0.71276 0.497222 0.210938 0.994444 0.892643
0 0.464844 0.520833 0.139062 0.226852 0.936148
