56 0.664323 0.668981 0.0411458 0.189815 0.252142
60 0.475781 0.658333 0.119271 0.105556 0.297543
56 0.805729 0.535648 0.0916667 0.123148 0.302978
56 0.832292 0.753704 0.065625 0.209259 0.402741
56 0.922656 0.572222 0.0578125 0.122222 0.523044
56 0.0494792 0.547685 0.0489583 0.0805556 0.582236
60 0.37526 0.657407 0.345313 0.111111 0.62566
56 0.81276 0.581944 0.116146 0.212037 0.669176
56 0.18125 0.584259 0.0791667 0.159259 0.731285
56 0.853125 0.626852 0.141667 0.268519 0.731304
0 0.351562 0.531944 0.153125 0.343519 0.735465
0 0.5625 0.653241 0.19375 0.662037 0.827303
0 0.470573 0.505093 0.0963542 0.219444 0.864774
56 0.0635417 0.745833 0.126042 0.334259 0.866209
0 0.282813 0.525463 0.0833333 0.237963 0.867655
62 0.127083 0.379167 0.25 0.256481 0.877696
56 0.354167 0.836574 0.192708 0.315741 0.885874
56 0.607813 0.783796 0.157292 0.419444 0.887521
56 0.161979 0.8 0.196875 0.390741 0.907706
