56 0.989844 0.759259 0.0203125 0.164815 0.25891
56 0.146615 0.516667 0.0484375 0.037037 0.268752
27 0.344271 0.584259 0.0270833 0.0851852 0.313626
56 0.151562 0.537037 0.0614583 0.0777778 0.351483
56 0.0239583 0.543519 0.046875 0.0333333 0.384005
56 0.0351562 0.798148 0.0703125 0.362963 0.499156
56 0.0119792 0.583796 0.0239583 0.0527778 0.512796
56 0.0270833 0.694444 0.0541667 0.183333 0.540473
56 0.0747396 0.634722 0.0567708 0.191667 0.572939
56 0.982552 0.7125 0.0348958 0.152778 0.577579
56 0.220052 0.534722 0.0442708 0.0768519 0.628905
60 0.519531 0.65787 0.310937 0.10463 0.628948
56 0.136198 0.625926 0.0671875 0.196296 0.715511
56 0.96901 0.665741 0.0619792 0.159259 0.778201
56 0.360938 0.527778 0.03125 0.0648148 0.778874
56 0.203646 0.725463 0.0895833 0.30463 0.783217
56 0.694271 0.574074 0.0385417 0.0555556 0.806766
0 0.494531 0.505093 0.163021 0.362037 0.83553
56 0.286979 0.801389 0.121875 0.387963 0.847543
0 0.331771 0.70463 0.177083 0.566667 0.860153
56 0.49974 0.834259 0.193229 0.318519 0.893127
0 0.429948 0.512037 0.0703125 0.209259 0.896929
62 0.295052 0.374074 0.228646 0.253704 0.899189
0 0.713281 0.641667 0.213021 0.698148 0.903778
56 0.747917 0.791667 0.1875 0.411111 0.908125
0 0.626302 0.503704 0.109896 0.22037 0.910415
