56 0.0161458 0.550463 0.0322917 0.0509259 0.299749
56 0.866146 0.701389 0.0958333 0.171296 0.468804
56 0.0197917 0.651852 0.0395833 0.177778 0.531444
56 0.639583 0.793056 0.166667 0.40463 0.562857
56 0.866406 0.768519 0.0744792 0.218519 0.579803
56 0.833594 0.61713 0.0911458 0.243519 0.611216
56 0.172917 0.799074 0.135417 0.398148 0.644104
60 0.403125 0.672222 0.335417 0.112963 0.688582
56 0.229427 0.556019 0.0369792 0.0824074 0.701132
56 0.0838542 0.558796 0.0458333 0.0805556 0.750498
0 0.520312 0.669444 0.15625 0.511111 0.772865
62 0.160156 0.392593 0.244271 0.257407 0.773207
56 0.0846354 0.758796 0.114063 0.319444 0.847477
0 0.202344 0.709259 0.189063 0.562963 0.863226
56 0.377865 0.844907 0.203646 0.291667 0.890958
0 0.933333 0.334722 0.132292 0.637963 0.897564
0 0.638542 0.495833 0.213542 0.991667 0.908789
0 0.343229 0.536574 0.136458 0.232407 0.934633
