56 0.146354 0.516667 0.0479167 0.037037 0.287311
64 0.639323 0.638426 0.0338542 0.0342593 0.291146
56 0.151823 0.534722 0.0609375 0.075 0.368544
56 0.0239583 0.543519 0.046875 0.0333333 0.40863
56 0.0119792 0.583796 0.0239583 0.0527778 0.489512
60 0.532292 0.661111 0.338542 0.122222 0.499304
56 0.650521 0.578241 0.09375 0.0694444 0.500826
56 0.0351562 0.799537 0.0703125 0.358333 0.518125
56 0.0270833 0.693981 0.0541667 0.182407 0.542154
56 0.0742188 0.634722 0.0557292 0.191667 0.557751
56 0.982292 0.712037 0.0354167 0.151852 0.56556
56 0.220052 0.534259 0.0442708 0.0777778 0.580639
56 0.1375 0.624537 0.06875 0.19537 0.748479
56 0.969271 0.665741 0.0614583 0.157407 0.749289
56 0.204688 0.724074 0.0875 0.301852 0.782233
56 0.360677 0.527315 0.0317708 0.0675926 0.785941
56 0.285937 0.801389 0.120833 0.386111 0.836835
0 0.501562 0.524537 0.152083 0.352778 0.84163
0 0.332812 0.705556 0.182292 0.57037 0.87125
62 0.295052 0.374074 0.228646 0.253704 0.892174
56 0.498437 0.834259 0.194792 0.318519 0.897994
0 0.435156 0.519444 0.0796875 0.227778 0.914807
56 0.765104 0.788426 0.179167 0.413889 0.918806
0 0.716406 0.65463 0.219271 0.67037 0.930188
