24 0.652344 0.446759 0.0494792 0.0824074 0.262181
24 0.692448 0.440741 0.0651042 0.101852 0.282875
56 0.694531 0.441204 0.0619792 0.10463 0.292303
56 0.66224 0.662037 0.158854 0.507407 0.31544
56 0.74401 0.468519 0.0911458 0.0648148 0.317561
67 0.43125 0.631944 0.0520833 0.0268519 0.369947
0 0.973958 0.3125 0.0520833 0.115741 0.510446
0 0.631771 0.518519 0.11875 0.687037 0.533967
39 0.345313 0.169444 0.0104167 0.0537037 0.553313
24 0.466406 0.959259 0.123438 0.0777778 0.562824
0 0.615625 0.327315 0.0895833 0.297222 0.652671
56 0.1125 0.642593 0.09375 0.251852 0.755809
0 0.8625 0.572685 0.211458 0.817593 0.861547
56 0.241146 0.780093 0.266667 0.426852 0.879462
0 0.16875 0.476852 0.130208 0.348148 0.884098
0 0.33724 0.635185 0.277604 0.709259 0.923544
