26 0.365365 0.478241 0.140104 0.0972222 0.264584
41 0.479688 0.354167 0.0364583 0.0324074 0.275635
0 0.304688 0.397222 0.0614583 0.112963 0.383026
24 0.364062 0.478241 0.140625 0.0972222 0.395991
56 0.854427 0.6125 0.114063 0.465741 0.454949
67 0.40026 0.607407 0.0515625 0.0277778 0.5146
39 0.322135 0.128704 0.00989583 0.0555556 0.571781
24 0.427604 0.952315 0.142708 0.0916667 0.588277
0 0.804688 0.336574 0.155208 0.332407 0.71434
56 0.706771 0.736111 0.269792 0.505556 0.863801
56 0.192448 0.757407 0.256771 0.466667 0.921409
0 0.635417 0.561111 0.259375 0.851852 0.929307
0 0.288021 0.614352 0.29375 0.74537 0.941005
