56 0.696354 0.439815 0.0583333 0.103704 0.278848
26 0.57474 0.475 0.102604 0.0703704 0.28814
56 0.742188 0.465741 0.0875 0.0592593 0.313665
56 0.871875 0.699074 0.232292 0.566667 0.323058
24 0.573958 0.475 0.103125 0.0703704 0.340988
0 0.974219 0.313426 0.0515625 0.130556 0.407279
24 0.651563 0.443056 0.0520833 0.0898148 0.474013
56 0.643229 0.663426 0.140625 0.499074 0.474352
24 0.692969 0.439815 0.0640625 0.103704 0.516941
24 0.466927 0.958333 0.124479 0.0777778 0.531482
39 0.345313 0.169444 0.0104167 0.0555556 0.572434
0 0.341667 0.52963 0.140625 0.505556 0.757917
56 0.120312 0.64537 0.10625 0.25 0.787003
0 0.84349 0.581481 0.205729 0.805556 0.806741
0 0.18776 0.53287 0.222396 0.467593 0.866538
0 0.169792 0.324074 0.161458 0.359259 0.920513
56 0.241406 0.772685 0.272396 0.439815 0.928714
