67 0.433073 0.633333 0.0515625 0.0240741 0.281411
24 0.473437 0.960648 0.135417 0.075 0.396779
64 0.408594 0.555093 0.0317708 0.037963 0.481259
56 0.645312 0.455093 0.0322917 0.0712963 0.484354
39 0.346354 0.173148 0.009375 0.0574074 0.580858
0 0.901042 0.580093 0.105208 0.660185 0.642166
0 0.236458 0.412963 0.0604167 0.231481 0.719234
56 0.636979 0.747685 0.203125 0.491667 0.891855
0 0.701042 0.493519 0.35 0.983333 0.904714
0 0.348437 0.61713 0.267708 0.702778 0.919484
56 0.271615 0.775 0.240104 0.435185 0.921673
