24 0.569531 0.475926 0.107813 0.0703704 0.290725
24 0.651563 0.450926 0.05 0.0777778 0.406937
24 0.692708 0.4375 0.0708333 0.112037 0.411896
56 0.63776 0.660648 0.131771 0.521296 0.434578
24 0.466667 0.959259 0.125 0.0777778 0.46103
67 0.740104 0.465278 0.0291667 0.0324074 0.483429
26 0.570052 0.475463 0.110937 0.0712963 0.491036
56 0.136458 0.646759 0.0895833 0.300926 0.609956
39 0.345313 0.169907 0.0104167 0.0546296 0.664757
0 0.836198 0.5625 0.217187 0.752778 0.827142
0 0.210938 0.430093 0.0770833 0.35463 0.874834
0 0.371354 0.402315 0.115625 0.213889 0.878495
56 0.239844 0.783333 0.249479 0.42037 0.921442
0 0.334115 0.619907 0.295312 0.734259 0.923479
