56 0.699219 0.437963 0.0640625 0.114815 0.26071
24 0.652344 0.445833 0.0536458 0.0898148 0.421086
26 0.567708 0.475 0.114583 0.0722222 0.427987
56 0.6375 0.660185 0.132292 0.52037 0.432411
24 0.466406 0.959259 0.124479 0.0777778 0.443942
24 0.698438 0.437963 0.0645833 0.114815 0.446125
67 0.739583 0.463889 0.0270833 0.0314815 0.467994
67 0.43099 0.631944 0.0515625 0.0268519 0.469327
39 0.345313 0.169444 0.0104167 0.0537037 0.64441
0 0.376563 0.397685 0.0875 0.215741 0.822033
0 0.836198 0.565741 0.216146 0.759259 0.828481
0 0.222396 0.431944 0.109375 0.358333 0.907175
56 0.238802 0.783796 0.250521 0.421296 0.916472
0 0.344792 0.630556 0.310417 0.711111 0.943931
