67 0.739323 0.463426 0.0296875 0.0287037 0.255446
24 0.567969 0.475463 0.115104 0.0712963 0.370575
24 0.696615 0.438426 0.0671875 0.113889 0.376543
26 0.568229 0.474537 0.115625 0.0712963 0.404891
24 0.652083 0.449074 0.0510417 0.0833333 0.413349
56 0.636719 0.661111 0.129688 0.516667 0.495411
24 0.466927 0.959259 0.123438 0.0777778 0.537966
39 0.345313 0.170833 0.0104167 0.0546296 0.562255
56 0.0833333 0.72963 0.161458 0.483333 0.790964
0 0.835156 0.564352 0.218229 0.758333 0.817562
0 0.0455729 0.57037 0.0911458 0.62963 0.886941
56 0.239583 0.78287 0.254167 0.419444 0.909895
0 0.316667 0.628241 0.2625 0.715741 0.920343
0 0.171094 0.398148 0.100521 0.455556 0.923244
