56 0.697396 0.437963 0.0614583 0.114815 0.253184
26 0.567448 0.474537 0.115104 0.0712963 0.320285
24 0.567448 0.475463 0.115104 0.0712963 0.37254
24 0.694792 0.437963 0.0604167 0.112963 0.419172
67 0.739844 0.464815 0.0307292 0.0314815 0.47414
56 0.636458 0.6625 0.129167 0.517593 0.477643
24 0.466667 0.959259 0.123958 0.0777778 0.477923
24 0.652083 0.448148 0.0510417 0.0851852 0.51315
0 0.0309896 0.342593 0.0619792 0.418519 0.530605
39 0.345313 0.17037 0.0104167 0.0537037 0.632191
0 0.282031 0.309722 0.0432292 0.136111 0.721323
56 0.104687 0.744907 0.209375 0.489815 0.829292
0 0.835938 0.566667 0.216667 0.762963 0.829928
0 0.308073 0.632407 0.240104 0.711111 0.913326
56 0.239844 0.783796 0.252604 0.419444 0.918968
