56 0.797656 0.597222 0.125521 0.335185 0.337152
60 0.55599 0.725926 0.578646 0.448148 0.353545
24 0.580208 0.484722 0.065625 0.0805556 0.372326
39 0.277604 0.189352 0.0104167 0.0546296 0.517077
56 0.558073 0.672222 0.122396 0.457407 0.686634
24 0.814844 0.373148 0.0963542 0.253704 0.751045
56 0.669271 0.506019 0.0885417 0.0731481 0.774551
24 0.13776 0.428241 0.151562 0.317593 0.817485
0 0.477344 0.536574 0.126563 0.547222 0.823795
0 0.746615 0.335185 0.165104 0.42963 0.862518
56 0.792708 0.755093 0.263542 0.471296 0.872932
56 0.332031 0.7875 0.227604 0.410185 0.912049
0 0.215625 0.553241 0.172917 0.878704 0.912955
