26 0.491146 0.506019 0.101042 0.0731481 0.264198
56 0.365885 0.458333 0.0411458 0.135185 0.316143
24 0.597656 0.476852 0.101562 0.105556 0.369378
56 0.832292 0.509722 0.021875 0.119444 0.41899
39 0.277865 0.189352 0.00989583 0.0546296 0.61636
56 0.705208 0.878704 0.2625 0.233333 0.67333
56 0.567969 0.656018 0.146354 0.439815 0.682012
0 0.221615 0.445833 0.132812 0.212037 0.744864
0 0.76276 0.400463 0.131771 0.341667 0.771857
0 0.447656 0.531018 0.133854 0.608333 0.852193
56 0.258073 0.783333 0.189063 0.418519 0.916916
