60 0.41901 0.749537 0.427604 0.469444 0.328577
39 0.277604 0.189815 0.0104167 0.0537037 0.539876
56 0.859896 0.500926 0.034375 0.148148 0.637606
24 0.572135 0.491204 0.101562 0.143519 0.663041
24 0.273177 0.493519 0.0734375 0.0944444 0.760818
0 0.127604 0.390278 0.0947917 0.247222 0.846878
56 0.116667 0.773611 0.2125 0.447222 0.86864
56 0.742448 0.781018 0.252604 0.423148 0.900958
0 0.786979 0.388426 0.136458 0.358333 0.914252
0 0.386198 0.516204 0.124479 0.637963 0.923133
0 0.19375 0.65463 0.235417 0.674074 0.925659
0 0.672396 0.603704 0.235417 0.772222 0.931274
