67 0.431771 0.630093 0.0510417 0.025 0.301725
24 0.466927 0.95787 0.124479 0.0787037 0.419811
56 0.68125 0.440741 0.113542 0.111111 0.478809
56 0.960156 0.641667 0.0796875 0.537037 0.483384
24 0.680729 0.441204 0.1125 0.106481 0.578036
39 0.345313 0.168519 0.0104167 0.0537037 0.598839
0 0.372396 0.393056 0.059375 0.226852 0.665893
67 0.808594 0.312963 0.0276042 0.0648148 0.671345
0 0.959896 0.310648 0.059375 0.117593 0.67321
0 0.853906 0.539352 0.199479 0.750926 0.82361
56 0.682031 0.743519 0.295312 0.503704 0.875348
0 0.35651 0.62037 0.268229 0.703704 0.915049
56 0.265625 0.770833 0.229167 0.439815 0.916984
