67 0.431771 0.631019 0.0510417 0.025 0.281261
24 0.651042 0.446759 0.0510417 0.0805556 0.314851
56 0.644271 0.639352 0.145833 0.482407 0.351769
26 0.568229 0.473611 0.1125 0.0712963 0.413624
56 0.782552 0.462037 0.0588542 0.0611111 0.424035
24 0.567448 0.473611 0.114063 0.0712963 0.425216
56 0.121094 0.640741 0.114063 0.242593 0.442536
24 0.466927 0.95787 0.122396 0.0768519 0.457317
0 0.979167 0.316667 0.0416667 0.122222 0.482008
39 0.345313 0.168981 0.0104167 0.0527778 0.504831
24 0.682813 0.441667 0.110417 0.105556 0.505226
56 0.158073 0.750463 0.194271 0.469444 0.593513
0 0.272917 0.39213 0.0697917 0.215741 0.633569
0 0.16875 0.498148 0.152083 0.385185 0.778179
0 0.388021 0.359259 0.0739583 0.283333 0.80644
56 0.261719 0.775926 0.231771 0.433333 0.867945
0 0.849219 0.536111 0.203646 0.746296 0.884642
0 0.359635 0.621759 0.283854 0.719444 0.905261
