24 0.597396 0.480556 0.1 0.0962963 0.269341
56 0.553906 0.781018 0.110937 0.19537 0.271273
24 0.490104 0.506019 0.104167 0.075 0.281116
60 0.49401 0.737037 0.707812 0.498148 0.336252
56 0.365885 0.462963 0.0411458 0.125926 0.344209
26 0.489844 0.506944 0.104687 0.075 0.384061
67 0.665625 0.357407 0.0229167 0.0314815 0.459385
56 0.566927 0.659259 0.143229 0.437037 0.48278
0 0.208854 0.621296 0.151042 0.572222 0.558024
39 0.277865 0.189815 0.00989583 0.0537037 0.558791
0 0.20599 0.443981 0.145313 0.215741 0.570208
56 0.817187 0.511111 0.0510417 0.131481 0.60884
56 0.70599 0.878704 0.263021 0.233333 0.67222
0 0.733073 0.413426 0.165104 0.336111 0.759175
0 0.447396 0.521759 0.133333 0.628704 0.834008
56 0.258854 0.78287 0.1875 0.419444 0.918677
