0 0.367448 0.43287 0.0630208 0.141667 0.256405
60 0.792448 0.654167 0.389062 0.406481 0.259062
67 0.43151 0.62963 0.0526042 0.0259259 0.262723
0 0.950521 0.313426 0.0645833 0.123148 0.324305
39 0.345313 0.168056 0.009375 0.0564815 0.383968
0 0.0236979 0.633333 0.0473958 0.681481 0.457894
24 0.68125 0.440741 0.113542 0.107407 0.55281
24 0.461458 0.958333 0.134375 0.0796296 0.595198
67 0.804427 0.328704 0.0265625 0.0518519 0.660525
0 0.851042 0.546759 0.201042 0.734259 0.840637
56 0.68099 0.741204 0.291146 0.500926 0.905691
56 0.273438 0.771759 0.24375 0.439815 0.912476
0 0.352865 0.606944 0.258854 0.675 0.928255
