56 0.0973958 0.740741 0.06875 0.322222 0.295902
26 0.59375 0.493519 0.136458 0.140741 0.392373
60 0.551042 0.739815 0.604167 0.505556 0.437359
56 0.189063 0.777315 0.253125 0.399074 0.447146
56 0.767448 0.598611 0.130729 0.332407 0.474431
39 0.277604 0.189815 0.0104167 0.0555556 0.480615
24 0.596615 0.492593 0.135937 0.140741 0.616663
0 0.488281 0.52963 0.131771 0.535185 0.824551
24 0.138021 0.423611 0.191667 0.389815 0.854738
0 0.708854 0.32963 0.165625 0.403704 0.861145
56 0.792448 0.756481 0.265104 0.466667 0.895975
0 0.208854 0.514352 0.186458 0.936111 0.919124
