56 0.857813 0.583796 0.215625 0.799074 0.295603
56 0.639583 0.656482 0.132292 0.511111 0.308381
26 0.568229 0.474074 0.115625 0.0703704 0.335396
24 0.567969 0.475 0.115104 0.0703704 0.349808
24 0.651302 0.443519 0.0515625 0.0888889 0.391919
24 0.466667 0.958333 0.123958 0.0777778 0.473382
56 0.113021 0.639352 0.1 0.243519 0.541616
24 0.697135 0.441204 0.0734375 0.106481 0.564608
56 0.760677 0.464815 0.0671875 0.0666667 0.588638
39 0.345313 0.168981 0.0104167 0.0546296 0.648572
0 0.354688 0.562963 0.182292 0.483333 0.706154
0 0.854427 0.575926 0.211979 0.807407 0.734033
0 0.152865 0.319907 0.143229 0.343519 0.846245
0 0.179427 0.5375 0.218229 0.465741 0.894377
56 0.238021 0.772685 0.280208 0.441667 0.914579
