26 0.56875 0.474537 0.113542 0.0712963 0.313145
56 0.87526 0.697222 0.223438 0.562963 0.328494
24 0.568229 0.474537 0.113542 0.0712963 0.389332
24 0.675781 0.441204 0.0994792 0.0990741 0.4354
56 0.647656 0.660648 0.150521 0.502778 0.475303
24 0.466927 0.958333 0.123438 0.0777778 0.475862
39 0.345313 0.169444 0.0104167 0.0555556 0.658969
56 0.109896 0.636111 0.0864583 0.257407 0.692502
0 0.84375 0.580556 0.205208 0.801852 0.790675
0 0.349479 0.534722 0.135417 0.462037 0.860909
0 0.198437 0.5375 0.213542 0.473148 0.883516
56 0.242448 0.773611 0.272396 0.436111 0.908468
