56 0.544531 0.768981 0.0963542 0.186111 0.268609
39 0.277604 0.184259 0.009375 0.0462963 0.305162
60 0.389062 0.75 0.397917 0.483333 0.430005
24 0.549219 0.492593 0.0578125 0.138889 0.485815
24 0.271354 0.496296 0.078125 0.0907407 0.495115
56 0.832812 0.493981 0.040625 0.14537 0.629703
0 0.249479 0.36713 0.0770833 0.343519 0.877113
56 0.739062 0.781944 0.246875 0.423148 0.882511
56 0.236719 0.766204 0.223438 0.456481 0.921187
0 0.650521 0.626389 0.235417 0.725 0.933609
0 0.76849 0.381019 0.151562 0.360185 0.936514
