26 0.572396 0.474537 0.108333 0.0712963 0.257728
24 0.570833 0.475 0.110417 0.0703704 0.261842
56 0.647396 0.668519 0.146875 0.498148 0.329772
24 0.692708 0.439352 0.0572917 0.102778 0.332159
67 0.43099 0.631944 0.0526042 0.0268519 0.466783
0 0.977083 0.32037 0.0458333 0.122222 0.515788
24 0.651302 0.448148 0.0484375 0.0796296 0.521298
56 0.739844 0.464815 0.0848958 0.0574074 0.533282
24 0.466667 0.959259 0.123958 0.0777778 0.557145
39 0.345313 0.169444 0.0104167 0.0555556 0.620121
56 0.1125 0.64213 0.09375 0.250926 0.743688
0 0.711458 0.317593 0.123958 0.342593 0.850067
0 0.836979 0.567593 0.214583 0.77963 0.850929
56 0.240625 0.780093 0.263542 0.426852 0.876989
0 0.169271 0.476389 0.129167 0.347222 0.880444
0 0.334115 0.633333 0.270312 0.711111 0.934159
