60 0.417969 0.743056 0.424479 0.463889 0.265679
56 0.869531 0.506944 0.0203125 0.134259 0.397285
39 0.277604 0.189352 0.0104167 0.0546296 0.5717
24 0.571354 0.493056 0.1 0.141667 0.628286
24 0.273958 0.493981 0.071875 0.0935185 0.733752
56 0.116146 0.773148 0.2125 0.448148 0.841553
0 0.118229 0.40787 0.0854167 0.280556 0.846037
0 0.802604 0.401389 0.134375 0.339815 0.893718
56 0.74349 0.78287 0.253646 0.419444 0.895666
0 0.390365 0.5125 0.122396 0.641667 0.923792
0 0.194531 0.653704 0.238021 0.675926 0.927865
0 0.673698 0.603704 0.235938 0.772222 0.930334
