24 0.581771 0.469907 0.0864583 0.0601852 0.257286
56 0.958333 0.63287 0.0833333 0.486111 0.277315
24 0.464844 0.95787 0.128646 0.0787037 0.336415
56 0.68151 0.441204 0.114063 0.110185 0.392101
67 0.43125 0.62963 0.0520833 0.0259259 0.423228
39 0.345313 0.168056 0.0104167 0.0527778 0.520271
24 0.673437 0.44537 0.0958333 0.0981481 0.529248
0 0.961198 0.314352 0.0588542 0.117593 0.693117
0 0.370573 0.394907 0.0598958 0.219444 0.722774
67 0.799219 0.386111 0.0276042 0.0481481 0.726039
0 0.851042 0.554167 0.203125 0.741667 0.829692
0 0.352604 0.615278 0.26875 0.684259 0.869054
56 0.679688 0.742593 0.29375 0.505556 0.899628
56 0.266667 0.772222 0.233333 0.437037 0.916876
