56 0.664844 0.663889 0.174479 0.498148 0.293509
26 0.582812 0.475 0.0833333 0.0685185 0.302594
24 0.652083 0.444907 0.0510417 0.0861111 0.303517
60 0.61224 0.709259 0.766146 0.498148 0.325023
56 0.879948 0.699074 0.218229 0.568519 0.479521
24 0.467187 0.958333 0.123958 0.0777778 0.489699
24 0.675521 0.441204 0.0989583 0.100926 0.529397
39 0.345313 0.169444 0.0104167 0.0555556 0.60155
0 0.529948 0.530093 0.0994792 0.515741 0.714523
56 0.109635 0.636574 0.0859375 0.256481 0.715652
0 0.84401 0.578704 0.204688 0.809259 0.800828
0 0.199219 0.534722 0.216146 0.476852 0.883087
56 0.242188 0.774074 0.273958 0.437037 0.932197
