60 0.509115 0.731019 0.772396 0.491667 0.257298
24 0.597135 0.479167 0.100521 0.0990741 0.269735
56 0.553385 0.780093 0.109896 0.19537 0.272424
56 0.567187 0.653241 0.144792 0.443519 0.456018
56 0.365885 0.459259 0.0411458 0.133333 0.464338
56 0.265625 0.510185 0.05625 0.0611111 0.572019
39 0.278125 0.190278 0.0104167 0.0546296 0.616957
56 0.817187 0.507407 0.0510417 0.124074 0.621455
56 0.705469 0.878241 0.264062 0.234259 0.662122
0 0.733594 0.417593 0.164062 0.344444 0.787171
0 0.447656 0.522685 0.133854 0.628704 0.850463
56 0.258073 0.78287 0.190104 0.415741 0.895776
