24 0.469531 0.95787 0.118229 0.0787037 0.268483
56 0.66901 0.6375 0.188021 0.500926 0.281965
24 0.667188 0.440741 0.0791667 0.1 0.303066
0 0.632552 0.314352 0.131771 0.326852 0.326903
0 0.638802 0.514815 0.140104 0.716667 0.336756
67 0.43151 0.630093 0.0515625 0.0268519 0.375262
56 0.751302 0.659259 0.151562 0.461111 0.388968
26 0.688542 0.4125 0.107292 0.171296 0.40524
56 0.875781 0.448148 0.0286458 0.107407 0.493926
39 0.345313 0.168981 0.0104167 0.0527778 0.521396
0 0.913542 0.491204 0.172917 0.884259 0.890249
56 0.268229 0.775926 0.251042 0.437037 0.918045
56 0.135156 0.743056 0.221354 0.50463 0.919725
0 0.361979 0.624074 0.279167 0.7 0.927571
