56 0.695052 0.436574 0.0526042 0.112037 0.262079
60 0.656771 0.708333 0.659375 0.496296 0.273934
56 0.646875 0.663889 0.15 0.524074 0.341694
67 0.740104 0.4625 0.0291667 0.0305556 0.345301
0 0.972656 0.315278 0.0546875 0.121296 0.470067
67 0.43125 0.632407 0.0520833 0.0259259 0.477016
56 0.414062 0.431019 0.071875 0.134259 0.504856
24 0.69401 0.436574 0.0536458 0.112037 0.55298
24 0.652083 0.448611 0.0520833 0.0824074 0.554712
39 0.345313 0.169444 0.0104167 0.0537037 0.556859
26 0.57526 0.475463 0.100521 0.0712963 0.564412
0 0.49974 0.334259 0.140104 0.316667 0.566498
24 0.466406 0.958796 0.123438 0.0787037 0.567884
56 0.107552 0.641204 0.0838542 0.250926 0.814943
0 0.366667 0.390278 0.065625 0.20463 0.833897
0 0.835677 0.5625 0.217187 0.760185 0.847938
0 0.15651 0.461574 0.124479 0.321296 0.887808
56 0.240885 0.783333 0.270312 0.422222 0.896061
0 0.321094 0.631481 0.265104 0.712963 0.927319
