24 0.471354 0.513426 0.107292 0.0731481 0.315048
26 0.472656 0.514352 0.102604 0.0731481 0.42827
56 0.788021 0.565741 0.059375 0.237037 0.477302
39 0.253906 0.193981 0.0109375 0.0546296 0.497399
24 0.557813 0.484259 0.06875 0.0907407 0.607394
0 0.167187 0.448611 0.0677083 0.210185 0.775293
56 0.670573 0.774074 0.269271 0.435185 0.779953
0 0.716667 0.410185 0.145833 0.309259 0.876621
56 0.144792 0.805556 0.230208 0.375926 0.918371
0 0.583073 0.612963 0.244271 0.757407 0.923868
0 0.222135 0.667593 0.235938 0.644444 0.937559
