26 0.490365 0.505556 0.101562 0.0740741 0.255041
56 0.366406 0.467593 0.0421875 0.114815 0.3748
24 0.597656 0.476852 0.101562 0.105556 0.393908
56 0.833333 0.511574 0.0229167 0.115741 0.405033
39 0.277865 0.189815 0.00989583 0.0537037 0.544387
56 0.705469 0.879167 0.263021 0.232407 0.665326
56 0.570573 0.654167 0.151562 0.443519 0.699807
0 0.221094 0.447222 0.133854 0.212963 0.72954
0 0.764844 0.396296 0.131771 0.340741 0.81127
0 0.448177 0.530093 0.134896 0.612037 0.841082
56 0.258073 0.782407 0.190104 0.42037 0.916487
