56 0.831771 0.672685 0.160417 0.452778 0.325909
67 0.528125 0.353704 0.0239583 0.037037 0.353457
41 0.475781 0.463889 0.0234375 0.0666667 0.368331
67 0.388542 0.468981 0.0177083 0.0268519 0.407272
26 0.579427 0.475926 0.0807292 0.0703704 0.498685
60 0.653385 0.725463 0.661979 0.508333 0.577608
67 0.860677 0.434722 0.0296875 0.0212963 0.620875
39 0.345573 0.17037 0.00989583 0.0537037 0.641098
0 0.695312 0.592593 0.225 0.694444 0.703129
0 0.921875 0.558796 0.15625 0.760185 0.740875
0 0.51849 0.484722 0.132812 0.632407 0.74619
0 0.259115 0.514352 0.186979 0.447222 0.78238
0 0.361458 0.413889 0.128125 0.2 0.892049
56 0.194271 0.755093 0.183333 0.486111 0.902309
