56 0.705208 0.681481 0.169792 0.490741 0.27005
56 0.251823 0.866667 0.222396 0.259259 0.302593
56 0.797917 0.680093 0.2 0.480556 0.318285
24 0.458854 0.958796 0.139583 0.0768519 0.383655
26 0.56875 0.475 0.1125 0.0703704 0.389288
56 0.694792 0.437037 0.0541667 0.112963 0.455545
56 0.635417 0.662963 0.125 0.511111 0.505242
56 0.227865 0.755556 0.269271 0.47963 0.517166
24 0.652083 0.447685 0.0520833 0.0861111 0.569824
24 0.694531 0.437037 0.0536458 0.111111 0.60347
0 0.896094 0.610648 0.207813 0.608333 0.644171
39 0.345313 0.170833 0.0104167 0.0546296 0.651567
0 0.376302 0.401389 0.101562 0.212037 0.852236
0 0.264844 0.525463 0.323438 0.926852 0.920319
