0 0.964583 0.310648 0.05625 0.123148 0.273585
56 0.695573 0.437037 0.0557292 0.112963 0.273885
24 0.569271 0.475 0.1125 0.0722222 0.352131
67 0.738802 0.463889 0.0286458 0.0277778 0.36795
67 0.43099 0.632407 0.0526042 0.0259259 0.376215
26 0.569531 0.475 0.111979 0.0722222 0.395286
24 0.651563 0.446296 0.0510417 0.0888889 0.502384
24 0.466667 0.958796 0.122917 0.0787037 0.505744
24 0.694271 0.437037 0.0541667 0.111111 0.524685
56 0.640104 0.658796 0.1375 0.521296 0.563879
39 0.345313 0.169907 0.0104167 0.0546296 0.580994
0 0.36875 0.3875 0.071875 0.221296 0.848154
0 0.835417 0.561111 0.21875 0.755556 0.852154
56 0.108333 0.640278 0.0822917 0.250926 0.856256
0 0.164583 0.463889 0.13125 0.32037 0.873883
0 0.0338542 0.623611 0.0666667 0.64537 0.89921
56 0.239323 0.783796 0.269271 0.421296 0.912283
0 0.316927 0.63287 0.256771 0.706481 0.924708
