56 0.553125 0.781018 0.1125 0.200926 0.307371
24 0.597656 0.476852 0.101562 0.103704 0.337892
56 0.568229 0.658796 0.145833 0.437963 0.482828
56 0.815625 0.500463 0.104167 0.158333 0.492529
56 0.263021 0.510648 0.05625 0.062037 0.515446
56 0.642708 0.880093 0.139583 0.223148 0.520545
39 0.277604 0.189815 0.0104167 0.0555556 0.594667
56 0.70625 0.485185 0.053125 0.0277778 0.64203
56 0.13776 0.776852 0.196354 0.433333 0.85724
0 0.266667 0.388426 0.078125 0.287963 0.903796
0 0.196354 0.653241 0.201042 0.636111 0.93922
