56 0.742448 0.471296 0.0880208 0.0666667 0.290788
62 0.298177 0.416667 0.0473958 0.0925926 0.323712
26 0.568229 0.475 0.114583 0.0722222 0.370516
24 0.567708 0.475463 0.114583 0.0712963 0.375064
56 0.694531 0.4375 0.0546875 0.112037 0.412145
56 0.979688 0.515278 0.040625 0.265741 0.425329
24 0.466146 0.959259 0.122917 0.0777778 0.523846
24 0.651563 0.449074 0.05 0.0851852 0.552297
56 0.63724 0.665278 0.129688 0.513889 0.58727
56 0.178125 0.501852 0.0302083 0.12963 0.589964
67 0.823438 0.475463 0.0302083 0.0342593 0.598685
56 0.158854 0.752778 0.111458 0.483333 0.61815
39 0.345573 0.17037 0.00989583 0.0537037 0.644834
24 0.69401 0.437037 0.0546875 0.111111 0.680367
56 0.248177 0.754167 0.288021 0.476852 0.78589
0 0.301823 0.598148 0.238021 0.774074 0.819821
0 0.873698 0.585648 0.213021 0.699074 0.869862
0 0.365625 0.403704 0.126042 0.216667 0.912138
