0 0.814844 0.535185 0.171354 0.7 0.288299
0 0.304948 0.408796 0.0578125 0.106481 0.341988
67 0.400781 0.616667 0.0515625 0.0240741 0.395053
24 0.363542 0.484722 0.140625 0.100926 0.428607
0 0.804427 0.349074 0.155729 0.337037 0.439567
39 0.323177 0.143056 0.0109375 0.0546296 0.532635
24 0.426042 0.95787 0.133333 0.0805556 0.607951
56 0.842708 0.645833 0.141667 0.515741 0.641179
56 0.700521 0.740741 0.266667 0.501852 0.86531
56 0.192448 0.766204 0.253646 0.458333 0.886282
0 0.627083 0.562963 0.25625 0.851852 0.937474
0 0.289323 0.622222 0.292188 0.737037 0.943731
