0 0.978385 0.317593 0.0432292 0.112963 0.309538
26 0.569271 0.475 0.113542 0.0722222 0.370339
24 0.569271 0.475 0.1125 0.0722222 0.406139
56 0.638802 0.665278 0.133854 0.513889 0.496514
24 0.69401 0.436574 0.0536458 0.110185 0.536274
24 0.651823 0.448148 0.0526042 0.0833333 0.570172
39 0.345313 0.17037 0.0104167 0.0555556 0.572785
24 0.465625 0.959259 0.125 0.0777778 0.57518
56 0.694531 0.436111 0.0536458 0.111111 0.614284
56 0.732813 0.465278 0.0697917 0.0564815 0.628437
56 0.111458 0.64213 0.0916667 0.250926 0.76715
0 0.833073 0.549537 0.232812 0.802778 0.870843
0 0.403385 0.346296 0.100521 0.303704 0.887008
56 0.241406 0.782407 0.266146 0.424074 0.898848
0 0.161458 0.468056 0.13125 0.321296 0.900696
0 0.330729 0.629167 0.264583 0.713889 0.923008
