60 0.615104 0.711574 0.73125 0.49537 0.311082
56 0.671094 0.665741 0.196354 0.490741 0.355457
24 0.660677 0.44213 0.0703125 0.0935185 0.403803
24 0.466927 0.958333 0.123438 0.0777778 0.46297
56 0.878125 0.7 0.215625 0.566667 0.467297
24 0.686979 0.439815 0.075 0.103704 0.509185
39 0.345313 0.168981 0.0104167 0.0546296 0.541531
0 0.528906 0.535185 0.102604 0.52037 0.718764
56 0.125 0.644444 0.111458 0.251852 0.730003
0 0.844271 0.577778 0.20625 0.807407 0.800102
0 0.201562 0.533796 0.19375 0.469444 0.920854
56 0.242708 0.775463 0.275 0.436111 0.928221
