24 0.713281 0.330093 0.180729 0.369444 0.26498
60 0.547656 0.733333 0.636979 0.477778 0.390717
24 0.580469 0.484259 0.0651042 0.0814815 0.423232
39 0.277344 0.188889 0.00989583 0.0537037 0.466517
56 0.782031 0.561111 0.118229 0.261111 0.534842
56 0.558073 0.67963 0.123438 0.461111 0.573003
56 0.249479 0.510185 0.05 0.0611111 0.758253
56 0.658854 0.501852 0.0708333 0.0666667 0.785925
24 0.770833 0.356019 0.0895833 0.221296 0.79607
0 0.490104 0.530093 0.13125 0.532407 0.82857
0 0.686719 0.329167 0.135937 0.40463 0.835101
24 0.109896 0.420833 0.133333 0.321296 0.855054
56 0.791406 0.756481 0.267188 0.47037 0.909743
0 0.17526 0.562037 0.159896 0.853704 0.912358
56 0.330469 0.7875 0.229687 0.412037 0.930305
