60 0.651823 0.717593 0.672396 0.490741 0.289818
67 0.390625 0.466667 0.0177083 0.0222222 0.377346
26 0.547917 0.475463 0.126042 0.0712963 0.441012
67 0.86276 0.424537 0.0401042 0.0212963 0.592095
0 0.259635 0.581019 0.189063 0.547222 0.643151
39 0.345573 0.17037 0.00989583 0.0537037 0.680615
0 0.91849 0.543056 0.161979 0.750926 0.691663
0 0.713802 0.571759 0.182812 0.652778 0.699763
0 0.364844 0.416204 0.133854 0.182407 0.85414
56 0.194271 0.756481 0.182292 0.481481 0.911333
0 0.0638021 0.561111 0.126563 0.777778 0.924788
