24 0.574479 0.475926 0.103125 0.0703704 0.260172
26 0.575 0.475 0.102083 0.0703704 0.302534
67 0.43125 0.631481 0.0520833 0.0277778 0.354297
24 0.650781 0.442593 0.0505208 0.0925926 0.483306
24 0.466667 0.959259 0.123958 0.0777778 0.51111
56 0.739844 0.465278 0.0828125 0.0564815 0.517319
39 0.345313 0.169444 0.0104167 0.0555556 0.613607
0 0.977083 0.321759 0.0458333 0.123148 0.615114
0 0.727083 0.315741 0.120833 0.346296 0.713886
56 0.111979 0.64213 0.0927083 0.250926 0.769298
0 0.836979 0.5625 0.214583 0.775 0.851718
0 0.16875 0.476852 0.130208 0.348148 0.881757
56 0.239323 0.780093 0.261979 0.426852 0.883777
0 0.336198 0.633796 0.273438 0.708333 0.931053
