26 0.489583 0.508796 0.10625 0.0712963 0.250197
24 0.597656 0.476389 0.101562 0.106481 0.328673
56 0.835156 0.511111 0.0192708 0.112963 0.467863
39 0.277865 0.189352 0.00989583 0.0527778 0.502895
56 0.567187 0.653704 0.145833 0.444444 0.617386
56 0.705208 0.87963 0.261458 0.233333 0.643823
0 0.194271 0.410648 0.059375 0.132407 0.721055
0 0.0216146 0.65787 0.0432292 0.637963 0.782459
0 0.765365 0.396296 0.131771 0.335185 0.859802
56 0.172917 0.801852 0.228125 0.383333 0.921305
0 0.246875 0.665278 0.236458 0.649074 0.932809
