60 0.383073 0.641204 0.471354 0.230556 0.262903
56 0.838802 0.506481 0.0786458 0.140741 0.494239
39 0.277344 0.189815 0.00989583 0.0537037 0.533997
24 0.570312 0.49213 0.0979167 0.14537 0.687978
24 0.273958 0.494444 0.0708333 0.0944444 0.782205
56 0.208333 0.769444 0.2125 0.451852 0.881932
0 0.382552 0.499537 0.120312 0.641667 0.894979
0 0.798698 0.386574 0.100521 0.35463 0.907597
56 0.739323 0.782407 0.252604 0.42037 0.913763
0 0.676823 0.599537 0.251563 0.776852 0.931709
0 0.0705729 0.578241 0.140104 0.826852 0.935304
