0 0.972396 0.318056 0.0552083 0.119444 0.274341
26 0.56849 0.474537 0.115104 0.0712963 0.333132
67 0.43151 0.631944 0.0526042 0.0268519 0.353662
24 0.568229 0.475463 0.114583 0.0712963 0.367467
56 0.694271 0.436574 0.0541667 0.113889 0.426851
24 0.69401 0.436574 0.0546875 0.112037 0.444539
24 0.465625 0.958796 0.126042 0.0787037 0.495295
56 0.638281 0.660648 0.134896 0.519444 0.559841
24 0.651823 0.44537 0.0526042 0.0907407 0.572112
39 0.345313 0.168981 0.0104167 0.0546296 0.60675
0 0.370833 0.43287 0.0520833 0.115741 0.693862
0 0.83724 0.565278 0.216146 0.767593 0.838318
56 0.113021 0.634259 0.0916667 0.255556 0.842908
0 0.0411458 0.673611 0.08125 0.626852 0.867136
0 0.1625 0.46713 0.136458 0.334259 0.904499
0 0.332031 0.633333 0.267188 0.701852 0.91048
56 0.23776 0.782407 0.261979 0.422222 0.912397
