56 0.696354 0.437037 0.0583333 0.114815 0.26452
0 0.972396 0.318519 0.0552083 0.118519 0.282303
26 0.56849 0.474537 0.115104 0.0712963 0.341028
67 0.43125 0.631944 0.0520833 0.0268519 0.379381
24 0.567969 0.475463 0.115104 0.0712963 0.40096
67 0.742448 0.462963 0.0348958 0.0351852 0.401349
24 0.695052 0.436574 0.0557292 0.112037 0.470254
24 0.466146 0.958333 0.125 0.0777778 0.495194
56 0.640885 0.658333 0.141146 0.522222 0.528647
24 0.651563 0.450463 0.0510417 0.0787037 0.530799
39 0.345313 0.169444 0.0104167 0.0537037 0.613211
56 0.113542 0.634259 0.0927083 0.255556 0.719095
0 0.836719 0.564352 0.218229 0.762037 0.843077
0 0.164844 0.474537 0.143229 0.352778 0.878577
56 0.242708 0.77963 0.26875 0.427778 0.889977
0 0.335677 0.631944 0.271354 0.700926 0.910912
