60 0.647396 0.708333 0.672917 0.472222 0.25835
67 0.385156 0.459259 0.0182292 0.0222222 0.325962
0 0.404948 0.65463 0.217187 0.640741 0.415209
26 0.549479 0.475463 0.128125 0.0731481 0.43729
67 0.878906 0.323611 0.0255208 0.0175926 0.573165
0 0.258854 0.54213 0.186458 0.480556 0.664316
39 0.345573 0.17037 0.00989583 0.0537037 0.689227
0 0.366146 0.424537 0.133333 0.173148 0.825824
0 0.719531 0.572685 0.189063 0.671296 0.846624
0 0.91849 0.468056 0.163021 0.932407 0.897541
56 0.194531 0.755093 0.183854 0.487963 0.903796
