60 0.615365 0.708796 0.736979 0.493519 0.27354
56 0.667969 0.663889 0.188021 0.496296 0.281866
26 0.582292 0.475463 0.084375 0.0675926 0.302011
56 0.878125 0.699537 0.216667 0.567593 0.415846
24 0.466927 0.958333 0.123438 0.0777778 0.460597
56 0.150521 0.644907 0.151042 0.250926 0.577947
24 0.675521 0.439815 0.096875 0.103704 0.599729
39 0.345313 0.169444 0.0104167 0.0555556 0.603814
0 0.528906 0.535185 0.102604 0.522222 0.671667
0 0.844792 0.578241 0.20625 0.808333 0.791616
56 0.241406 0.773148 0.274479 0.438889 0.913862
0 0.192969 0.530093 0.194271 0.471296 0.916627
