24 0.465365 0.514815 0.107813 0.0740741 0.42134
26 0.465625 0.515278 0.107292 0.0731481 0.462189
56 0.78724 0.566204 0.0598958 0.236111 0.506504
39 0.253906 0.196759 0.0109375 0.0564815 0.547886
24 0.554948 0.487037 0.0609375 0.087037 0.618528
0 0.166406 0.448148 0.0682292 0.205556 0.748394
56 0.665625 0.774074 0.265625 0.435185 0.793999
0 0.716406 0.410185 0.144271 0.309259 0.884682
56 0.145573 0.80787 0.234896 0.373148 0.917633
0 0.583333 0.611111 0.239583 0.762963 0.918201
0 0.221354 0.668519 0.235417 0.642593 0.938086
