24 0.56875 0.473611 0.113542 0.0694444 0.273445
26 0.572917 0.473148 0.105208 0.0703704 0.289653
56 0.654427 0.638426 0.165104 0.480556 0.349936
24 0.466406 0.957407 0.123438 0.0777778 0.396757
24 0.68125 0.438889 0.113542 0.109259 0.451928
67 0.43125 0.630093 0.0520833 0.0268519 0.465959
0 0.382031 0.395833 0.0494792 0.217593 0.517016
56 0.767969 0.46713 0.0942708 0.0731481 0.561338
39 0.345313 0.168519 0.0104167 0.0537037 0.588904
0 0.866667 0.574537 0.217708 0.834259 0.827682
56 0.261458 0.778704 0.236458 0.431481 0.919842
56 0.109115 0.742593 0.217187 0.507407 0.920518
0 0.357812 0.626852 0.290625 0.709259 0.92122
