26 0.568229 0.474537 0.113542 0.0712963 0.347416
67 0.739323 0.463889 0.0286458 0.0296296 0.374182
24 0.567969 0.475463 0.113021 0.0712963 0.382562
24 0.69375 0.4375 0.059375 0.112037 0.422236
67 0.43151 0.631944 0.0515625 0.0268519 0.440544
24 0.652083 0.448148 0.0520833 0.0833333 0.47506
24 0.466927 0.959259 0.122396 0.0777778 0.509493
56 0.638542 0.658796 0.133333 0.523148 0.52471
39 0.345313 0.169907 0.0104167 0.0527778 0.591535
56 0.107813 0.640741 0.084375 0.25 0.838233
0 0.835677 0.563426 0.215104 0.758333 0.851014
0 0.365885 0.388889 0.0661458 0.207407 0.860678
0 0.157813 0.462037 0.127083 0.324074 0.873641
0 0.244792 0.338426 0.0635417 0.262037 0.882851
56 0.241667 0.78287 0.272917 0.421296 0.907039
0 0.326823 0.630556 0.276563 0.714815 0.921435
