67 0.423438 0.693519 0.0479167 0.0277778 0.254137
26 0.555469 0.522222 0.101562 0.0740741 0.437239
39 0.345833 0.199074 0.009375 0.0555556 0.461667
56 0.884115 0.532407 0.0546875 0.137037 0.480536
24 0.641927 0.498148 0.0619792 0.0851852 0.547345
0 0.257292 0.449074 0.0697917 0.211111 0.798047
56 0.745573 0.783333 0.256771 0.411111 0.804278
0 0.806771 0.426852 0.148958 0.318519 0.913543
56 0.234375 0.801389 0.221875 0.384259 0.919594
0 0.666927 0.62037 0.251563 0.740741 0.920478
0 0.309375 0.668981 0.227083 0.641667 0.935216
