24 0.478385 0.749537 0.0661458 0.163889 0.264496
56 0.791927 0.825 0.0723958 0.194444 0.325612
56 0.897396 0.652778 0.201042 0.52963 0.418408
24 0.470833 0.961111 0.141667 0.0759259 0.494036
39 0.346615 0.172222 0.0109375 0.0555556 0.577787
67 0.804167 0.326389 0.0260417 0.0490741 0.626044
64 0.409375 0.555093 0.0322917 0.0398148 0.626171
0 0.858073 0.546296 0.189063 0.727778 0.823271
0 0.23099 0.413889 0.0796875 0.22963 0.840279
0 0.651302 0.493056 0.316146 0.976852 0.878118
56 0.270833 0.775 0.238542 0.437037 0.914672
0 0.348177 0.620833 0.267188 0.70463 0.919739
