24 0.466406 0.95787 0.124479 0.0787037 0.344361
67 0.43125 0.62963 0.0510417 0.0277778 0.366888
24 0.567448 0.473611 0.117188 0.0712963 0.383953
26 0.567448 0.472685 0.117188 0.0712963 0.423494
24 0.681771 0.439352 0.1125 0.108333 0.453115
0 0.334635 0.360185 0.146354 0.287037 0.462674
56 0.654688 0.637037 0.166667 0.481481 0.513141
56 0.780208 0.467593 0.0520833 0.0722222 0.552802
39 0.345313 0.168056 0.0104167 0.0527778 0.577107
0 0.290625 0.302315 0.0572917 0.180556 0.71138
0 0.884635 0.541204 0.204688 0.767593 0.827393
56 0.133594 0.743056 0.218229 0.50463 0.91795
56 0.264323 0.775926 0.243229 0.435185 0.92126
0 0.372135 0.625 0.315104 0.718518 0.942254
