67 0.43151 0.631481 0.0515625 0.0259259 0.258407
65 0.43099 0.631944 0.0526042 0.0268519 0.265201
24 0.570573 0.475 0.110937 0.0703704 0.324081
56 0.0817708 0.46713 0.0104167 0.0583333 0.325644
24 0.694531 0.436111 0.0536458 0.111111 0.423138
24 0.652865 0.448148 0.0536458 0.0851852 0.509401
24 0.465885 0.959259 0.124479 0.0777778 0.553826
56 0.640885 0.669907 0.139062 0.49537 0.587843
39 0.345313 0.169907 0.0104167 0.0546296 0.609596
56 0.694531 0.436111 0.0536458 0.112963 0.690607
0 0.366406 0.427315 0.0546875 0.126852 0.739765
56 0.11224 0.639352 0.0901042 0.24537 0.746633
0 0.120052 0.343519 0.0838542 0.275926 0.841799
0 0.167187 0.467593 0.142708 0.32037 0.867822
0 0.857813 0.555093 0.21875 0.832407 0.881745
56 0.240365 0.78287 0.269271 0.423148 0.910556
0 0.330208 0.633333 0.264583 0.709259 0.914497
