60 0.423958 0.748611 0.425 0.484259 0.292173
56 0.553906 0.778704 0.116146 0.2 0.296801
39 0.277604 0.189352 0.0104167 0.0546296 0.543961
24 0.573177 0.493056 0.104687 0.143519 0.645655
56 0.274479 0.677315 0.119792 0.412037 0.752296
0 0.852604 0.530556 0.129167 0.314815 0.788771
56 0.116667 0.773148 0.2125 0.448148 0.861075
0 0.399219 0.509722 0.122396 0.639815 0.870354
0 0.103646 0.387037 0.084375 0.227778 0.884371
56 0.742969 0.775 0.249479 0.438889 0.912128
0 0.195052 0.655093 0.239063 0.676852 0.923001
0 0.678385 0.589815 0.242188 0.798148 0.941113
