26 0.266406 0.495833 0.0744792 0.0916667 0.311274
26 0.0197917 0.569444 0.0395833 0.111111 0.39856
24 0.267708 0.496296 0.071875 0.0907407 0.481535
39 0.277865 0.189815 0.00989583 0.0537037 0.590035
56 0.565885 0.655556 0.141146 0.440741 0.755577
56 0.815104 0.497222 0.10625 0.151852 0.786133
0 0.298698 0.397685 0.114063 0.269444 0.813215
56 0.7 0.506944 0.0677083 0.0712963 0.871796
56 0.69375 0.750926 0.244792 0.483333 0.908648
56 0.236979 0.766204 0.223958 0.456481 0.918271
0 0.078125 0.531944 0.15 0.650926 0.944092
