26 0.489062 0.505093 0.103125 0.075 0.303937
56 0.36224 0.463426 0.0494792 0.123148 0.321106
60 0.494531 0.736111 0.703646 0.498148 0.338714
56 0.553906 0.781482 0.109896 0.194444 0.34455
67 0.664583 0.357407 0.0239583 0.0407407 0.386898
56 0.561458 0.677315 0.132292 0.408333 0.413016
39 0.277865 0.190278 0.00989583 0.0546296 0.596829
56 0.817708 0.507407 0.05 0.125926 0.651778
56 0.704948 0.879167 0.261979 0.234259 0.690822
0 0.221094 0.451852 0.133854 0.212963 0.750136
0 0.733333 0.40463 0.164583 0.318519 0.755333
0 0.447396 0.522222 0.135417 0.616667 0.802788
56 0.258333 0.78287 0.188542 0.419444 0.92006
