26 0.569792 0.474537 0.113542 0.0712963 0.380811
24 0.569531 0.475463 0.113021 0.0712963 0.383277
24 0.69375 0.436574 0.0552083 0.112037 0.455721
67 0.43099 0.632407 0.0526042 0.0259259 0.489438
67 0.741406 0.464815 0.0328125 0.0314815 0.503189
24 0.466667 0.959259 0.121875 0.0777778 0.504476
24 0.652083 0.450926 0.0510417 0.0777778 0.534394
56 0.639063 0.659259 0.136458 0.522222 0.562557
39 0.345313 0.169444 0.0104167 0.0537037 0.641661
0 0.836458 0.562037 0.215625 0.757407 0.841235
56 0.108073 0.639815 0.0838542 0.25 0.854685
0 0.0354167 0.628241 0.0697917 0.725 0.88727
0 0.375521 0.387963 0.0833333 0.225926 0.895003
0 0.1625 0.472222 0.141667 0.3 0.898868
56 0.236458 0.783796 0.2625 0.421296 0.907533
0 0.316667 0.634259 0.25625 0.705556 0.924477
