24 0.568229 0.475926 0.110417 0.0703704 0.290172
24 0.695312 0.437963 0.0614583 0.112963 0.413834
56 0.0973958 0.740278 0.170833 0.482407 0.419855
67 0.43099 0.63287 0.0526042 0.025 0.437264
26 0.567969 0.475463 0.114063 0.0712963 0.4404
24 0.466406 0.959259 0.123438 0.0777778 0.470313
24 0.651823 0.450463 0.0505208 0.0805556 0.481599
56 0.6375 0.659722 0.132292 0.521296 0.515066
67 0.741406 0.464815 0.0317708 0.0333333 0.547093
0 0.376302 0.4 0.0890625 0.212963 0.634967
39 0.345313 0.169907 0.0104167 0.0546296 0.654097
0 0.836719 0.563426 0.216146 0.756481 0.829313
56 0.216927 0.781944 0.289062 0.423148 0.852641
0 0.145573 0.498611 0.154687 0.487963 0.885945
0 0.319271 0.632407 0.266667 0.707407 0.927575
