56 0.74375 0.466204 0.0927083 0.0601852 0.294076
26 0.571354 0.474537 0.108333 0.0712963 0.315331
56 0.883333 0.697685 0.2125 0.563889 0.363543
24 0.570573 0.474537 0.108854 0.0712963 0.381692
24 0.691927 0.439815 0.0661458 0.103704 0.38496
24 0.651563 0.443519 0.0510417 0.087037 0.39223
24 0.467187 0.958333 0.123958 0.0777778 0.46289
56 0.641927 0.659722 0.141146 0.506481 0.585372
56 0.111719 0.639352 0.0973958 0.243519 0.624019
39 0.345313 0.168981 0.0104167 0.0564815 0.646812
0 0.344531 0.5375 0.158854 0.489815 0.787228
0 0.151042 0.320833 0.151042 0.358333 0.822254
0 0.844271 0.574537 0.205208 0.821296 0.837815
0 0.181771 0.534259 0.213542 0.472222 0.888467
56 0.238542 0.773611 0.28125 0.439815 0.919238
