56 0.835417 0.511111 0.01875 0.112963 0.453725
56 0.358333 0.45 0.0583333 0.148148 0.475685
24 0.597917 0.476389 0.101042 0.106481 0.478545
39 0.277865 0.190278 0.00989583 0.0546296 0.535421
56 0.70599 0.879167 0.263021 0.232407 0.630426
56 0.571615 0.652778 0.153646 0.446296 0.663726
0 0.764844 0.396759 0.132812 0.336111 0.82218
0 0.44974 0.521296 0.147396 0.633333 0.84607
0 0.227604 0.446296 0.121875 0.211111 0.891945
56 0.258854 0.785185 0.1875 0.416667 0.907732
0 0.0932292 0.565278 0.186458 0.85463 0.946728
