24 0.479167 0.751852 0.0791667 0.168519 0.250634
60 0.6375 0.703241 0.6875 0.473148 0.325162
24 0.565365 0.474537 0.110937 0.0712963 0.332142
56 0.830729 0.676852 0.159375 0.461111 0.357175
26 0.565885 0.475463 0.109896 0.0712963 0.445456
67 0.857031 0.4375 0.0234375 0.0212963 0.628484
39 0.345573 0.169907 0.00989583 0.0546296 0.67172
0 0.692969 0.583333 0.179688 0.687037 0.737929
0 0.920833 0.550926 0.157292 0.764815 0.759353
0 0.238281 0.590278 0.215104 0.619444 0.793387
0 0.303125 0.358333 0.0916667 0.296296 0.878639
0 0.359635 0.406944 0.138021 0.213889 0.882437
56 0.19349 0.753704 0.182812 0.488889 0.9277
