56 0.827865 0.677778 0.159896 0.459259 0.280684
60 0.651042 0.718056 0.663542 0.491667 0.285303
67 0.390885 0.466667 0.0171875 0.0222222 0.397147
67 0.864844 0.432407 0.0369792 0.0203704 0.476071
26 0.550781 0.475 0.130729 0.0740741 0.535356
0 0.704427 0.579167 0.165104 0.676852 0.613745
0 0.260156 0.569444 0.189063 0.522222 0.644631
0 0.922135 0.555093 0.154687 0.758333 0.668744
39 0.345313 0.170833 0.0104167 0.0546296 0.692274
0 0.158333 0.409259 0.113542 0.414815 0.741652
0 0.364844 0.419907 0.132812 0.187963 0.87102
56 0.194271 0.756944 0.184375 0.484259 0.907252
