24 0.586979 0.482407 0.078125 0.0888889 0.342476
56 0.559375 0.681019 0.128125 0.458333 0.37553
60 0.545052 0.739352 0.631771 0.478704 0.451114
39 0.277604 0.189352 0.0104167 0.0546296 0.497426
56 0.785156 0.569907 0.114063 0.276852 0.514947
0 0.680729 0.339352 0.15 0.413889 0.702262
24 0.110156 0.407407 0.141146 0.32963 0.712534
56 0.247656 0.509722 0.0526042 0.062037 0.747395
24 0.775521 0.356019 0.0947917 0.191667 0.763406
0 0.489583 0.527315 0.13125 0.541667 0.774333
56 0.791927 0.756019 0.266146 0.471296 0.910688
0 0.178385 0.55 0.148438 0.872222 0.918048
56 0.33125 0.788889 0.228125 0.411111 0.930322
