56 0.571094 0.648611 0.152604 0.449074 0.301813
60 0.413281 0.607407 0.447396 0.227778 0.339257
56 0.705469 0.485648 0.0526042 0.0287037 0.364269
56 0.557031 0.774074 0.121354 0.203704 0.374122
24 0.597656 0.476852 0.101562 0.105556 0.409639
41 0.942187 0.142593 0.0895833 0.268519 0.417873
56 0.263542 0.510648 0.0541667 0.0601852 0.532603
39 0.277604 0.189815 0.0104167 0.0537037 0.59349
56 0.645052 0.878704 0.143229 0.235185 0.816683
67 0.947396 0.137963 0.102083 0.272222 0.886918
56 0.133854 0.775926 0.190625 0.435185 0.889337
0 0.269531 0.389352 0.0817708 0.289815 0.910527
0 0.8625 0.493056 0.270833 0.984259 0.922566
0 0.195833 0.659722 0.196875 0.637963 0.923859
