60 0.671615 0.683796 0.623438 0.463889 0.260275
24 0.569271 0.474537 0.113542 0.0712963 0.281262
56 0.665885 0.437037 0.0744792 0.107407 0.306723
26 0.569271 0.473611 0.115625 0.0712963 0.472535
24 0.466667 0.958796 0.123958 0.0787037 0.530067
0 0.303125 0.377778 0.06875 0.187037 0.550314
24 0.665104 0.440278 0.075 0.0990741 0.552994
56 0.639583 0.633796 0.140625 0.486111 0.55418
39 0.345313 0.168519 0.0104167 0.0537037 0.594417
0 0.349219 0.261111 0.0348958 0.0907407 0.614252
56 0.78151 0.468056 0.0880208 0.0731481 0.624941
0 0.979948 0.316667 0.0401042 0.12963 0.630912
56 0.878125 0.65 0.234375 0.525926 0.747088
56 0.702865 0.456944 0.0338542 0.0731481 0.853489
56 0.264844 0.773611 0.238021 0.443519 0.904151
0 0.35625 0.621296 0.25625 0.668519 0.913708
56 0.136719 0.744444 0.220313 0.503704 0.931543
