60 0.417708 0.744444 0.426042 0.459259 0.33249
39 0.277604 0.188889 0.0104167 0.0537037 0.466812
56 0.857031 0.50463 0.0380208 0.142593 0.534369
24 0.571354 0.491667 0.101042 0.144444 0.60246
24 0.272656 0.493519 0.0755208 0.0944444 0.699163
56 0.119792 0.773611 0.2125 0.449074 0.823616
0 0.071875 0.435648 0.0958333 0.319444 0.854334
56 0.742708 0.781482 0.254167 0.422222 0.874214
0 0.779948 0.412963 0.154687 0.312963 0.906029
0 0.403385 0.507407 0.120312 0.624074 0.907962
0 0.673958 0.606944 0.236458 0.763889 0.930854
0 0.195312 0.653241 0.2375 0.678704 0.93093
