60 0.416667 0.74537 0.423958 0.459259 0.324365
39 0.277604 0.188889 0.0104167 0.0537037 0.440267
56 0.854427 0.504167 0.0421875 0.143519 0.49133
24 0.572656 0.49213 0.103646 0.143519 0.636104
24 0.272656 0.493519 0.0765625 0.0944444 0.689621
0 0.0658854 0.434722 0.0973958 0.319444 0.808624
56 0.120312 0.775 0.2125 0.446296 0.812646
56 0.74375 0.782407 0.255208 0.42037 0.847037
0 0.778906 0.419444 0.153646 0.301852 0.912174
0 0.404167 0.506481 0.119792 0.622222 0.916634
0 0.195833 0.653241 0.2375 0.678704 0.9302
0 0.674219 0.610185 0.235938 0.755556 0.931016
