60 0.64974 0.720833 0.694271 0.517593 0.286975
24 0.652865 0.444907 0.0505208 0.087963 0.287793
26 0.568229 0.475463 0.113542 0.0712963 0.292459
24 0.567969 0.475463 0.113021 0.0712963 0.399255
0 0.81276 0.508796 0.148438 0.852778 0.525072
65 0.871875 0.438889 0.025 0.0277778 0.54837
0 0.26276 0.633796 0.185937 0.671296 0.559403
56 0.742969 0.46713 0.0536458 0.062037 0.589454
24 0.676823 0.437037 0.0963542 0.114815 0.596639
39 0.345573 0.170833 0.00989583 0.0546296 0.683848
0 0.926562 0.535185 0.146875 0.781482 0.746594
0 0.358333 0.402778 0.135417 0.225926 0.887277
56 0.19375 0.75463 0.183333 0.485185 0.910741
