26 0.569531 0.474537 0.113021 0.0712963 0.271485
24 0.569271 0.475 0.1125 0.0703704 0.316183
67 0.43125 0.631944 0.0520833 0.0268519 0.367579
24 0.694271 0.435648 0.053125 0.110185 0.441945
24 0.465885 0.959259 0.124479 0.0777778 0.541596
0 0.972917 0.315278 0.0541667 0.119444 0.554171
24 0.652344 0.445833 0.0526042 0.0898148 0.570629
56 0.65026 0.674074 0.159896 0.490741 0.591296
39 0.345313 0.169444 0.0104167 0.0537037 0.598728
56 0.694271 0.436574 0.053125 0.112037 0.703151
56 0.111979 0.637037 0.090625 0.251852 0.708103
0 0.363281 0.427315 0.0598958 0.125 0.795455
0 0.840885 0.550463 0.216146 0.823148 0.860808
0 0.160156 0.460648 0.132812 0.317593 0.881809
56 0.24401 0.782407 0.274479 0.422222 0.905158
0 0.0463542 0.55787 0.0927083 0.765741 0.914652
0 0.325521 0.631944 0.258333 0.710185 0.92576
