26 0.328125 0.956944 0.053125 0.0824074 0.254431
56 0.0861979 0.697222 0.0609375 0.240741 0.266371
26 0.595573 0.493519 0.148438 0.142593 0.345222
39 0.277604 0.189352 0.0104167 0.0546296 0.524488
0 0.479167 0.400463 0.096875 0.223148 0.57839
56 0.86224 0.536111 0.0484375 0.190741 0.584829
24 0.595052 0.488889 0.152604 0.151852 0.694082
0 0.476302 0.553704 0.0984375 0.548148 0.725887
0 0.271875 0.438889 0.102083 0.207407 0.781532
56 0.158854 0.784722 0.204167 0.415741 0.861838
0 0.813281 0.391204 0.0973958 0.350926 0.895602
56 0.747135 0.783333 0.256771 0.42037 0.903408
0 0.211719 0.65787 0.229687 0.671296 0.910584
0 0.690625 0.600463 0.289583 0.782407 0.935572
