24 0.566146 0.475463 0.113542 0.0712963 0.27282
24 0.467969 0.755093 0.105729 0.175 0.294727
56 0.829687 0.674074 0.1625 0.457407 0.309735
60 0.634115 0.711111 0.688021 0.492593 0.324691
26 0.566667 0.475463 0.111458 0.0712963 0.468376
67 0.861458 0.439352 0.034375 0.0231481 0.660329
39 0.345573 0.169907 0.00989583 0.0527778 0.675954
0 0.691406 0.58287 0.186979 0.686111 0.740978
0 0.920573 0.552778 0.157813 0.766667 0.747431
0 0.239063 0.569907 0.170833 0.589815 0.785728
0 0.141667 0.395833 0.107292 0.350926 0.789827
0 0.343229 0.407407 0.127083 0.211111 0.83583
56 0.192969 0.755093 0.183854 0.484259 0.908149
