56 0.297135 0.441204 0.0348958 0.0712963 0.262792
56 0.78151 0.80463 0.286979 0.353704 0.273341
56 0.295573 0.485648 0.0276042 0.0490741 0.324772
60 0.546615 0.73287 0.465104 0.499074 0.344591
24 0.643229 0.442593 0.0354167 0.0907407 0.352847
24 0.480208 0.751852 0.0770833 0.166667 0.390996
26 0.551562 0.475 0.129167 0.0722222 0.401701
67 0.39401 0.463426 0.0182292 0.0231481 0.584169
0 0.256771 0.533333 0.182292 0.464815 0.658758
39 0.345573 0.17037 0.00989583 0.0555556 0.692717
0 0.701302 0.378704 0.128646 0.268519 0.756674
0 0.366406 0.415278 0.126563 0.200926 0.870413
0 0.854688 0.497685 0.288542 0.989815 0.907464
56 0.19401 0.75463 0.182812 0.485185 0.907543
