67 0.322656 0.697222 0.0484375 0.0259259 0.253732
26 0.454948 0.517593 0.104687 0.0740741 0.382809
39 0.23724 0.199537 0.0109375 0.0564815 0.499566
56 0.773958 0.512963 0.0520833 0.12037 0.525553
24 0.542188 0.486111 0.0666667 0.0944444 0.583332
56 0.643229 0.775926 0.247917 0.433333 0.750227
0 0.150521 0.453704 0.071875 0.209259 0.801515
0 0.69974 0.414352 0.146354 0.306481 0.843548
0 0.570833 0.614352 0.24375 0.750926 0.913303
56 0.133854 0.809722 0.238542 0.367593 0.914263
0 0.207813 0.672685 0.233333 0.636111 0.933441
