0 0.830469 0.668981 0.163021 0.449074 0.260877
26 0.577865 0.475463 0.0838542 0.0694444 0.373561
60 0.653385 0.726389 0.666146 0.512037 0.601833
39 0.345313 0.17037 0.0104167 0.0537037 0.652691
67 0.860937 0.437037 0.0322917 0.0222222 0.668326
0 0.920833 0.561111 0.157292 0.764815 0.748097
0 0.684375 0.584259 0.19375 0.694444 0.755433
0 0.515625 0.488889 0.128125 0.631481 0.776349
0 0.257812 0.514352 0.186458 0.449074 0.793498
0 0.358333 0.405093 0.125 0.213889 0.901505
56 0.194271 0.754167 0.182292 0.487963 0.910796
