24 0.59349 0.596759 0.264062 0.769444 0.256762
24 0.485156 0.514815 0.111979 0.0759259 0.258206
26 0.485417 0.515278 0.110417 0.075 0.326342
56 0.827865 0.520833 0.0557292 0.143519 0.388689
24 0.579427 0.48287 0.0651042 0.0935185 0.527587
39 0.269271 0.180093 0.0104167 0.0583333 0.585512
56 0.676823 0.780556 0.279687 0.416667 0.839683
0 0.753385 0.410648 0.146354 0.328704 0.840493
0 0.246094 0.465278 0.0984375 0.191667 0.862279
56 0.140104 0.808333 0.247917 0.374074 0.901241
0 0.210938 0.651389 0.25 0.682407 0.935862
0 0.595833 0.610648 0.267708 0.762037 0.941136
