56 0.697917 0.4375 0.0604167 0.115741 0.291926
56 0.636458 0.6625 0.126042 0.519444 0.345518
67 0.740104 0.464352 0.03125 0.0324074 0.353843
24 0.696094 0.4375 0.0588542 0.112037 0.413651
24 0.466667 0.959259 0.123958 0.0777778 0.460706
24 0.652083 0.446296 0.053125 0.0888889 0.496527
0 0.420833 0.6 0.178125 0.733333 0.501117
26 0.569531 0.475 0.111979 0.0722222 0.552769
39 0.345313 0.169907 0.0104167 0.0527778 0.630091
0 0.400521 0.368981 0.123958 0.262037 0.719332
0 0.835938 0.564815 0.215625 0.757407 0.82613
56 0.211198 0.784722 0.302604 0.415741 0.850706
0 0.306771 0.627778 0.236458 0.716667 0.905434
0 0.157813 0.402315 0.115625 0.402778 0.909327
