56 0.865625 0.698148 0.23125 0.572222 0.254919
56 0.697656 0.437963 0.0609375 0.114815 0.274795
24 0.567969 0.475 0.114063 0.0703704 0.351306
26 0.568229 0.475 0.114583 0.0703704 0.386994
56 0.63776 0.660648 0.133854 0.521296 0.436569
24 0.695052 0.4375 0.0598958 0.112037 0.447403
24 0.651823 0.448148 0.0505208 0.0833333 0.455591
24 0.467187 0.959259 0.122917 0.0777778 0.477768
67 0.739844 0.464352 0.0296875 0.0324074 0.482987
56 0.357031 0.468981 0.0328125 0.0842593 0.556323
39 0.345573 0.169907 0.00989583 0.0527778 0.651688
56 0.119531 0.758796 0.198437 0.473148 0.817766
0 0.835938 0.563426 0.215625 0.756481 0.831421
0 0.122135 0.506944 0.152604 0.432407 0.832636
0 0.292708 0.287037 0.0854167 0.22037 0.869952
56 0.238281 0.781482 0.250521 0.422222 0.904966
0 0.310677 0.640741 0.247396 0.694444 0.914912
