56 0.705469 0.485648 0.0526042 0.0287037 0.252377
24 0.490104 0.508796 0.110417 0.0712963 0.254757
56 0.264062 0.510648 0.0541667 0.0601852 0.292723
24 0.327604 0.956944 0.053125 0.0824074 0.298435
60 0.411979 0.613426 0.447917 0.230556 0.379168
41 0.929948 0.144907 0.0901042 0.267593 0.416993
24 0.597656 0.476389 0.101562 0.106481 0.422772
56 0.555208 0.778704 0.11875 0.198148 0.517484
39 0.277865 0.189815 0.00989583 0.0537037 0.575392
56 0.645312 0.878704 0.14375 0.235185 0.809473
56 0.147135 0.777315 0.214062 0.432407 0.840273
67 0.939062 0.14213 0.110417 0.278704 0.869329
0 0.265104 0.389815 0.0822917 0.287037 0.903957
0 0.859635 0.493056 0.276563 0.984259 0.924354
0 0.197396 0.651389 0.198958 0.632407 0.935058
