67 0.660677 0.348148 0.0140625 0.0351852 0.257798
56 0.794792 0.477315 0.0541667 0.062037 0.29366
60 0.636979 0.711574 0.654167 0.500926 0.293967
56 0.832812 0.676389 0.152083 0.458333 0.404106
24 0.734896 0.811574 0.166667 0.165741 0.465373
26 0.565885 0.474537 0.110937 0.0731481 0.554353
0 0.276823 0.566204 0.222396 0.562037 0.567729
67 0.861458 0.437963 0.0333333 0.0203704 0.647301
39 0.345313 0.169907 0.0104167 0.0546296 0.654478
0 0.920833 0.553241 0.157292 0.765741 0.770287
0 0.667969 0.586111 0.215104 0.694444 0.802375
0 0.34375 0.399537 0.125 0.199074 0.822179
0 0.0338542 0.615278 0.0677083 0.676852 0.878072
56 0.202083 0.755093 0.2 0.486111 0.885431
