24 0.691927 0.340741 0.140104 0.4 0.335625
24 0.580208 0.485185 0.0645833 0.0796296 0.345662
60 0.545313 0.731019 0.620833 0.460185 0.383071
24 0.845573 0.379167 0.0411458 0.10463 0.451402
56 0.778646 0.571759 0.127083 0.280556 0.510915
39 0.277604 0.189352 0.0104167 0.0546296 0.515034
56 0.557292 0.673611 0.122917 0.460185 0.560205
24 0.754167 0.374537 0.096875 0.20463 0.685047
56 0.251563 0.510648 0.0447917 0.0601852 0.761788
0 0.485677 0.528704 0.127604 0.533333 0.78463
0 0.889583 0.319444 0.071875 0.22963 0.811326
24 0.128906 0.409722 0.143229 0.317593 0.839009
0 0.684635 0.339352 0.128646 0.408333 0.894088
0 0.182812 0.553704 0.127083 0.874074 0.896855
56 0.792188 0.756944 0.265625 0.471296 0.906643
56 0.330469 0.787037 0.229687 0.412963 0.932252
