56 0.365625 0.475 0.0375 0.1 0.263035
56 0.84401 0.502778 0.0432292 0.161111 0.326225
56 0.661198 0.459259 0.0286458 0.153704 0.362562
60 0.540625 0.748148 0.698958 0.481481 0.477895
39 0.277604 0.189815 0.0104167 0.0537037 0.554848
24 0.271354 0.493981 0.078125 0.0953704 0.722332
56 0.692187 0.510648 0.0520833 0.0731481 0.824473
0 0.797917 0.332407 0.116667 0.433333 0.835386
56 0.710938 0.751389 0.225 0.476852 0.882692
56 0.235677 0.766204 0.222396 0.458333 0.928201
0 0.592969 0.493056 0.308854 0.986111 0.930809
