56 0.695052 0.437037 0.0546875 0.112963 0.353793
26 0.567708 0.475463 0.115625 0.0712963 0.392184
24 0.567708 0.475463 0.114583 0.0712963 0.412186
56 0.638542 0.664815 0.136458 0.516667 0.466033
24 0.466146 0.959259 0.122917 0.0777778 0.466718
24 0.651563 0.447222 0.05 0.0888889 0.543565
24 0.69401 0.437037 0.0536458 0.111111 0.576981
56 0.167969 0.752315 0.131771 0.478704 0.591008
39 0.345573 0.17037 0.00989583 0.0537037 0.660528
56 0.277344 0.769907 0.274479 0.443519 0.670815
0 0.391667 0.406481 0.0739583 0.201852 0.693522
0 0.369271 0.574537 0.248958 0.680556 0.716991
0 0.83724 0.558333 0.221354 0.785185 0.827498
0 0.227083 0.437037 0.120833 0.296296 0.863114
