0 0.30625 0.394907 0.0625 0.113889 0.251252
41 0.479948 0.352778 0.0359375 0.0314815 0.284394
24 0.364323 0.475463 0.142188 0.0990741 0.370567
26 0.538021 0.44537 0.108333 0.0722222 0.3941
56 0.854948 0.610648 0.115104 0.469444 0.438539
39 0.323177 0.124074 0.0109375 0.0555556 0.530305
67 0.400781 0.604167 0.0505208 0.025 0.555474
0 0.805469 0.336574 0.154687 0.334259 0.607239
24 0.428385 0.950463 0.145313 0.0935185 0.648238
56 0.708073 0.735648 0.271354 0.506481 0.8372
56 0.192969 0.756944 0.255729 0.469444 0.924676
0 0.636458 0.560648 0.259375 0.852778 0.934468
0 0.288802 0.613426 0.294271 0.749074 0.942634
