24 0.479948 0.753704 0.0765625 0.168519 0.277217
56 0.696094 0.798148 0.243229 0.168519 0.281555
60 0.653125 0.717593 0.66875 0.485185 0.315615
26 0.548437 0.475 0.127083 0.0722222 0.484024
67 0.390625 0.467593 0.0177083 0.0222222 0.499853
67 0.863021 0.423148 0.0375 0.0185185 0.592616
0 0.257812 0.538889 0.185417 0.459259 0.657877
0 0.714063 0.576389 0.184375 0.658333 0.687008
39 0.345573 0.170833 0.00989583 0.0546296 0.692961
0 0.921354 0.548148 0.15625 0.766667 0.777238
0 0.361198 0.420833 0.141146 0.193519 0.852072
56 0.194271 0.75463 0.183333 0.485185 0.912169
0 0.0606771 0.578704 0.120312 0.82037 0.938523
