67 0.0919271 0.40787 0.0255208 0.0361111 0.309372
0 0.739323 0.377778 0.163021 0.261111 0.402248
24 0.566667 0.475926 0.114583 0.0703704 0.442944
26 0.567187 0.475463 0.114583 0.0712963 0.473109
56 0.82474 0.475926 0.0223958 0.0648148 0.48784
0 0.738542 0.606944 0.171875 0.708333 0.48917
56 0.683333 0.411574 0.0291667 0.0601852 0.501803
24 0.65 0.45 0.0447917 0.0759259 0.583903
39 0.345573 0.17037 0.00989583 0.0537037 0.654326
67 0.859896 0.437037 0.0322917 0.0222222 0.678869
0 0.919792 0.555556 0.159375 0.768519 0.688844
0 0.254427 0.521759 0.170312 0.458333 0.702803
0 0.357292 0.401852 0.138542 0.227778 0.885861
56 0.192448 0.755556 0.184896 0.481481 0.913568
0 0.0697917 0.495833 0.138542 0.987963 0.922191
