56 0.697917 0.4375 0.0625 0.113889 0.261831
56 0.104948 0.617593 0.133854 0.277778 0.31692
24 0.567969 0.475463 0.113021 0.0712963 0.372267
26 0.568229 0.475 0.114583 0.0722222 0.396332
24 0.695052 0.4375 0.0598958 0.112037 0.411201
56 0.636979 0.662037 0.130208 0.522222 0.421031
67 0.740104 0.463889 0.0291667 0.0333333 0.47163
24 0.650781 0.448148 0.0494792 0.0833333 0.511611
24 0.466667 0.959259 0.122917 0.0777778 0.53781
39 0.345052 0.17037 0.00989583 0.0555556 0.662659
0 0.836198 0.564352 0.216146 0.758333 0.825245
56 0.232031 0.787037 0.256771 0.414815 0.907103
0 0.0744792 0.563889 0.148958 0.842593 0.917898
0 0.357292 0.404167 0.130208 0.225 0.923038
0 0.296094 0.614815 0.254687 0.755556 0.941785
