56 0.698438 0.439815 0.0677083 0.103704 0.298835
24 0.56901 0.474537 0.111979 0.0712963 0.351081
24 0.651563 0.443056 0.0510417 0.087963 0.407996
26 0.569271 0.474537 0.1125 0.0712963 0.449829
24 0.467187 0.958333 0.123958 0.0777778 0.49168
24 0.696875 0.439352 0.0697917 0.10463 0.504354
56 0.114063 0.646759 0.1 0.258333 0.57365
39 0.345313 0.168981 0.0104167 0.0546296 0.643443
0 0.355729 0.564815 0.186458 0.474074 0.651965
0 0.817708 0.590741 0.230208 0.783333 0.740865
0 0.179427 0.537963 0.218229 0.464815 0.890372
0 0.195833 0.368981 0.117708 0.317593 0.898421
56 0.238542 0.773148 0.280208 0.440741 0.918246
