56 0.554948 0.787963 0.117188 0.211111 0.272238
60 0.564323 0.743519 0.578646 0.47037 0.461309
56 0.782552 0.562963 0.118229 0.262963 0.530666
39 0.277604 0.188889 0.0104167 0.0537037 0.54993
24 0.774479 0.35787 0.0916667 0.19537 0.775623
0 0.489323 0.527315 0.131771 0.536111 0.783533
0 0.689583 0.3375 0.133333 0.406481 0.814725
24 0.128385 0.410185 0.156771 0.325926 0.827969
56 0.791927 0.756944 0.266146 0.471296 0.907543
0 0.196615 0.55 0.171354 0.87963 0.924563
56 0.330208 0.787963 0.230208 0.411111 0.927517
