26 0.490625 0.508333 0.108333 0.0722222 0.25229
65 0.071875 0.418519 0.0291667 0.0296296 0.283688
39 0.277604 0.189352 0.0104167 0.0546296 0.555116
24 0.269271 0.494444 0.08125 0.0944444 0.744895
56 0.561979 0.656482 0.134375 0.437037 0.786773
56 0.815104 0.497222 0.10625 0.15 0.822899
0 0.208073 0.412963 0.0953125 0.27037 0.837089
56 0.69974 0.506944 0.0671875 0.0712963 0.872237
56 0.69401 0.750463 0.244271 0.484259 0.906469
56 0.235677 0.765741 0.221354 0.457407 0.919713
0 0.0638021 0.566204 0.127604 0.849074 0.939524
