56 0.794271 0.681481 0.194792 0.47963 0.26442
56 0.70599 0.681481 0.168229 0.490741 0.310456
24 0.567448 0.475463 0.115104 0.0694444 0.393671
26 0.567708 0.475 0.115625 0.0703704 0.394511
56 0.645052 0.662963 0.143229 0.492593 0.461913
56 0.694271 0.437037 0.0541667 0.112963 0.493542
67 0.953125 0.484722 0.0447917 0.0361111 0.501116
24 0.694271 0.437037 0.0541667 0.111111 0.511554
24 0.465885 0.959259 0.125521 0.0777778 0.555732
24 0.652083 0.448148 0.0520833 0.0851852 0.568831
56 0.227865 0.756019 0.266146 0.471296 0.576302
0 0.892448 0.610185 0.215104 0.603704 0.650706
0 0.370573 0.403704 0.115104 0.212963 0.865451
0 0.261458 0.572222 0.317708 0.842593 0.893632
