56 0.696354 0.437037 0.0552083 0.114815 0.270562
67 0.43125 0.632407 0.0520833 0.0259259 0.271733
24 0.466406 0.958796 0.123438 0.0787037 0.346356
67 0.738281 0.463889 0.0286458 0.0277778 0.3478
24 0.567448 0.475 0.115104 0.0703704 0.349387
24 0.695052 0.437037 0.0536458 0.111111 0.364968
26 0.567448 0.474537 0.115104 0.0712963 0.384946
56 0.10625 0.632407 0.075 0.242593 0.401363
24 0.652083 0.447685 0.0520833 0.0842593 0.432822
56 0.63776 0.662037 0.132812 0.52037 0.508537
39 0.345313 0.169907 0.0104167 0.0527778 0.561963
0 0.835677 0.564815 0.217187 0.761111 0.825999
0 0.0934896 0.514352 0.102604 0.689815 0.828324
0 0.0453125 0.735185 0.090625 0.516667 0.871232
0 0.16224 0.456481 0.125521 0.314815 0.881938
56 0.239323 0.785185 0.267188 0.418519 0.908955
0 0.316406 0.633796 0.257812 0.706481 0.933229
