24 0.477344 0.749537 0.0692708 0.165741 0.278317
67 0.43099 0.631944 0.0526042 0.025 0.295677
67 0.739844 0.463426 0.0286458 0.0287037 0.385224
24 0.697135 0.437963 0.0640625 0.112963 0.398562
24 0.567448 0.475463 0.116146 0.0712963 0.400842
26 0.567448 0.474537 0.116146 0.0712963 0.404276
24 0.652083 0.447685 0.0510417 0.0861111 0.434748
56 0.636719 0.661574 0.129688 0.517593 0.485079
24 0.466927 0.959259 0.123438 0.0777778 0.549462
39 0.345313 0.17037 0.0104167 0.0555556 0.569176
56 0.102604 0.737037 0.197917 0.5 0.804811
0 0.835417 0.565278 0.216667 0.760185 0.824574
0 0.0419271 0.568519 0.0838542 0.635185 0.8809
56 0.238542 0.78287 0.253125 0.419444 0.910859
0 0.180729 0.396759 0.096875 0.456481 0.930013
0 0.316667 0.628704 0.260417 0.712963 0.93089
