56 0.558594 0.674074 0.129688 0.472222 0.310078
24 0.689583 0.338889 0.15625 0.396296 0.317634
24 0.580729 0.485185 0.0645833 0.0796296 0.358798
60 0.542969 0.739352 0.633854 0.473148 0.423807
56 0.78099 0.562963 0.121354 0.266667 0.464283
39 0.277604 0.189352 0.0104167 0.0546296 0.494641
24 0.757812 0.371759 0.090625 0.208333 0.701879
0 0.489844 0.528241 0.132812 0.539815 0.743177
56 0.248437 0.511111 0.0520833 0.062963 0.787146
24 0.126302 0.408796 0.145313 0.308333 0.79122
0 0.176563 0.55463 0.125 0.864815 0.880201
0 0.679688 0.337037 0.1375 0.409259 0.901796
56 0.791927 0.756019 0.265104 0.471296 0.910958
56 0.33099 0.787963 0.228646 0.412963 0.92917
