24 0.480208 0.751852 0.0770833 0.168519 0.252783
67 0.384115 0.45787 0.0171875 0.0231481 0.2559
0 0.404427 0.655093 0.217187 0.643519 0.298577
60 0.653906 0.710185 0.673437 0.475926 0.348175
0 0.970312 0.256481 0.059375 0.237037 0.365331
26 0.551823 0.475463 0.129688 0.0731481 0.405806
67 0.945833 0.3125 0.01875 0.0175926 0.521743
0 0.257031 0.535648 0.182812 0.467593 0.6202
39 0.345573 0.170833 0.00989583 0.0546296 0.679779
56 0.916667 0.67963 0.166667 0.57963 0.828647
0 0.366146 0.425926 0.133333 0.174074 0.829148
0 0.734115 0.575463 0.198437 0.665741 0.849793
56 0.194271 0.75463 0.183333 0.487037 0.911222
