56 0.136458 0.638426 0.0625 0.263889 0.336878
24 0.567969 0.475463 0.114063 0.0712963 0.337658
27 0.36901 0.439815 0.0203125 0.0648148 0.350359
26 0.567969 0.475 0.115104 0.0703704 0.410892
24 0.466146 0.958796 0.122917 0.0768519 0.47688
56 0.804688 0.663889 0.208333 0.451852 0.484091
0 0.384115 0.425463 0.0859375 0.160185 0.508952
67 0.79401 0.475463 0.0286458 0.0305556 0.536075
56 0.636979 0.664352 0.130208 0.517593 0.561144
56 0.69401 0.437037 0.0546875 0.112963 0.572785
24 0.651563 0.448148 0.05 0.087037 0.578639
24 0.69401 0.437037 0.0536458 0.112963 0.610923
39 0.345313 0.170833 0.0104167 0.0546296 0.675943
56 0.164062 0.751852 0.125 0.483333 0.824048
0 0.884375 0.552778 0.228125 0.805556 0.849485
0 0.219271 0.455556 0.11875 0.338889 0.865251
0 0.370833 0.593982 0.25625 0.700926 0.87973
56 0.278385 0.768056 0.264062 0.447222 0.889261
