26 0.834896 0.469444 0.0385417 0.0796296 0.267775
67 0.433073 0.63287 0.0515625 0.025 0.290363
41 0.413542 0.539815 0.0291667 0.0388889 0.379773
24 0.470833 0.960648 0.140625 0.0731481 0.421523
39 0.346615 0.171759 0.00989583 0.0546296 0.558755
67 0.885677 0.37963 0.0276042 0.0814815 0.562368
0 0.894531 0.534259 0.180729 0.766667 0.835895
56 0.632031 0.763889 0.223438 0.455556 0.885734
0 0.264583 0.413426 0.0875 0.230556 0.897687
56 0.270573 0.769444 0.240104 0.444444 0.925449
0 0.346615 0.630093 0.246354 0.712037 0.926624
0 0.685938 0.560648 0.375 0.858333 0.95164
