56 0.697656 0.437963 0.0630208 0.114815 0.274207
56 0.6375 0.662037 0.130208 0.518519 0.425116
24 0.696615 0.437963 0.0609375 0.112963 0.44253
67 0.739844 0.463889 0.0296875 0.0314815 0.465619
24 0.466146 0.959259 0.123958 0.0777778 0.488947
24 0.651563 0.44537 0.0510417 0.0888889 0.522442
26 0.570573 0.475 0.108854 0.0722222 0.527596
39 0.345313 0.169907 0.0104167 0.0546296 0.670049
0 0.836458 0.56713 0.216667 0.763889 0.833681
0 0.388021 0.410648 0.120833 0.184259 0.858147
56 0.21875 0.785648 0.2875 0.415741 0.886042
0 0.172656 0.446296 0.134896 0.292593 0.90324
0 0.330729 0.627315 0.284375 0.719444 0.919589
