56 0.134375 0.646296 0.084375 0.3 0.261731
27 0.379167 0.446296 0.0145833 0.0648148 0.315599
24 0.569531 0.475926 0.106771 0.0703704 0.316313
56 0.647396 0.658333 0.153125 0.535185 0.38365
24 0.695312 0.437963 0.0697917 0.112963 0.389143
24 0.466406 0.959259 0.124479 0.0777778 0.419617
67 0.739323 0.464352 0.0276042 0.0305556 0.448903
24 0.651563 0.45 0.0510417 0.0796296 0.459025
26 0.569531 0.475463 0.110937 0.0712963 0.471637
39 0.345573 0.169907 0.00989583 0.0546296 0.680295
0 0.835677 0.5625 0.217187 0.75463 0.836275
0 0.371615 0.403241 0.116146 0.215741 0.868551
0 0.2125 0.430093 0.0875 0.35463 0.876128
56 0.240104 0.783796 0.25 0.419444 0.920035
0 0.333073 0.619907 0.291146 0.730556 0.925332
