24 0.530469 0.488426 0.101562 0.0731481 0.268108
26 0.533073 0.488889 0.0953125 0.0740741 0.353187
39 0.317708 0.157407 0.0104167 0.0574074 0.476468
24 0.624219 0.455556 0.0734375 0.1 0.573137
56 0.865365 0.544444 0.0588542 0.237037 0.60597
0 0.226823 0.406019 0.0723958 0.199074 0.622432
56 0.730729 0.765741 0.283333 0.45 0.824058
0 0.645312 0.597685 0.259375 0.789815 0.89308
56 0.201042 0.789352 0.240625 0.408333 0.895196
0 0.794531 0.386574 0.139062 0.325 0.905809
0 0.277344 0.65 0.241146 0.672222 0.931076
