0 0.47474 0.387037 0.113021 0.240741 0.2791
56 0.57526 0.66713 0.159896 0.521296 0.307789
56 0.68776 0.509259 0.0567708 0.0777778 0.322875
26 0.328385 0.957407 0.0505208 0.0814815 0.336823
24 0.328125 0.956944 0.0520833 0.0842593 0.350187
56 0.6875 0.606019 0.0739583 0.275 0.384196
39 0.277344 0.189352 0.00989583 0.0546296 0.543583
60 0.452344 0.743056 0.616146 0.49537 0.551162
24 0.6 0.491204 0.160417 0.14537 0.612158
0 0.822656 0.32963 0.172396 0.425926 0.753302
0 0.471615 0.546296 0.115104 0.553704 0.836422
56 0.844792 0.769907 0.24375 0.45463 0.857563
0 0.210938 0.563426 0.177083 0.463889 0.911841
0 0.778646 0.6 0.297917 0.774074 0.933913
56 0.167708 0.774074 0.202083 0.433333 0.943129
