56 0.74375 0.468519 0.0916667 0.0648148 0.269889
26 0.56901 0.474537 0.113021 0.0712963 0.283996
24 0.56849 0.475 0.113021 0.0703704 0.348615
67 0.43125 0.631019 0.0510417 0.0268519 0.400349
0 0.972656 0.312037 0.0546875 0.118519 0.425232
24 0.651823 0.443056 0.0515625 0.0898148 0.4297
24 0.693229 0.440278 0.0635417 0.102778 0.463042
56 0.871615 0.699074 0.235938 0.564815 0.500789
24 0.466406 0.958796 0.123438 0.0787037 0.515596
39 0.345313 0.168981 0.0104167 0.0546296 0.591917
0 0.295312 0.332407 0.0322917 0.0962963 0.593638
56 0.644271 0.659722 0.146875 0.508333 0.623161
56 0.111979 0.64213 0.0927083 0.250926 0.791692
0 0.854948 0.562037 0.203646 0.812963 0.851404
0 0.24375 0.34537 0.06875 0.27963 0.864011
0 0.170052 0.476852 0.131771 0.342593 0.873716
56 0.242448 0.780556 0.268229 0.425926 0.890968
0 0.338281 0.635185 0.278646 0.709259 0.931303
