67 0.43125 0.630093 0.0520833 0.0268519 0.273276
24 0.572396 0.474074 0.107292 0.0703704 0.285507
24 0.465625 0.95787 0.126042 0.0787037 0.327169
0 0.377083 0.444907 0.0583333 0.123148 0.341612
26 0.573698 0.473148 0.104687 0.0703704 0.372157
56 0.653385 0.638889 0.164062 0.477778 0.40932
24 0.681771 0.439352 0.113542 0.108333 0.442565
56 0.952344 0.641667 0.0942708 0.518519 0.52441
0 0.978906 0.315278 0.0421875 0.126852 0.547385
39 0.345052 0.168519 0.00989583 0.0537037 0.548175
0 0.854688 0.586111 0.2 0.809259 0.738297
0 0.0335938 0.508333 0.0671875 0.548148 0.898666
56 0.135677 0.743519 0.221354 0.503704 0.917031
56 0.265365 0.776389 0.244271 0.436111 0.923027
0 0.36901 0.622222 0.307813 0.72037 0.943777
