56 0.766146 0.650926 0.122917 0.446296 0.254625
24 0.575521 0.474074 0.102083 0.0703704 0.260005
56 0.665365 0.438426 0.0744792 0.106481 0.2961
56 0.879948 0.449537 0.0796875 0.126852 0.323725
26 0.576302 0.473148 0.100521 0.0703704 0.330961
24 0.529948 0.411111 0.0598958 0.133333 0.349387
67 0.43151 0.630093 0.0505208 0.0268519 0.351815
26 0.529688 0.410185 0.0614583 0.133333 0.437946
24 0.664844 0.440278 0.0755208 0.0990741 0.495251
56 0.857031 0.65 0.144271 0.527778 0.533598
39 0.345313 0.168519 0.0104167 0.0537037 0.555315
56 0.777344 0.468056 0.0953125 0.0731481 0.565459
24 0.466927 0.958796 0.125521 0.0787037 0.57852
0 0.757031 0.281944 0.0963542 0.19537 0.648584
56 0.641927 0.637037 0.142188 0.47963 0.65404
56 0.4375 0.452315 0.04375 0.0916667 0.669525
0 0.946354 0.500926 0.107292 0.890741 0.698393
0 0.498437 0.339815 0.113542 0.307407 0.787628
56 0.703125 0.456481 0.0333333 0.0740741 0.821372
56 0.136198 0.743056 0.222396 0.50463 0.926215
56 0.268229 0.775 0.25 0.438889 0.930583
0 0.357552 0.627778 0.269271 0.709259 0.931771
