24 0.651823 0.443519 0.0526042 0.0888889 0.255261
26 0.56901 0.474537 0.113021 0.0712963 0.300187
24 0.477344 0.752315 0.0692708 0.169444 0.316674
24 0.56901 0.475 0.113021 0.0722222 0.3227
67 0.43125 0.631019 0.0510417 0.0268519 0.371765
24 0.675521 0.440278 0.0958333 0.102778 0.446025
56 0.870833 0.7 0.232292 0.564815 0.504358
0 0.972396 0.312037 0.0552083 0.118519 0.53054
24 0.466146 0.958796 0.122917 0.0787037 0.546649
39 0.345313 0.169444 0.0104167 0.0555556 0.567936
56 0.647396 0.65787 0.151042 0.517593 0.646043
56 0.111719 0.642593 0.0921875 0.251852 0.759241
0 0.208333 0.346296 0.065625 0.272222 0.799133
0 0.84974 0.558796 0.198437 0.813889 0.829067
0 0.170833 0.474537 0.133333 0.336111 0.876159
56 0.240365 0.781018 0.263021 0.425 0.891627
0 0.338021 0.635185 0.278125 0.707407 0.936492
