24 0.489583 0.508796 0.107292 0.0712963 0.256907
24 0.367708 0.968518 0.151042 0.0611111 0.271125
24 0.601302 0.479167 0.104687 0.10463 0.283644
27 0.727344 0.392593 0.0213542 0.05 0.285923
56 0.600781 0.479167 0.106771 0.108333 0.319096
26 0.489583 0.509259 0.10625 0.0722222 0.374281
56 0.835677 0.513426 0.0182292 0.115741 0.456565
39 0.277865 0.189815 0.00989583 0.0537037 0.576916
56 0.713542 0.770833 0.245833 0.441667 0.836307
0 0.773698 0.396759 0.117188 0.339815 0.841781
0 0.188281 0.446759 0.0703125 0.210185 0.88717
56 0.17474 0.801389 0.229687 0.384259 0.921103
0 0.242708 0.6625 0.219792 0.650926 0.925308
0 0.634375 0.612037 0.251042 0.757407 0.934219
