56 0.655729 0.639352 0.167708 0.497222 0.297463
24 0.570052 0.474074 0.111979 0.0722222 0.341522
24 0.68099 0.439352 0.113021 0.108333 0.379288
26 0.570833 0.473611 0.110417 0.0712963 0.422756
24 0.466667 0.95787 0.123958 0.0787037 0.424651
39 0.345573 0.168981 0.00989583 0.0527778 0.455559
56 0.772396 0.46713 0.0875 0.0731481 0.587458
67 0.43125 0.630093 0.0520833 0.0268519 0.598747
56 0.213802 0.495833 0.0432292 0.0657407 0.74584
0 0.867969 0.575926 0.218229 0.837037 0.828049
56 0.134115 0.743519 0.219271 0.505556 0.913946
56 0.26224 0.777778 0.236979 0.433333 0.914843
0 0.359896 0.318056 0.135417 0.358333 0.91501
0 0.351823 0.627778 0.270312 0.711111 0.923143
