24 0.582292 0.468519 0.0854167 0.0574074 0.270126
56 0.972135 0.645833 0.0557292 0.547222 0.337105
24 0.466927 0.95787 0.125521 0.0787037 0.433487
67 0.834635 0.427315 0.0317708 0.0416667 0.472536
39 0.345313 0.168519 0.0104167 0.0537037 0.548662
24 0.679688 0.44213 0.110417 0.10463 0.577418
0 0.367708 0.394444 0.0614583 0.22037 0.843831
0 0.857292 0.526852 0.202083 0.775926 0.847197
0 0.354427 0.623611 0.261979 0.702778 0.873872
56 0.680729 0.743519 0.295833 0.503704 0.885453
56 0.267188 0.768981 0.23125 0.443519 0.916894
