60 0.384635 0.641667 0.474479 0.235185 0.267183
56 0.276302 0.644444 0.116146 0.37963 0.358173
56 0.853906 0.504167 0.0463542 0.139815 0.522337
56 0.204427 0.832407 0.204688 0.327778 0.579616
39 0.277344 0.190278 0.00989583 0.0546296 0.58025
24 0.569792 0.490741 0.0979167 0.144444 0.683914
24 0.273958 0.494444 0.071875 0.0944444 0.703976
0 0.382292 0.499074 0.119792 0.640741 0.89778
56 0.739323 0.781482 0.251563 0.422222 0.919004
0 0.791406 0.386574 0.106771 0.352778 0.922847
0 0.0789063 0.577778 0.156771 0.82963 0.928687
0 0.665625 0.609722 0.2375 0.758333 0.938686
