60 0.435937 0.62963 0.497917 0.261111 0.252432
26 0.489844 0.508796 0.107813 0.0712963 0.258123
56 0.263021 0.509722 0.0541667 0.062037 0.264177
24 0.489323 0.508796 0.108854 0.0712963 0.369949
72 0.101823 0.368056 0.200521 0.723148 0.44664
0 0.370833 0.612963 0.134375 0.518519 0.581734
39 0.277344 0.190278 0.00989583 0.0564815 0.649356
56 0.564583 0.657407 0.139583 0.438889 0.7512
56 0.815365 0.496759 0.106771 0.150926 0.811043
56 0.7 0.506481 0.0677083 0.0722222 0.873294
0 0.284115 0.362963 0.0890625 0.305556 0.877791
56 0.235938 0.764815 0.222917 0.461111 0.900636
56 0.69375 0.750926 0.24375 0.485185 0.907295
