60 0.545833 0.731481 0.63125 0.485185 0.392327
0 0.578385 0.333333 0.0213542 0.0962963 0.457665
39 0.277344 0.189352 0.00989583 0.0546296 0.472531
56 0.786458 0.562037 0.109375 0.261111 0.542825
56 0.561458 0.673148 0.133333 0.468519 0.590932
24 0.761979 0.378704 0.0760417 0.203704 0.690897
0 0.485156 0.52963 0.127604 0.535185 0.737182
56 0.654167 0.500926 0.0552083 0.0666667 0.742214
56 0.251823 0.510648 0.0442708 0.0601852 0.753638
24 0.129427 0.406944 0.146354 0.313889 0.844273
0 0.183073 0.553241 0.128646 0.875 0.896331
0 0.659635 0.33287 0.179688 0.406481 0.907159
56 0.791927 0.756481 0.266146 0.47037 0.907178
56 0.33099 0.787037 0.228646 0.412963 0.931175
