64 0.402344 0.493519 0.0171875 0.0296296 0.315433
67 0.383333 0.623611 0.0520833 0.025 0.356651
56 0.821094 0.657407 0.148438 0.503704 0.547993
0 0.286719 0.412963 0.0651042 0.135185 0.554613
24 0.408073 0.961574 0.128646 0.075 0.572077
0 0.789583 0.551852 0.161458 0.705556 0.630475
39 0.307031 0.150463 0.00989583 0.0564815 0.633886
56 0.661979 0.748148 0.271875 0.485185 0.909241
56 0.176042 0.767593 0.254167 0.455556 0.922659
0 0.590104 0.56713 0.266667 0.839815 0.93752
0 0.269531 0.612963 0.295312 0.748148 0.94061
