60 0.555208 0.568981 0.38125 0.189815 0.267566
56 0.435937 0.45 0.0416667 0.0944444 0.281433
56 0.939844 0.451852 0.0411458 0.133333 0.308717
56 0.665365 0.438889 0.0755208 0.103704 0.318068
56 0.959896 0.510185 0.0802083 0.25 0.321757
67 0.43125 0.631019 0.0510417 0.0268519 0.462351
26 0.569271 0.473611 0.116667 0.0712963 0.462429
39 0.345313 0.168981 0.0104167 0.0546296 0.566446
24 0.466667 0.958796 0.123958 0.0787037 0.570252
0 0.979427 0.314815 0.0411458 0.124074 0.592668
24 0.665104 0.441204 0.075 0.0972222 0.63659
56 0.644271 0.65 0.145833 0.494444 0.706018
0 0.161979 0.496296 0.178125 0.396296 0.709982
0 0.336198 0.392593 0.139062 0.22963 0.793646
56 0.703125 0.456944 0.0333333 0.0731481 0.826928
0 0.488281 0.337963 0.113021 0.312963 0.890078
0 0.356771 0.630556 0.261458 0.698148 0.904009
56 0.266667 0.774537 0.244792 0.439815 0.905817
0 0.845312 0.497685 0.197917 0.991667 0.920697
56 0.136719 0.756481 0.213021 0.477778 0.929261
