56 0.694531 0.440278 0.0609375 0.10463 0.274063
56 0.109896 0.624074 0.0875 0.214815 0.286502
24 0.571354 0.475463 0.108333 0.0712963 0.331065
56 0.741927 0.465741 0.0880208 0.0592593 0.363354
56 0.871875 0.700463 0.225 0.567593 0.395932
24 0.653906 0.44213 0.0567708 0.0935185 0.404247
24 0.689844 0.439815 0.0692708 0.103704 0.407003
56 0.128385 0.6875 0.123438 0.34537 0.479172
24 0.466406 0.958796 0.123438 0.0768519 0.504894
39 0.345313 0.168981 0.0104167 0.0527778 0.528165
56 0.645833 0.658333 0.147917 0.503704 0.530836
0 0.94349 0.317593 0.0734375 0.124074 0.681074
0 0.356771 0.368981 0.0416667 0.150926 0.753362
0 0.152344 0.517593 0.124479 0.425926 0.762208
56 0.272135 0.78287 0.239063 0.415741 0.826423
0 0.84349 0.576852 0.204688 0.809259 0.840704
0 0.0565104 0.510185 0.111979 0.957407 0.883103
0 0.34375 0.625463 0.315625 0.702778 0.885058
