60 0.546875 0.733333 0.630208 0.472222 0.319187
24 0.692969 0.340278 0.145313 0.399074 0.333455
24 0.580208 0.485648 0.0645833 0.0787037 0.367896
39 0.277604 0.189815 0.0104167 0.0537037 0.479806
56 0.772917 0.566204 0.138542 0.269444 0.532885
56 0.557292 0.673611 0.122917 0.45463 0.618738
24 0.757812 0.376852 0.0864583 0.209259 0.724438
56 0.251563 0.510648 0.04375 0.0601852 0.744952
0 0.485417 0.529167 0.128125 0.532407 0.796606
24 0.128385 0.408796 0.142188 0.317593 0.842375
0 0.182812 0.553704 0.128125 0.872222 0.892684
56 0.792188 0.756019 0.265625 0.471296 0.910647
0 0.684375 0.338426 0.126042 0.410185 0.913707
56 0.330208 0.787037 0.230208 0.412963 0.931314
