24 0.692708 0.437037 0.0583333 0.111111 0.3084
24 0.566927 0.475 0.115104 0.0722222 0.351742
24 0.653906 0.444907 0.0567708 0.0916667 0.371262
26 0.567448 0.474537 0.115104 0.0712963 0.392922
67 0.739844 0.465278 0.0296875 0.0305556 0.48678
24 0.466667 0.959259 0.123958 0.0777778 0.486855
56 0.63776 0.659722 0.134896 0.519444 0.585823
39 0.345052 0.17037 0.00989583 0.0537037 0.613769
0 0.0671875 0.585648 0.132292 0.706481 0.754593
0 0.835677 0.564352 0.217187 0.758333 0.82529
56 0.107031 0.733333 0.195312 0.494444 0.836
0 0.304427 0.288426 0.128646 0.232407 0.849606
56 0.238542 0.780556 0.254167 0.425926 0.917435
0 0.323177 0.629167 0.270312 0.713889 0.936488
