56 0.553906 0.781482 0.116146 0.190741 0.304157
24 0.597396 0.479167 0.101042 0.0990741 0.308823
26 0.490885 0.506019 0.101562 0.0731481 0.32127
60 0.49349 0.738889 0.709896 0.496296 0.324513
56 0.364062 0.460185 0.04375 0.12963 0.329016
67 0.665625 0.35787 0.0229167 0.0324074 0.361497
0 0.214583 0.611574 0.15625 0.556481 0.364156
56 0.565104 0.663426 0.139583 0.430556 0.436444
39 0.277865 0.190278 0.00989583 0.0546296 0.582814
56 0.817448 0.507407 0.0505208 0.125926 0.636064
0 0.209635 0.448148 0.141146 0.22963 0.641467
56 0.705208 0.878704 0.2625 0.233333 0.686565
0 0.733073 0.4 0.165104 0.311111 0.788242
0 0.446875 0.523148 0.132292 0.624074 0.83313
56 0.258594 0.783796 0.188021 0.417593 0.919269
