24 0.567448 0.475926 0.116146 0.0703704 0.334324
24 0.651042 0.45 0.05 0.0777778 0.373739
56 0.6375 0.660648 0.132292 0.517593 0.388307
67 0.739583 0.464352 0.0291667 0.0324074 0.391909
24 0.466406 0.959259 0.123438 0.0777778 0.414911
26 0.567969 0.475463 0.115104 0.0712963 0.422632
24 0.679427 0.439815 0.104687 0.109259 0.440183
56 0.138021 0.532407 0.179167 0.375926 0.460668
39 0.345313 0.169907 0.0104167 0.0546296 0.518742
0 0.835938 0.561111 0.215625 0.751852 0.838338
0 0.304948 0.589352 0.224479 0.773148 0.847987
56 0.251042 0.775926 0.255208 0.435185 0.882977
0 0.0554687 0.553704 0.110937 0.87037 0.929111
