60 0.655208 0.705556 0.6625 0.492593 0.250003
56 0.695573 0.437037 0.0557292 0.112963 0.256749
67 0.43125 0.632407 0.0520833 0.0259259 0.269145
0 0.972656 0.315741 0.0546875 0.12037 0.342478
56 0.647135 0.662963 0.151562 0.524074 0.347026
67 0.740885 0.464815 0.0307292 0.0314815 0.462248
26 0.577344 0.475463 0.0953125 0.0694444 0.503742
24 0.69349 0.4375 0.0578125 0.112037 0.531144
0 0.510417 0.331019 0.140625 0.321296 0.531913
24 0.466667 0.959259 0.122917 0.0777778 0.536371
24 0.651823 0.449074 0.0515625 0.0814815 0.54084
39 0.345313 0.169444 0.0104167 0.0537037 0.589013
56 0.107552 0.640741 0.0838542 0.25 0.829029
0 0.367969 0.389815 0.0661458 0.207407 0.833832
0 0.836198 0.560185 0.216146 0.755556 0.843968
0 0.15651 0.461111 0.124479 0.322222 0.890404
56 0.241406 0.783796 0.271354 0.421296 0.897759
0 0.321875 0.631019 0.265625 0.712037 0.915951
