24 0.651302 0.444907 0.0515625 0.0861111 0.323198
26 0.571875 0.475 0.107292 0.0703704 0.345652
56 0.656771 0.664815 0.163542 0.498148 0.36607
56 0.878385 0.699074 0.222396 0.566667 0.411924
24 0.467187 0.958333 0.123958 0.0777778 0.485228
24 0.676302 0.441204 0.0984375 0.100926 0.515271
39 0.345313 0.168981 0.0104167 0.0546296 0.60823
0 0.44349 0.568056 0.166146 0.552778 0.690815
56 0.109635 0.636111 0.0859375 0.257407 0.691596
0 0.84401 0.583333 0.204688 0.805556 0.789174
0 0.198958 0.536574 0.214583 0.475 0.869326
56 0.242448 0.774074 0.273438 0.437037 0.920447
