26 0.575 0.474074 0.1 0.0703704 0.282498
56 0.696354 0.439815 0.0583333 0.103704 0.289442
24 0.573177 0.475 0.103646 0.0703704 0.318704
56 0.889063 0.687963 0.21875 0.546296 0.337217
24 0.650781 0.444907 0.0505208 0.0861111 0.454865
24 0.466927 0.958796 0.123438 0.0768519 0.466525
56 0.11224 0.639815 0.0984375 0.244444 0.520842
24 0.692708 0.440278 0.0645833 0.102778 0.521043
56 0.639063 0.6625 0.134375 0.50463 0.598278
39 0.345313 0.169444 0.0104167 0.0555556 0.624078
0 0.345313 0.534722 0.160417 0.484259 0.818373
0 0.150781 0.325926 0.150521 0.366667 0.832768
0 0.851302 0.566204 0.204688 0.828704 0.836589
0 0.177604 0.533796 0.217708 0.475 0.901926
56 0.238021 0.773148 0.28125 0.440741 0.914531
