0 0.36875 0.432407 0.0552083 0.114815 0.258054
0 0.972656 0.318056 0.0546875 0.119444 0.280874
56 0.696875 0.437037 0.0583333 0.114815 0.296864
65 0.43099 0.631944 0.0526042 0.0268519 0.313286
67 0.43125 0.631944 0.0520833 0.0268519 0.331472
26 0.56849 0.474537 0.114063 0.0712963 0.337187
67 0.741406 0.464815 0.0338542 0.0314815 0.372667
24 0.694792 0.437037 0.05625 0.112963 0.446078
24 0.466146 0.958796 0.123958 0.0787037 0.498357
24 0.652344 0.449074 0.0526042 0.0814815 0.516606
56 0.638281 0.657407 0.134896 0.522222 0.580561
39 0.345313 0.169444 0.0104167 0.0537037 0.598455
56 0.113021 0.634722 0.0916667 0.256481 0.781058
0 0.836458 0.566204 0.216667 0.767593 0.85016
56 0.240365 0.781944 0.264062 0.423148 0.899082
0 0.164844 0.468056 0.139062 0.336111 0.915651
0 0.328646 0.631019 0.259375 0.708333 0.921941
