24 0.651302 0.44537 0.0515625 0.0851852 0.254783
26 0.580469 0.475 0.0848958 0.0703704 0.294628
56 0.675521 0.668981 0.202083 0.493519 0.326619
60 0.6125 0.709722 0.763542 0.497222 0.347152
24 0.466927 0.958333 0.123438 0.0777778 0.438306
56 0.879948 0.700463 0.216146 0.569444 0.446113
39 0.345313 0.169444 0.0104167 0.0537037 0.58447
24 0.675521 0.440278 0.1 0.102778 0.587431
56 0.109896 0.635648 0.0864583 0.258333 0.656697
0 0.521094 0.533333 0.122396 0.525926 0.708024
0 0.84401 0.580556 0.204688 0.798148 0.78919
0 0.198698 0.535648 0.215104 0.473148 0.868168
56 0.242448 0.773611 0.273438 0.437963 0.929379
