56 0.636979 0.662037 0.128125 0.518519 0.284474
24 0.694271 0.4375 0.0666667 0.112037 0.409639
0 0.420312 0.600926 0.178125 0.738889 0.414572
24 0.651563 0.447222 0.0510417 0.0851852 0.455153
24 0.466667 0.959259 0.123958 0.0777778 0.477029
67 0.740625 0.464352 0.03125 0.0324074 0.507911
26 0.56875 0.475 0.113542 0.0722222 0.535825
39 0.345313 0.169907 0.0104167 0.0546296 0.62271
0 0.401042 0.368519 0.121875 0.264815 0.695269
0 0.835938 0.562963 0.216667 0.753704 0.830448
56 0.2375 0.783796 0.246875 0.415741 0.849032
0 0.124219 0.376389 0.140104 0.465741 0.898176
0 0.308333 0.630556 0.239583 0.709259 0.914521
