56 0.740104 0.466204 0.0864583 0.0583333 0.340402
26 0.574219 0.475926 0.0973958 0.0685185 0.364136
56 0.670833 0.675926 0.189583 0.494444 0.462727
0 0.359896 0.437963 0.04375 0.101852 0.47765
56 0.694271 0.436574 0.0541667 0.113889 0.478293
67 0.43125 0.631944 0.0520833 0.0268519 0.495044
24 0.652083 0.451389 0.0520833 0.0768519 0.529588
39 0.345313 0.169907 0.0104167 0.0546296 0.573413
24 0.466146 0.959259 0.123958 0.0777778 0.574972
24 0.694271 0.436111 0.053125 0.111111 0.584309
0 0.977865 0.317593 0.0442708 0.122222 0.593689
56 0.110677 0.641667 0.0890625 0.25 0.787864
0 0.515625 0.494907 0.140625 0.64537 0.851228
0 0.83724 0.562963 0.215104 0.788889 0.854787
56 0.243229 0.78287 0.269792 0.423148 0.898682
0 0.159896 0.465741 0.132292 0.325926 0.903431
0 0.328385 0.628704 0.261979 0.712963 0.937201
