56 0.666406 0.436574 0.0734375 0.108333 0.315756
60 0.671094 0.696296 0.621354 0.47963 0.34707
24 0.567708 0.473611 0.117708 0.0712963 0.376125
56 0.639844 0.631944 0.141146 0.489815 0.420176
26 0.56849 0.473611 0.117188 0.0712963 0.452141
24 0.467448 0.958796 0.123438 0.0787037 0.460679
0 0.3 0.391204 0.0770833 0.215741 0.51431
24 0.665104 0.439352 0.075 0.100926 0.52547
39 0.345313 0.168519 0.0104167 0.0537037 0.56184
0 0.979948 0.31713 0.0401042 0.130556 0.597299
56 0.788281 0.468056 0.0744792 0.0731481 0.645965
56 0.883854 0.647222 0.2125 0.522222 0.682259
0 0.385156 0.359259 0.0630208 0.266667 0.735531
56 0.702865 0.456944 0.0338542 0.0731481 0.85851
0 0.357292 0.628704 0.258333 0.690741 0.913985
56 0.265885 0.773611 0.242188 0.441667 0.914477
56 0.136198 0.744444 0.222396 0.503704 0.928789
