56 0.715365 0.683333 0.251563 0.492593 0.252813
27 0.367188 0.439815 0.0239583 0.0666667 0.339888
56 0.138542 0.640278 0.0677083 0.258333 0.348822
26 0.569792 0.475 0.109375 0.0703704 0.379046
24 0.466146 0.958796 0.122917 0.0768519 0.461301
56 0.641667 0.667593 0.138542 0.5 0.46782
56 0.69401 0.437037 0.0546875 0.112963 0.483081
0 0.384635 0.426389 0.0859375 0.158333 0.552861
24 0.650521 0.448148 0.0489583 0.0851852 0.565646
67 0.809115 0.466667 0.0286458 0.0351852 0.568259
39 0.345313 0.169907 0.0104167 0.0527778 0.650949
24 0.694271 0.437037 0.0541667 0.111111 0.66328
56 0.163021 0.751852 0.122917 0.47963 0.745279
0 0.889844 0.541667 0.220313 0.811111 0.839479
0 0.36875 0.593982 0.252083 0.700926 0.880349
56 0.278125 0.767593 0.264583 0.45 0.887574
0 0.2125 0.446759 0.107292 0.325 0.888722
