67 0.43151 0.62963 0.0515625 0.0259259 0.251751
24 0.467187 0.95787 0.123958 0.0787037 0.382933
56 0.682031 0.441204 0.113021 0.110185 0.46824
67 0.872396 0.488889 0.0385417 0.0259259 0.46948
24 0.667708 0.446759 0.084375 0.0953704 0.491031
39 0.345313 0.168056 0.0104167 0.0546296 0.579656
56 0.789323 0.467593 0.0703125 0.0740741 0.6548
0 0.899219 0.518981 0.170312 0.806481 0.796167
0 0.36849 0.394907 0.0598958 0.219444 0.858212
0 0.346094 0.625926 0.257812 0.707407 0.884521
56 0.683073 0.743519 0.301562 0.503704 0.897039
56 0.261458 0.772222 0.221875 0.435185 0.919991
