0 0.978385 0.312037 0.0432292 0.116667 0.30092
24 0.567969 0.473611 0.116146 0.0712963 0.32318
56 0.652865 0.638426 0.161979 0.478704 0.332419
67 0.431771 0.630093 0.0510417 0.0268519 0.347643
24 0.68125 0.438889 0.113542 0.109259 0.3548
26 0.56875 0.473611 0.115625 0.0712963 0.430691
24 0.466667 0.958796 0.126042 0.0787037 0.508232
56 0.952344 0.64213 0.0953125 0.521296 0.527026
39 0.345313 0.168519 0.0104167 0.0537037 0.540261
0 0.858073 0.591204 0.203646 0.802778 0.680193
56 0.135677 0.743519 0.222396 0.505556 0.92325
0 0.363542 0.628704 0.278125 0.711111 0.924586
56 0.259375 0.774537 0.232292 0.439815 0.927826
