56 0.863542 0.506944 0.0260417 0.143519 0.289021
60 0.402083 0.630093 0.440625 0.217593 0.318917
39 0.277865 0.188889 0.00989583 0.0537037 0.507441
56 0.13151 0.838426 0.185937 0.319444 0.591997
56 0.270312 0.668056 0.126042 0.439815 0.651511
24 0.565104 0.488426 0.0885417 0.14537 0.694603
24 0.27474 0.494444 0.0703125 0.0944444 0.721869
0 0.796354 0.391667 0.127083 0.353704 0.87253
56 0.74401 0.775926 0.263021 0.433333 0.893673
0 0.38151 0.499537 0.118229 0.639815 0.895568
0 0.670052 0.591204 0.234896 0.79537 0.929049
0 0.114323 0.588889 0.226562 0.792593 0.94402
