56 0.554948 0.776852 0.117188 0.2 0.272575
56 0.573177 0.635648 0.157813 0.449074 0.313438
39 0.277604 0.189815 0.0104167 0.0555556 0.554507
56 0.860677 0.503704 0.0421875 0.138889 0.688058
24 0.5875 0.49213 0.133333 0.14537 0.711462
56 0.285937 0.500926 0.0697917 0.0648148 0.765585
0 0.138021 0.439815 0.119792 0.477778 0.89141
56 0.132552 0.789352 0.178646 0.400926 0.891461
56 0.750521 0.781944 0.258333 0.421296 0.899726
0 0.816146 0.387037 0.119792 0.362963 0.902681
0 0.688802 0.586574 0.278646 0.802778 0.931935
0 0.271094 0.655556 0.282813 0.672222 0.951491
