26 0.570052 0.474537 0.110937 0.0712963 0.318261
24 0.569531 0.475463 0.110937 0.0712963 0.328889
0 0.973177 0.316667 0.0536458 0.12037 0.365158
24 0.694271 0.436111 0.0520833 0.111111 0.382342
67 0.43125 0.631944 0.0520833 0.0268519 0.405268
24 0.465625 0.958796 0.125 0.0787037 0.50749
24 0.653385 0.445833 0.0557292 0.0898148 0.543393
39 0.345313 0.169444 0.0104167 0.0537037 0.563978
56 0.694531 0.436111 0.0526042 0.112963 0.58907
56 0.640625 0.665278 0.139583 0.510185 0.599359
0 0.364844 0.430556 0.0578125 0.118519 0.746024
56 0.113021 0.635185 0.090625 0.255556 0.820718
0 0.836458 0.554167 0.221875 0.802778 0.849379
0 0.0338542 0.621759 0.0666667 0.689815 0.87893
0 0.16224 0.465741 0.136979 0.32963 0.898559
56 0.241406 0.782407 0.268229 0.422222 0.902615
0 0.327604 0.63287 0.260417 0.70463 0.905785
