56 0.130469 0.544907 0.193229 0.358333 0.359371
56 0.636198 0.661574 0.129688 0.517593 0.397016
24 0.567448 0.475463 0.114063 0.0712963 0.404221
26 0.567708 0.475463 0.114583 0.0712963 0.42106
24 0.466667 0.959259 0.123958 0.0777778 0.436665
24 0.651823 0.450926 0.0505208 0.0777778 0.445058
67 0.741406 0.464352 0.0317708 0.0342593 0.454107
24 0.696615 0.438426 0.0713542 0.113889 0.484938
39 0.345313 0.169907 0.0104167 0.0546296 0.573138
0 0.0651042 0.554167 0.129167 0.862037 0.756866
0 0.836198 0.564815 0.216146 0.759259 0.833232
56 0.24974 0.775 0.252604 0.435185 0.875484
0 0.309115 0.611111 0.222396 0.748148 0.928114
