67 0.43099 0.632407 0.0526042 0.0259259 0.299853
24 0.56849 0.475463 0.114063 0.0712963 0.349237
26 0.56875 0.474537 0.114583 0.0712963 0.36611
0 0.360156 0.434259 0.0505208 0.127778 0.394554
0 0.345052 0.403704 0.0817708 0.190741 0.424749
67 0.739583 0.463889 0.0291667 0.0296296 0.428981
56 0.119531 0.651389 0.0609375 0.228704 0.462835
24 0.651563 0.448611 0.0510417 0.0842593 0.481639
24 0.694531 0.436574 0.0546875 0.112037 0.481921
24 0.466927 0.959259 0.122396 0.0777778 0.529815
56 0.638802 0.659722 0.134896 0.523148 0.58222
39 0.345313 0.169444 0.0104167 0.0537037 0.599927
0 0.835677 0.561574 0.217187 0.75463 0.849517
0 0.172135 0.468519 0.123438 0.307407 0.878825
56 0.235938 0.781944 0.263542 0.425 0.906508
0 0.0575521 0.551852 0.114063 0.875926 0.921433
0 0.316146 0.632407 0.255208 0.707407 0.928417
