56 0.79375 0.477315 0.053125 0.0638889 0.256039
56 0.644271 0.441204 0.0375 0.087963 0.263904
56 0.83151 0.671296 0.160938 0.45 0.368561
67 0.388021 0.469444 0.0177083 0.0277778 0.466525
67 0.8625 0.436111 0.0333333 0.0203704 0.560213
60 0.653385 0.725926 0.663021 0.507407 0.587153
39 0.345573 0.169907 0.00989583 0.0527778 0.6464
0 0.69349 0.595833 0.225521 0.706481 0.731623
0 0.922135 0.558333 0.155729 0.759259 0.754774
0 0.517187 0.506944 0.132292 0.621296 0.757854
0 0.259375 0.521759 0.1875 0.45463 0.759658
0 0.361458 0.413889 0.128125 0.198148 0.898416
56 0.19401 0.75463 0.181771 0.487037 0.913209
