56 0.657031 0.444907 0.114063 0.108333 0.317711
67 0.40599 0.634722 0.0526042 0.025 0.45681
24 0.44349 0.960185 0.121354 0.0740741 0.51971
24 0.655469 0.446296 0.114063 0.107407 0.53145
67 0.773438 0.327315 0.025 0.0490741 0.589329
39 0.319271 0.173611 0.0104167 0.0564815 0.697511
56 0.141406 0.549537 0.0807292 0.160185 0.819776
0 0.822917 0.549074 0.197917 0.731481 0.866836
0 0.265625 0.364815 0.158333 0.266667 0.916819
56 0.653385 0.74537 0.292188 0.501852 0.918312
56 0.24375 0.778241 0.241667 0.432407 0.921162
0 0.0354167 0.585648 0.0708333 0.671296 0.921229
0 0.322135 0.630556 0.265104 0.711111 0.927669
