39 0.277604 0.189815 0.0104167 0.0537037 0.412355
56 0.559115 0.681944 0.125521 0.452778 0.418537
56 0.23099 0.751852 0.0817708 0.335185 0.433219
60 0.539062 0.737037 0.676042 0.462963 0.440475
24 0.583333 0.484722 0.0708333 0.0805556 0.500215
56 0.789062 0.577315 0.10625 0.291667 0.589861
0 0.696875 0.335185 0.120833 0.418519 0.665943
24 0.102604 0.405093 0.134375 0.328704 0.722877
24 0.778646 0.347685 0.0989583 0.20463 0.739267
56 0.241927 0.512037 0.0630208 0.0648148 0.78403
0 0.489844 0.528241 0.130729 0.543519 0.800345
0 0.159635 0.546296 0.124479 0.881481 0.894773
56 0.792969 0.756481 0.264062 0.47037 0.903281
56 0.33125 0.789352 0.230208 0.410185 0.931506
