24 0.56849 0.475926 0.108854 0.0703704 0.251332
24 0.653906 0.443981 0.0567708 0.0953704 0.316081
24 0.697396 0.438426 0.0677083 0.113889 0.359177
56 0.127344 0.650926 0.0890625 0.305556 0.3776
26 0.56875 0.475463 0.113542 0.0712963 0.37827
24 0.466406 0.959259 0.124479 0.0777778 0.405204
67 0.740104 0.464815 0.028125 0.0314815 0.43446
67 0.43125 0.631481 0.0520833 0.0259259 0.459537
56 0.649219 0.657407 0.158854 0.540741 0.522545
0 0.381771 0.397685 0.08125 0.217593 0.559611
39 0.345313 0.169444 0.0104167 0.0537037 0.64075
0 0.836458 0.564352 0.216667 0.756481 0.831349
0 0.213281 0.438426 0.100521 0.365741 0.903936
56 0.240885 0.78287 0.256771 0.423148 0.915627
0 0.34375 0.630093 0.311458 0.710185 0.937108
