24 0.582812 0.468519 0.0854167 0.0574074 0.250943
56 0.780729 0.468056 0.053125 0.0694444 0.255463
60 0.453906 0.749074 0.214062 0.481481 0.28064
56 0.8 0.633796 0.101042 0.39537 0.311317
24 0.466667 0.95787 0.125 0.0787037 0.372002
67 0.43125 0.62963 0.0520833 0.0259259 0.415047
39 0.345313 0.167593 0.0104167 0.0537037 0.561741
24 0.680729 0.441667 0.111458 0.105556 0.591267
67 0.848177 0.409259 0.0276042 0.0518519 0.61712
0 0.874479 0.524074 0.179167 0.772222 0.852582
0 0.34375 0.618981 0.25 0.69537 0.859874
0 0.36875 0.394907 0.0645833 0.219444 0.875735
56 0.679688 0.743056 0.29375 0.50463 0.911778
56 0.266667 0.773611 0.233333 0.436111 0.92023
