26 0.576823 0.474074 0.0973958 0.0703704 0.277824
56 0.696615 0.439815 0.0578125 0.103704 0.285866
24 0.574479 0.475 0.101042 0.0703704 0.298291
56 0.888021 0.688889 0.219792 0.548148 0.300952
24 0.651563 0.443981 0.0510417 0.087963 0.468264
24 0.466927 0.958333 0.123438 0.0777778 0.471402
24 0.692969 0.440278 0.0640625 0.102778 0.509509
56 0.111979 0.639352 0.0979167 0.243519 0.56894
56 0.639063 0.660648 0.134375 0.50463 0.58118
39 0.345313 0.169444 0.0104167 0.0555556 0.649776
0 0.345313 0.534722 0.160417 0.484259 0.803267
0 0.150781 0.325463 0.150521 0.365741 0.830232
0 0.850781 0.56713 0.204688 0.830556 0.837138
0 0.178125 0.533796 0.217708 0.475 0.900612
56 0.238281 0.773148 0.281771 0.440741 0.91712
