26 0.570052 0.474537 0.111979 0.0712963 0.293476
24 0.569271 0.475 0.1125 0.0703704 0.297324
24 0.652604 0.44213 0.0552083 0.0916667 0.335714
60 0.614844 0.719444 0.751562 0.487037 0.361622
0 0.980208 0.310648 0.0395833 0.141667 0.406817
24 0.466667 0.958796 0.123958 0.0768519 0.46111
24 0.695052 0.440278 0.0796875 0.10463 0.492076
39 0.345313 0.168981 0.0104167 0.0546296 0.628035
56 0.113281 0.700463 0.0984375 0.363889 0.738546
0 0.340104 0.524537 0.135417 0.50463 0.793853
0 0.195833 0.335185 0.113542 0.272222 0.849342
0 0.822135 0.551852 0.214062 0.703704 0.853037
0 0.183594 0.5375 0.210938 0.458333 0.864189
56 0.23776 0.773611 0.279687 0.437963 0.936893
