67 0.384896 0.640741 0.0489583 0.0240741 0.286694
24 0.404427 0.95787 0.132812 0.0787037 0.399927
26 0.513802 0.469444 0.109896 0.0722222 0.478136
56 0.840365 0.528241 0.0598958 0.236111 0.506779
24 0.608333 0.443519 0.071875 0.0944444 0.513208
39 0.304427 0.14537 0.00989583 0.0537037 0.516308
56 0.715885 0.754167 0.273438 0.473148 0.803007
0 0.217708 0.397222 0.0697917 0.207407 0.863896
56 0.195573 0.773611 0.229687 0.437963 0.905723
0 0.766406 0.372222 0.148438 0.314815 0.908536
0 0.269792 0.632407 0.23125 0.681481 0.930251
0 0.63151 0.595833 0.244271 0.784259 0.934871
