56 0.698958 0.4375 0.0635417 0.115741 0.292678
56 0.63724 0.660648 0.129688 0.521296 0.396309
24 0.696354 0.4375 0.0614583 0.112037 0.42575
67 0.741406 0.464815 0.0317708 0.0351852 0.445676
24 0.466667 0.959259 0.123958 0.0777778 0.48384
26 0.568229 0.475 0.114583 0.0722222 0.484591
24 0.651302 0.448148 0.0505208 0.0833333 0.51057
67 0.430729 0.632407 0.053125 0.0259259 0.510593
39 0.345313 0.169907 0.0104167 0.0546296 0.656784
0 0.378125 0.413426 0.0895833 0.186111 0.739227
0 0.836458 0.560185 0.214583 0.75 0.832827
56 0.234375 0.780093 0.245833 0.428704 0.910047
0 0.18151 0.444444 0.0921875 0.390741 0.915536
0 0.338542 0.631944 0.304167 0.708333 0.937926
