26 0.328385 0.956944 0.0515625 0.0824074 0.285941
24 0.327865 0.956944 0.0526042 0.0824074 0.317095
56 0.265885 0.510185 0.0536458 0.0611111 0.378516
60 0.413281 0.609722 0.447396 0.221296 0.379354
27 0.890104 0.107407 0.102083 0.211111 0.46561
39 0.277865 0.189352 0.00989583 0.0546296 0.584037
56 0.554948 0.777315 0.118229 0.199074 0.623366
56 0.64349 0.878704 0.141146 0.235185 0.829901
56 0.138281 0.776852 0.196354 0.433333 0.852
67 0.873438 0.30787 0.107292 0.210185 0.866083
0 0.267188 0.387963 0.0770833 0.277778 0.900581
0 0.835938 0.490741 0.321875 0.97963 0.926964
0 0.196615 0.653704 0.199479 0.637037 0.936364
