27 0.786198 0.410185 0.0463542 0.0981481 0.398597
24 0.466146 0.959722 0.123958 0.0768519 0.400752
24 0.651823 0.447685 0.0505208 0.087963 0.494486
56 0.63776 0.666204 0.130729 0.506481 0.51724
56 0.974219 0.509722 0.0515625 0.267593 0.529149
56 0.274479 0.768519 0.263542 0.45 0.558714
39 0.345313 0.17037 0.0104167 0.0555556 0.649745
56 0.694271 0.4375 0.0541667 0.113889 0.716213
56 0.164844 0.756019 0.127604 0.476852 0.732293
0 0.854688 0.612963 0.2875 0.761111 0.821389
0 0.332552 0.596759 0.295312 0.760185 0.855497
0 0.195312 0.425 0.0833333 0.294444 0.901976
0 0.366406 0.403241 0.123438 0.221296 0.916657
