56 0.805469 0.834722 0.110937 0.149074 0.264425
60 0.598698 0.705556 0.493229 0.47963 0.291296
56 0.666667 0.440741 0.0729167 0.1 0.337702
26 0.571354 0.473611 0.1125 0.0712963 0.400669
24 0.570312 0.474074 0.113542 0.0703704 0.427453
0 0.1 0.391204 0.180208 0.312037 0.48864
0 0.30599 0.371759 0.0703125 0.186111 0.510396
24 0.467187 0.958796 0.122917 0.0787037 0.525191
24 0.663021 0.443981 0.0708333 0.087963 0.571265
56 0.778646 0.468519 0.0916667 0.0759259 0.575145
56 0.642187 0.633333 0.14375 0.483333 0.598993
39 0.345313 0.168981 0.0104167 0.0546296 0.608581
56 0.703125 0.456944 0.0333333 0.0731481 0.861636
0 0.392188 0.35463 0.05625 0.294444 0.870922
56 0.266146 0.774537 0.240625 0.441667 0.904205
0 0.35625 0.627778 0.257292 0.688889 0.911539
56 0.140104 0.744907 0.213542 0.500926 0.925847
0 0.917708 0.498611 0.164583 0.991667 0.946588
