56 0.650781 0.635185 0.158854 0.488889 0.265563
56 0.0888021 0.469907 0.0234375 0.087963 0.27645
24 0.651823 0.443056 0.0515625 0.0898148 0.318523
26 0.569271 0.474074 0.1125 0.0703704 0.325151
24 0.56875 0.475 0.1125 0.0703704 0.342911
24 0.679167 0.441204 0.103125 0.10463 0.485754
24 0.466667 0.958333 0.123958 0.0777778 0.504556
60 0.615625 0.724537 0.754167 0.49537 0.53283
0 0.968229 0.30787 0.0604167 0.123148 0.642346
39 0.345313 0.168981 0.0104167 0.0546296 0.65003
56 0.114844 0.703241 0.104687 0.371296 0.79115
0 0.339323 0.524537 0.128646 0.50463 0.834913
0 0.82474 0.551389 0.209896 0.69537 0.854144
0 0.138542 0.338426 0.0864583 0.384259 0.891096
0 0.208333 0.547222 0.173958 0.442593 0.899935
56 0.238021 0.773148 0.279167 0.440741 0.932078
