24 0.651302 0.444444 0.0505208 0.087037 0.26067
56 0.65 0.638426 0.15625 0.489815 0.291933
24 0.56875 0.475 0.1125 0.0703704 0.309663
0 0.980729 0.3125 0.0375 0.137963 0.327636
26 0.569531 0.474537 0.111979 0.0712963 0.342817
24 0.467448 0.958333 0.124479 0.0777778 0.444829
60 0.619792 0.715278 0.74375 0.480556 0.469731
24 0.679688 0.441204 0.103125 0.10463 0.474204
39 0.345313 0.169444 0.0104167 0.0555556 0.620742
56 0.114063 0.689352 0.1 0.343519 0.711333
0 0.341927 0.524074 0.131771 0.505556 0.818782
0 0.825 0.551389 0.209375 0.699074 0.860768
0 0.198958 0.539352 0.180208 0.460185 0.871814
0 0.186719 0.345833 0.129688 0.29537 0.88449
56 0.23724 0.775 0.283854 0.437037 0.93312
