67 0.846094 0.494444 0.0296875 0.0296296 0.268999
24 0.470833 0.960648 0.138542 0.0731481 0.420252
67 0.432813 0.632407 0.0520833 0.0240741 0.452355
56 0.801302 0.468519 0.0338542 0.0722222 0.512991
39 0.346094 0.172222 0.00989583 0.0555556 0.542125
0 0.89401 0.538889 0.182812 0.77037 0.808591
56 0.24974 0.772222 0.238021 0.446296 0.863103
56 0.621354 0.766667 0.2 0.451852 0.88863
0 0.258594 0.412963 0.0744792 0.22963 0.894159
0 0.317969 0.634259 0.223438 0.711111 0.922519
0 0.68151 0.56713 0.375521 0.843518 0.95243
