67 0.739323 0.463889 0.0286458 0.0333333 0.367323
24 0.56901 0.475926 0.111979 0.0703704 0.39198
26 0.569271 0.475463 0.111458 0.0712963 0.420824
56 0.6375 0.661574 0.132292 0.519444 0.427565
24 0.466406 0.958796 0.123438 0.0768519 0.432438
24 0.69349 0.4375 0.0598958 0.112037 0.465627
24 0.651563 0.448611 0.0510417 0.0824074 0.498032
0 0.290104 0.621759 0.265625 0.736111 0.58126
56 0.132292 0.580556 0.0604167 0.135185 0.600883
39 0.345573 0.169907 0.00989583 0.0546296 0.693817
56 0.238802 0.769907 0.263021 0.447222 0.697523
0 0.836719 0.564352 0.214062 0.758333 0.832578
0 0.370052 0.399074 0.116146 0.212963 0.903293
