26 0.489323 0.508333 0.109896 0.0722222 0.25964
24 0.489323 0.508333 0.108854 0.0722222 0.283519
56 0.263542 0.510648 0.0552083 0.062037 0.33633
39 0.277604 0.189815 0.009375 0.0574074 0.615048
56 0.560417 0.656944 0.132292 0.436111 0.793319
56 0.814844 0.497685 0.105729 0.150926 0.814808
56 0.7 0.506481 0.0677083 0.0722222 0.870692
0 0.285937 0.358796 0.0635417 0.341667 0.880346
56 0.236979 0.764352 0.223958 0.458333 0.906494
56 0.69375 0.750926 0.24375 0.483333 0.912895
0 0.0682292 0.556019 0.135417 0.539815 0.947886
