67 0.79349 0.480556 0.0255208 0.0259259 0.296378
27 0.36875 0.439815 0.0208333 0.0648148 0.336506
24 0.568229 0.475926 0.113542 0.0703704 0.336567
56 0.138281 0.637037 0.0661458 0.259259 0.37329
56 0.694792 0.4375 0.0541667 0.112037 0.373307
26 0.56849 0.475463 0.114063 0.0712963 0.395666
24 0.466406 0.958796 0.122396 0.0768519 0.452681
56 0.636979 0.663889 0.130208 0.512963 0.457911
0 0.385677 0.427778 0.0828125 0.155556 0.541995
24 0.651563 0.449074 0.0510417 0.0851852 0.55766
39 0.345313 0.170833 0.0104167 0.0546296 0.675709
24 0.69401 0.4375 0.0546875 0.112037 0.691193
56 0.164323 0.751389 0.124479 0.482407 0.793703
0 0.872135 0.554167 0.220313 0.758333 0.833441
0 0.36901 0.596296 0.249479 0.7 0.87552
56 0.278906 0.767593 0.261979 0.45 0.88228
0 0.225781 0.448611 0.121354 0.325 0.886086
