41 0.396615 0.509259 0.0192708 0.0351852 0.286646
56 0.694792 0.437037 0.0541667 0.112963 0.337681
56 0.6375 0.666204 0.133333 0.517593 0.405404
24 0.466406 0.958796 0.122396 0.0768519 0.490442
26 0.569792 0.475463 0.1125 0.0712963 0.493384
24 0.651563 0.448148 0.0510417 0.0851852 0.556068
24 0.69401 0.437037 0.0546875 0.111111 0.607862
0 0.395052 0.409722 0.0651042 0.197222 0.64171
56 0.178125 0.753704 0.15 0.477778 0.67078
39 0.345573 0.169444 0.00989583 0.0537037 0.671536
67 0.7625 0.462963 0.0322917 0.0351852 0.678225
56 0.279687 0.766667 0.267708 0.448148 0.740685
0 0.849219 0.54537 0.201562 0.796296 0.807784
0 0.366146 0.588889 0.244792 0.709259 0.890378
0 0.226823 0.431944 0.118229 0.287963 0.894402
