56 0.255729 0.510648 0.0364583 0.062037 0.301061
60 0.54974 0.734259 0.638021 0.474074 0.370572
24 0.580469 0.484722 0.0661458 0.0805556 0.42588
39 0.277604 0.189352 0.0104167 0.0546296 0.529782
56 0.558073 0.673148 0.123438 0.459259 0.679526
56 0.666667 0.503704 0.0833333 0.0666667 0.705638
24 0.802865 0.356019 0.102604 0.182407 0.746252
0 0.479688 0.534259 0.126042 0.531482 0.794885
0 0.733594 0.341204 0.150521 0.415741 0.827334
24 0.135156 0.435648 0.152604 0.325 0.832126
0 0.194531 0.562037 0.161979 0.864815 0.834613
56 0.792448 0.75463 0.264062 0.47037 0.869003
56 0.332812 0.796296 0.226042 0.394444 0.89419
