60 0.494792 0.736111 0.705208 0.5 0.306756
26 0.489062 0.505093 0.103125 0.075 0.327231
56 0.553906 0.781482 0.109896 0.194444 0.336565
56 0.365885 0.470833 0.0432292 0.110185 0.340613
67 0.665885 0.356481 0.0265625 0.0388889 0.39416
56 0.5625 0.666667 0.133333 0.424074 0.445412
39 0.277865 0.190278 0.00989583 0.0546296 0.592557
56 0.817708 0.50787 0.05 0.125 0.653469
56 0.704948 0.879167 0.261979 0.234259 0.692569
0 0.220833 0.451852 0.133333 0.214815 0.751098
0 0.733854 0.417593 0.164583 0.342593 0.766045
0 0.447656 0.521296 0.132812 0.622222 0.800135
56 0.258333 0.78287 0.188542 0.419444 0.920477
