24 0.651563 0.443519 0.0520833 0.0888889 0.294049
0 0.978646 0.312963 0.0427083 0.131481 0.307345
26 0.566927 0.474074 0.116146 0.0703704 0.327487
24 0.566406 0.474537 0.116146 0.0712963 0.349144
0 0.41224 0.420833 0.0921875 0.158333 0.457678
24 0.466667 0.958796 0.123958 0.0787037 0.481102
24 0.678906 0.441204 0.103646 0.10463 0.484036
60 0.618229 0.724074 0.7375 0.5 0.493228
56 0.10599 0.634259 0.0911458 0.240741 0.596347
39 0.345313 0.168981 0.0104167 0.0546296 0.606299
0 0.341667 0.528241 0.134375 0.50463 0.715779
0 0.82474 0.553704 0.209896 0.685185 0.850387
0 0.200781 0.536111 0.207813 0.462963 0.892983
0 0.129948 0.332407 0.135937 0.374074 0.90621
56 0.236719 0.773611 0.283854 0.441667 0.931357
