26 0.579167 0.475463 0.08125 0.0694444 0.3629
56 0.831771 0.673148 0.161458 0.453704 0.371458
67 0.388281 0.468519 0.0182292 0.0259259 0.407139
67 0.859635 0.436111 0.0286458 0.0203704 0.524467
60 0.652865 0.726389 0.661979 0.506481 0.554099
39 0.345573 0.17037 0.00989583 0.0537037 0.649297
0 0.695312 0.588426 0.227083 0.687963 0.738946
0 0.921615 0.561574 0.155729 0.763889 0.748281
0 0.258333 0.512037 0.186458 0.446296 0.793637
0 0.524479 0.4875 0.128125 0.625 0.806975
56 0.195312 0.755093 0.185417 0.486111 0.895192
0 0.361458 0.412037 0.128125 0.201852 0.897052
