60 0.417708 0.751852 0.426042 0.464815 0.410657
39 0.277604 0.189352 0.0104167 0.0546296 0.519308
24 0.572135 0.493519 0.101562 0.138889 0.676791
24 0.275 0.493519 0.0697917 0.0944444 0.723706
0 0.140365 0.364815 0.0994792 0.198148 0.799197
56 0.745313 0.780556 0.257292 0.425926 0.901153
56 0.116667 0.773148 0.2125 0.448148 0.903632
0 0.399219 0.516204 0.125521 0.641667 0.907787
0 0.828385 0.484259 0.158854 0.461111 0.908679
0 0.194271 0.652778 0.2375 0.677778 0.92646
0 0.678125 0.60787 0.234375 0.762037 0.935588
