24 0.691667 0.341667 0.157292 0.381481 0.314571
24 0.580729 0.485185 0.065625 0.0796296 0.386852
60 0.54401 0.738426 0.624479 0.478704 0.389809
56 0.558854 0.673148 0.129167 0.468519 0.401576
56 0.770833 0.562037 0.141667 0.262963 0.490112
39 0.277604 0.189815 0.0104167 0.0537037 0.524159
24 0.757812 0.377778 0.1 0.212963 0.706906
56 0.251823 0.510648 0.0453125 0.0601852 0.751833
0 0.485938 0.52963 0.128125 0.533333 0.799218
24 0.127865 0.408333 0.144271 0.318519 0.841525
0 0.181771 0.551852 0.129167 0.875926 0.895433
0 0.679167 0.337963 0.133333 0.405556 0.909113
56 0.791927 0.756019 0.265104 0.471296 0.912353
56 0.33099 0.787037 0.228646 0.412963 0.930002
