0 0.746615 0.273148 0.0380208 0.0851852 0.266176
24 0.579948 0.484722 0.0651042 0.0805556 0.295128
56 0.353646 0.473611 0.0520833 0.100926 0.410883
60 0.546094 0.731944 0.634896 0.482407 0.425672
0 0.763021 0.353704 0.0729167 0.244444 0.444694
24 0.74349 0.376852 0.108854 0.216667 0.502772
39 0.277604 0.189815 0.0104167 0.0537037 0.540046
56 0.786719 0.558796 0.108854 0.25463 0.572919
56 0.653125 0.501389 0.0541667 0.0657407 0.616048
56 0.557813 0.674537 0.121875 0.460185 0.677712
56 0.251302 0.510648 0.0442708 0.062037 0.760249
0 0.485938 0.529167 0.127083 0.532407 0.769175
24 0.129167 0.408796 0.144792 0.317593 0.841827
0 0.182552 0.553704 0.126563 0.872222 0.899126
56 0.792188 0.756019 0.264583 0.471296 0.906687
0 0.672135 0.337037 0.148438 0.403704 0.908069
56 0.33125 0.787037 0.228125 0.412963 0.931185
