60 0.507552 0.731481 0.777604 0.488889 0.292076
56 0.553906 0.780093 0.110937 0.19537 0.309692
56 0.366406 0.459259 0.0421875 0.133333 0.368103
56 0.259635 0.514352 0.0442708 0.0546296 0.456814
56 0.5625 0.654167 0.135417 0.439815 0.469737
39 0.277865 0.190278 0.00989583 0.0546296 0.608696
56 0.817187 0.507407 0.0510417 0.124074 0.613516
56 0.705469 0.878704 0.263021 0.233333 0.697513
0 0.732813 0.414352 0.165625 0.337963 0.76942
0 0.447396 0.522222 0.133333 0.622222 0.84389
56 0.25651 0.783796 0.192188 0.417593 0.896175
0 0.174219 0.605093 0.138021 0.512037 0.897938
