60 0.428385 0.734259 0.515104 0.503704 0.25946
26 0.261979 0.497685 0.075 0.0898148 0.27493
27 0.298177 0.402778 0.0140625 0.0611111 0.32026
24 0.260417 0.497222 0.075 0.0925926 0.337391
39 0.277344 0.189352 0.00989583 0.0546296 0.609256
0 0.296615 0.400463 0.114063 0.271296 0.660457
56 0.560938 0.656944 0.133333 0.436111 0.769083
56 0.814583 0.497222 0.105208 0.151852 0.795931
56 0.7 0.506944 0.0677083 0.0712963 0.869996
56 0.69401 0.750926 0.245312 0.483333 0.906737
56 0.235938 0.766667 0.225 0.457407 0.916852
0 0.0921875 0.525926 0.145833 0.633333 0.938926
