67 0.43099 0.631944 0.0526042 0.0268519 0.302034
0 0.972396 0.317593 0.0552083 0.118519 0.30865
26 0.56875 0.475 0.113542 0.0703704 0.318298
24 0.56849 0.475463 0.113021 0.0712963 0.326995
0 0.373177 0.437037 0.0494792 0.109259 0.327621
67 0.739583 0.465278 0.028125 0.0287037 0.399099
24 0.652083 0.446296 0.053125 0.0888889 0.479002
24 0.693229 0.436574 0.0552083 0.112037 0.48156
56 0.639323 0.660185 0.136979 0.518519 0.544293
24 0.465885 0.959259 0.125521 0.0777778 0.545537
39 0.345313 0.169444 0.0104167 0.0555556 0.571676
56 0.113281 0.634259 0.0921875 0.257407 0.786094
0 0.83724 0.568519 0.215104 0.774074 0.838839
56 0.240885 0.781482 0.265104 0.424074 0.89481
0 0.164062 0.471759 0.140625 0.34537 0.898994
0 0.33151 0.631019 0.266146 0.70463 0.91845
