60 0.410156 0.750926 0.448438 0.464815 0.409046
24 0.575 0.490278 0.10625 0.132407 0.542118
0 0.0333333 0.949537 0.0666667 0.0935185 0.54406
39 0.277344 0.189352 0.00989583 0.0546296 0.560184
56 0.861719 0.535648 0.0401042 0.193519 0.644657
56 0.554427 0.781018 0.117188 0.197222 0.676615
24 0.272396 0.494444 0.0739583 0.0944444 0.760276
0 0.383333 0.497222 0.120833 0.640741 0.871568
0 0.811458 0.386574 0.1 0.358333 0.898935
56 0.236719 0.76713 0.223438 0.458333 0.924793
56 0.744792 0.793981 0.245833 0.397222 0.927641
0 0.691667 0.59537 0.261458 0.787037 0.927946
