67 0.389323 0.471296 0.0213542 0.0166667 0.288147
56 0.799479 0.476852 0.04375 0.0648148 0.357619
60 0.653125 0.729167 0.661458 0.510185 0.490603
24 0.65651 0.440278 0.0630208 0.102778 0.567189
67 0.861458 0.437037 0.0333333 0.0203704 0.634652
39 0.345573 0.17037 0.00989583 0.0537037 0.652042
0 0.713802 0.568519 0.178646 0.677778 0.691324
0 0.259115 0.574537 0.186979 0.556481 0.71426
0 0.921354 0.559259 0.15625 0.761111 0.722416
0 0.521354 0.505556 0.125 0.587037 0.765084
0 0.3625 0.412037 0.132292 0.203704 0.903837
56 0.19375 0.755093 0.182292 0.486111 0.916422
