24 0.486198 0.514815 0.113021 0.0759259 0.317957
60 0.395052 0.623148 0.385938 0.209259 0.335898
56 0.828125 0.519907 0.0552083 0.141667 0.404353
26 0.485938 0.514815 0.1125 0.0759259 0.459774
24 0.582812 0.479167 0.071875 0.100926 0.539607
39 0.270833 0.180093 0.0104167 0.0564815 0.558071
0 0.23099 0.491204 0.0755208 0.137963 0.583843
0 0.749479 0.411111 0.153125 0.327778 0.719236
56 0.679688 0.780093 0.2875 0.419444 0.837062
56 0.147917 0.809259 0.252083 0.368519 0.912458
0 0.595573 0.605556 0.264062 0.772222 0.932291
0 0.213021 0.652315 0.246875 0.678704 0.934328
