0 0.669531 0.327315 0.106771 0.321296 0.263276
24 0.652604 0.443519 0.0489583 0.0907407 0.304657
0 0.977344 0.313426 0.0453125 0.115741 0.309575
26 0.652344 0.443519 0.0505208 0.0907407 0.318181
67 0.43125 0.631481 0.0510417 0.0259259 0.417172
26 0.571354 0.475 0.102083 0.0722222 0.428476
56 0.744531 0.467593 0.0890625 0.062963 0.450122
0 0.652865 0.545833 0.146354 0.741667 0.550654
24 0.466406 0.959259 0.123438 0.0777778 0.551461
39 0.345313 0.168981 0.0104167 0.0546296 0.602112
56 0.11224 0.64213 0.0932292 0.250926 0.787084
0 0.870573 0.572222 0.227604 0.814815 0.88344
56 0.241406 0.780556 0.266146 0.425926 0.888111
0 0.16849 0.476389 0.129688 0.347222 0.893936
0 0.336198 0.634259 0.275521 0.709259 0.926566
