56 0.936198 0.643056 0.127604 0.547222 0.255475
26 0.580208 0.472685 0.0854167 0.0694444 0.258485
24 0.578125 0.473611 0.0885417 0.0694444 0.279013
56 0.970833 0.644907 0.0583333 0.549074 0.40916
67 0.80651 0.470833 0.0359375 0.0194444 0.422624
67 0.43151 0.62963 0.0515625 0.0259259 0.428493
24 0.466667 0.95787 0.123958 0.0787037 0.440543
56 0.68151 0.440278 0.114063 0.110185 0.493887
39 0.345313 0.167593 0.0104167 0.0537037 0.563223
24 0.680469 0.441667 0.113021 0.105556 0.589871
56 0.775521 0.466667 0.0427083 0.0703704 0.767621
0 0.376823 0.395833 0.0588542 0.213889 0.856217
0 0.876562 0.528241 0.185417 0.787963 0.867766
56 0.688281 0.741204 0.261979 0.50463 0.898618
0 0.350781 0.622222 0.267188 0.716667 0.906401
0 0.0575521 0.608796 0.114063 0.765741 0.921531
56 0.263802 0.772685 0.225521 0.434259 0.927491
