60 0.535937 0.731944 0.592708 0.458333 0.26149
24 0.579948 0.483796 0.0651042 0.0805556 0.366005
56 0.254167 0.509259 0.0416667 0.0611111 0.414876
39 0.277604 0.189352 0.0104167 0.0546296 0.461694
56 0.558073 0.671296 0.122396 0.453704 0.658182
56 0.6625 0.504167 0.075 0.0675926 0.680916
24 0.8 0.348148 0.0947917 0.181481 0.762423
24 0.133333 0.437037 0.148958 0.312963 0.803081
0 0.477604 0.537963 0.126042 0.548148 0.813424
0 0.732031 0.339815 0.164062 0.414815 0.82928
56 0.792448 0.753704 0.264062 0.47037 0.865537
0 0.209635 0.559722 0.167187 0.867593 0.908947
56 0.331771 0.789352 0.228125 0.406481 0.914259
