56 0.553125 0.781482 0.109375 0.196296 0.255012
26 0.490885 0.506019 0.102604 0.0731481 0.298579
60 0.494271 0.735648 0.719792 0.500926 0.309956
56 0.357812 0.451389 0.0572917 0.14537 0.478975
56 0.563542 0.655093 0.1375 0.441667 0.542219
39 0.277865 0.189815 0.00989583 0.0555556 0.608682
56 0.817187 0.507407 0.0510417 0.124074 0.676826
56 0.705469 0.879167 0.261979 0.234259 0.681666
56 0.266667 0.510185 0.0541667 0.0611111 0.682281
0 0.447656 0.521296 0.132812 0.622222 0.839888
0 0.733073 0.397222 0.164062 0.303704 0.847303
56 0.258333 0.783333 0.189583 0.416667 0.902559
0 0.0549479 0.618981 0.107813 0.737963 0.926834
