67 0.338021 0.691667 0.0489583 0.0277778 0.271568
24 0.466927 0.515741 0.107813 0.0740741 0.370901
56 0.788281 0.543519 0.0578125 0.187037 0.48218
26 0.467187 0.515741 0.10625 0.0740741 0.50327
39 0.253906 0.198148 0.0109375 0.0555556 0.544587
24 0.557552 0.485648 0.0671875 0.0916667 0.607325
0 0.165885 0.450926 0.0671875 0.207407 0.775807
56 0.667969 0.774537 0.267188 0.434259 0.784027
0 0.714844 0.4125 0.149479 0.308333 0.89915
0 0.5875 0.618981 0.233333 0.762037 0.904816
56 0.145573 0.808333 0.233854 0.372222 0.917743
0 0.219792 0.67037 0.232292 0.638889 0.938528
