24 0.597917 0.476389 0.101042 0.10463 0.371302
56 0.553125 0.781482 0.111458 0.2 0.430976
39 0.277344 0.189815 0.00989583 0.0537037 0.458466
56 0.569531 0.656018 0.150521 0.441667 0.546431
56 0.216667 0.875 0.152083 0.244444 0.564984
56 0.816406 0.498148 0.104687 0.153704 0.566044
56 0.715104 0.87963 0.285417 0.233333 0.597246
56 0.263281 0.509722 0.0567708 0.062037 0.621718
56 0.70599 0.484722 0.0536458 0.0268519 0.635216
0 0.229948 0.664352 0.131771 0.641667 0.658931
0 0.100781 0.49213 0.197396 0.973148 0.826084
0 0.266146 0.388426 0.078125 0.284259 0.898677
