0 0.363542 0.437037 0.0385417 0.107407 0.254505
26 0.576823 0.476852 0.0963542 0.0666667 0.352464
56 0.740104 0.465741 0.0864583 0.0592593 0.3658
67 0.43099 0.631944 0.0526042 0.0268519 0.48912
0 0.977083 0.32037 0.0458333 0.125926 0.513174
24 0.466146 0.958796 0.122917 0.0768519 0.53802
56 0.674479 0.677778 0.204167 0.490741 0.550202
56 0.694271 0.436111 0.0541667 0.112963 0.554822
39 0.345313 0.168981 0.0104167 0.0546296 0.56206
24 0.652604 0.452315 0.0520833 0.075 0.569533
24 0.694271 0.436111 0.053125 0.111111 0.610875
56 0.11224 0.642593 0.0921875 0.251852 0.774904
0 0.836979 0.568056 0.214583 0.778704 0.849445
0 0.532292 0.494907 0.132292 0.656482 0.864048
0 0.170573 0.475 0.129688 0.337037 0.877248
56 0.242448 0.781018 0.266146 0.425 0.887251
0 0.332031 0.632407 0.268229 0.711111 0.942091
