24 0.68151 0.438889 0.113021 0.109259 0.342173
56 0.652865 0.638426 0.161979 0.475 0.355979
24 0.568229 0.473611 0.115625 0.0712963 0.356049
0 0.981771 0.32037 0.0354167 0.103704 0.408232
26 0.56875 0.473611 0.114583 0.0712963 0.409332
67 0.43125 0.630556 0.0520833 0.0259259 0.461222
24 0.467448 0.958796 0.123438 0.0787037 0.537081
39 0.345313 0.168519 0.0104167 0.0537037 0.538232
56 0.948698 0.640741 0.102604 0.52037 0.55526
0 0.858854 0.591667 0.204167 0.803704 0.699422
56 0.259896 0.774537 0.233333 0.441667 0.913951
56 0.135677 0.743519 0.222396 0.505556 0.924729
0 0.358594 0.625463 0.270312 0.708333 0.92495
