56 0.696094 0.437963 0.0567708 0.112963 0.294203
56 0.134896 0.596296 0.065625 0.168519 0.317246
24 0.571875 0.475926 0.10625 0.0703704 0.357795
24 0.466146 0.958796 0.123958 0.0768519 0.364096
26 0.572396 0.475463 0.105208 0.0712963 0.378571
56 0.63724 0.6625 0.130729 0.517593 0.420423
0 0.250521 0.362037 0.119792 0.135185 0.432177
24 0.651563 0.447222 0.0510417 0.0888889 0.540624
24 0.694792 0.4375 0.0552083 0.112037 0.548865
39 0.345313 0.169907 0.0104167 0.0527778 0.679649
56 0.24349 0.778704 0.256771 0.427778 0.727848
0 0.8375 0.5625 0.213542 0.756481 0.830018
0 0.295052 0.609722 0.256771 0.763889 0.883098
0 0.369792 0.399074 0.116667 0.211111 0.904501
