56 0.0888021 0.469444 0.0234375 0.087037 0.263731
56 0.64974 0.633796 0.155729 0.489815 0.283025
26 0.56875 0.474074 0.114583 0.0703704 0.312546
24 0.56849 0.475 0.114063 0.0703704 0.31735
0 0.341667 0.390741 0.119792 0.238889 0.327086
24 0.651563 0.443519 0.0510417 0.0888889 0.369406
24 0.679688 0.441204 0.102083 0.10463 0.427802
60 0.616406 0.721759 0.746354 0.497222 0.481133
24 0.467187 0.958333 0.123958 0.0777778 0.481608
0 0.0158854 0.461574 0.0317708 0.362037 0.519168
39 0.345313 0.168981 0.0104167 0.0546296 0.617426
0 0.964583 0.30787 0.0635417 0.123148 0.701143
56 0.115104 0.702315 0.103125 0.373148 0.775708
0 0.341146 0.524074 0.13125 0.501852 0.838012
0 0.824479 0.549074 0.209375 0.692593 0.853773
0 0.210417 0.544907 0.172917 0.449074 0.878092
0 0.140365 0.337963 0.0921875 0.388889 0.905164
56 0.2375 0.774537 0.283333 0.441667 0.92987
