56 0.638021 0.662963 0.13125 0.511111 0.278168
67 0.740104 0.465278 0.0302083 0.0305556 0.403865
24 0.69375 0.4375 0.059375 0.112037 0.419702
24 0.652344 0.45 0.0515625 0.0796296 0.484916
26 0.571615 0.475 0.107813 0.0722222 0.489777
24 0.466927 0.959259 0.122396 0.0777778 0.544013
56 0.110937 0.756019 0.182292 0.467593 0.703034
0 0.136719 0.522222 0.165104 0.455556 0.797998
0 0.836979 0.561111 0.214583 0.753704 0.832907
56 0.2375 0.781482 0.251042 0.422222 0.88885
0 0.372396 0.328241 0.103125 0.341667 0.896631
0 0.310677 0.640741 0.246354 0.694444 0.924139
