0 0.378646 0.443519 0.05625 0.124074 0.257438
56 0.969531 0.647222 0.0609375 0.533333 0.269414
24 0.464844 0.957407 0.128646 0.0777778 0.346761
24 0.68151 0.438889 0.113021 0.109259 0.380899
67 0.43151 0.630093 0.0526042 0.0268519 0.456061
26 0.567708 0.473611 0.116667 0.0712963 0.463908
56 0.653125 0.6375 0.164583 0.478704 0.485397
56 0.774479 0.468519 0.0614583 0.0722222 0.497931
0 0.979167 0.3125 0.0416667 0.119444 0.540275
39 0.345313 0.168056 0.0104167 0.0527778 0.573842
0 0.869531 0.582407 0.216146 0.812963 0.750775
0 0.186719 0.405556 0.0880208 0.362963 0.904948
56 0.133854 0.74213 0.217708 0.50463 0.918411
56 0.265104 0.776852 0.245833 0.435185 0.919159
0 0.364062 0.623148 0.297917 0.714815 0.942111
