24 0.0221354 0.716204 0.0442708 0.226852 0.338466
56 0.0221354 0.714352 0.0442708 0.225 0.338934
56 0.573698 0.637037 0.158854 0.45 0.344806
39 0.277344 0.189352 0.00989583 0.0546296 0.522485
0 0.283594 0.471296 0.0661458 0.133333 0.559807
24 0.588281 0.49213 0.133854 0.14537 0.739781
56 0.74974 0.783333 0.259896 0.42037 0.90118
56 0.132031 0.789815 0.175521 0.401852 0.905015
0 0.825521 0.390741 0.117708 0.357407 0.906273
0 0.688281 0.6 0.280729 0.783333 0.939152
0 0.260677 0.651852 0.260938 0.677778 0.949233
