24 0.69349 0.340741 0.161979 0.387037 0.302163
24 0.579948 0.484722 0.0651042 0.0787037 0.34131
60 0.546094 0.735648 0.631771 0.476852 0.400681
56 0.773698 0.564352 0.135937 0.267593 0.496944
39 0.277604 0.189352 0.0104167 0.0546296 0.504309
56 0.557552 0.673611 0.123438 0.463889 0.570684
24 0.760938 0.375463 0.0833333 0.212037 0.73389
56 0.251042 0.510648 0.0447917 0.0601852 0.756974
0 0.485938 0.52963 0.128125 0.535185 0.766746
24 0.129427 0.40787 0.143229 0.313889 0.838966
0 0.183073 0.553241 0.126563 0.875 0.901858
56 0.791667 0.756481 0.265625 0.47037 0.90952
0 0.679688 0.337963 0.133333 0.407407 0.911038
56 0.330469 0.787037 0.229687 0.412963 0.930958
