56 0.971354 0.645833 0.0572917 0.547222 0.364453
67 0.43151 0.630093 0.0515625 0.0268519 0.400447
24 0.466406 0.95787 0.125521 0.0787037 0.467691
56 0.681771 0.439815 0.113542 0.114815 0.478798
0 0.379167 0.396296 0.0520833 0.212963 0.493377
39 0.345313 0.168056 0.0104167 0.0546296 0.57643
24 0.680729 0.441667 0.1125 0.105556 0.589616
56 0.776042 0.466204 0.04375 0.0712963 0.613786
67 0.820573 0.466204 0.0359375 0.0212963 0.642237
0 0.873958 0.527315 0.184375 0.784259 0.883737
56 0.683333 0.744907 0.282292 0.500926 0.907137
0 0.354688 0.625 0.266667 0.696296 0.922076
56 0.264844 0.770833 0.227604 0.436111 0.92521
