24 0.327865 0.956481 0.0526042 0.0833333 0.25885
60 0.41276 0.615741 0.445312 0.25 0.290734
41 0.93125 0.14537 0.090625 0.266667 0.328967
56 0.264844 0.510185 0.0536458 0.0592593 0.385893
56 0.554688 0.779167 0.11875 0.19537 0.431287
24 0.597917 0.476852 0.101042 0.105556 0.465853
39 0.277865 0.189352 0.00989583 0.0546296 0.613806
56 0.644271 0.879167 0.142708 0.234259 0.794697
56 0.139583 0.776852 0.2 0.431481 0.845406
67 0.940104 0.14213 0.111458 0.278704 0.863081
0 0.266146 0.391204 0.0791667 0.280556 0.907547
0 0.859896 0.493056 0.276042 0.984259 0.924902
0 0.196875 0.653241 0.198958 0.636111 0.938108
