24 0.480208 0.75463 0.0760417 0.168519 0.281102
67 0.816927 0.353241 0.0276042 0.0138889 0.308759
27 0.857292 0.25 0.0208333 0.174074 0.325993
0 0.404427 0.656482 0.217187 0.642593 0.329903
67 0.385938 0.461574 0.0197917 0.0194444 0.3328
56 0.782031 0.629167 0.0630208 0.371296 0.339937
56 0.695052 0.799537 0.244271 0.169444 0.364392
26 0.548958 0.475463 0.127083 0.0731481 0.46657
0 0.259375 0.543981 0.1875 0.484259 0.681483
39 0.345573 0.171296 0.00989583 0.0555556 0.684803
0 0.713802 0.570833 0.182812 0.643519 0.728691
0 0.366406 0.425 0.132812 0.174074 0.826581
0 0.903125 0.49537 0.190625 0.990741 0.889166
56 0.19401 0.75463 0.182812 0.487037 0.913534
