41 0.395833 0.425 0.034375 0.0333333 0.288937
24 0.54401 0.489352 0.0661458 0.0935185 0.3082
67 0.324219 0.701852 0.0484375 0.0240741 0.370112
56 0.775521 0.521296 0.053125 0.135185 0.411293
39 0.239063 0.203704 0.009375 0.0555556 0.548513
0 0.150781 0.462963 0.0682292 0.214815 0.759081
56 0.646094 0.776852 0.253646 0.42963 0.765103
0 0.70026 0.418519 0.148438 0.305556 0.891837
56 0.130469 0.811574 0.232812 0.362037 0.911088
0 0.570052 0.618056 0.244271 0.747222 0.928256
0 0.209115 0.671296 0.234896 0.635185 0.937765
