24 0.597656 0.477315 0.101562 0.10463 0.277008
27 0.220052 0.476389 0.0994792 0.162037 0.291787
56 0.358333 0.462963 0.0552083 0.124074 0.313346
27 0.220573 0.485648 0.0244792 0.0638889 0.337443
56 0.834375 0.511111 0.0197917 0.116667 0.408772
39 0.277865 0.190278 0.00989583 0.0546296 0.566718
56 0.70599 0.879167 0.263021 0.234259 0.662717
56 0.56901 0.65463 0.149479 0.442593 0.679042
0 0.221875 0.447222 0.135417 0.214815 0.73153
0 0.763021 0.395833 0.136458 0.337963 0.778862
0 0.447656 0.52963 0.133854 0.605556 0.829526
56 0.258073 0.78287 0.189063 0.419444 0.91666
