26 0.570312 0.474537 0.109375 0.0712963 0.30836
24 0.477604 0.753241 0.06875 0.171296 0.340906
24 0.570052 0.475463 0.109896 0.0712963 0.347324
67 0.43125 0.631019 0.0510417 0.0268519 0.38828
56 0.869531 0.700463 0.231771 0.569444 0.49109
24 0.675 0.439815 0.096875 0.103704 0.525475
0 0.173698 0.297685 0.0713542 0.180556 0.545889
24 0.466406 0.958796 0.123438 0.0787037 0.568531
39 0.345313 0.168981 0.0104167 0.0546296 0.581377
56 0.646615 0.656018 0.151562 0.512037 0.598087
0 0.971875 0.312037 0.0552083 0.116667 0.678122
56 0.1125 0.643056 0.0927083 0.252778 0.846009
0 0.169792 0.474537 0.130208 0.337963 0.85708
0 0.845312 0.560185 0.203125 0.816667 0.860008
56 0.240885 0.781944 0.267188 0.423148 0.899881
0 0.338021 0.635185 0.278125 0.707407 0.934997
