24 0.478125 0.752315 0.0677083 0.167593 0.280551
56 0.69401 0.44213 0.0661458 0.0972222 0.289891
0 0.97474 0.3125 0.0505208 0.117593 0.294623
56 0.872656 0.700926 0.236979 0.564815 0.302915
24 0.572396 0.475463 0.10625 0.0712963 0.344672
26 0.573438 0.475463 0.105208 0.0712963 0.377827
67 0.43125 0.631481 0.0510417 0.0259259 0.382481
56 0.74375 0.468056 0.090625 0.0638889 0.42243
24 0.652865 0.442593 0.0546875 0.0925926 0.428695
24 0.691406 0.440278 0.0671875 0.102778 0.475256
0 0.292448 0.336111 0.0338542 0.103704 0.485604
56 0.645833 0.659722 0.148958 0.506481 0.564393
39 0.345313 0.168981 0.0104167 0.0527778 0.576242
24 0.466406 0.958796 0.123438 0.0787037 0.579692
56 0.11276 0.64213 0.0932292 0.250926 0.791065
0 0.859896 0.566204 0.215625 0.815741 0.86686
0 0.170052 0.477778 0.130729 0.346296 0.880772
56 0.241406 0.780093 0.265104 0.426852 0.887598
0 0.400781 0.348148 0.0994792 0.303704 0.891947
0 0.335677 0.634259 0.273438 0.707407 0.932375
