60 0.463542 0.733796 0.566667 0.510185 0.251457
67 0.786979 0.315741 0.0177083 0.0259259 0.269795
56 0.0494792 0.734722 0.0385417 0.221296 0.278373
26 0.595052 0.492593 0.136979 0.140741 0.316053
39 0.277604 0.189815 0.0104167 0.0537037 0.53942
24 0.595833 0.493519 0.135417 0.140741 0.643699
56 0.776563 0.587963 0.109375 0.316667 0.659781
56 0.682813 0.505556 0.05625 0.0740741 0.664155
56 0.259635 0.688426 0.165104 0.423148 0.709729
0 0.499479 0.530093 0.13125 0.534259 0.780174
0 0.809635 0.43287 0.118229 0.639815 0.786906
0 0.0330729 0.628704 0.0661458 0.72037 0.850449
56 0.793229 0.760648 0.267708 0.463889 0.919526
56 0.167187 0.773148 0.204167 0.437037 0.926513
