0 0.257552 0.381481 0.117188 0.211111 0.320086
0 0.232552 0.371759 0.0598958 0.178704 0.339439
0 0.814323 0.506019 0.168229 0.663889 0.432791
39 0.323438 0.15463 0.0114583 0.0574074 0.449543
67 0.408594 0.616204 0.0515625 0.025 0.475721
24 0.436719 0.956481 0.138021 0.0814815 0.495627
56 0.840625 0.64213 0.152083 0.513889 0.497601
0 0.293229 0.622222 0.232292 0.72963 0.836823
56 0.695573 0.734722 0.260938 0.513889 0.86992
56 0.227604 0.763426 0.244792 0.45463 0.927531
0 0.615625 0.560648 0.257292 0.860185 0.936815
