56 0.665625 0.4375 0.075 0.108333 0.308423
26 0.578385 0.474537 0.0953125 0.0694444 0.313158
67 0.43151 0.630556 0.0515625 0.0259259 0.397316
26 0.550781 0.404167 0.0588542 0.123148 0.404984
56 0.859115 0.65463 0.170312 0.538889 0.41112
56 0.44375 0.451389 0.05625 0.0935185 0.433227
24 0.664062 0.441204 0.0739583 0.0935185 0.522147
39 0.345313 0.168519 0.0104167 0.0537037 0.542033
56 0.876562 0.447685 0.0729167 0.128704 0.572191
56 0.78151 0.468519 0.0869792 0.0740741 0.573598
24 0.466667 0.958796 0.125 0.0787037 0.585078
56 0.642187 0.6375 0.141667 0.482407 0.598263
0 0.945052 0.501389 0.109896 0.886111 0.668902
0 0.764583 0.281944 0.096875 0.193519 0.676973
0 0.516667 0.339815 0.117708 0.303704 0.741826
56 0.703125 0.456481 0.0333333 0.0740741 0.830665
56 0.136198 0.743056 0.222396 0.50463 0.926313
56 0.26849 0.775 0.250521 0.438889 0.931279
0 0.358854 0.628241 0.272917 0.710185 0.933387
