56 0.549479 0.781944 0.105208 0.193519 0.276195
26 0.488802 0.509259 0.107813 0.0722222 0.35239
56 0.834635 0.511111 0.0203125 0.114815 0.444829
39 0.277865 0.190278 0.00989583 0.0546296 0.548172
56 0.567448 0.652778 0.147396 0.444444 0.553316
56 0.705729 0.87963 0.2625 0.233333 0.653831
0 0.0221354 0.5875 0.0432292 0.317593 0.766259
0 0.765365 0.39537 0.131771 0.335185 0.865257
0 0.190104 0.444444 0.071875 0.194444 0.866769
56 0.171875 0.801389 0.226042 0.384259 0.922069
0 0.246094 0.667593 0.230729 0.646296 0.932569
