26 0.490104 0.508796 0.110417 0.0712963 0.259251
24 0.490104 0.508796 0.109375 0.0712963 0.26838
24 0.597396 0.476389 0.101042 0.10463 0.273009
56 0.834896 0.510648 0.0197917 0.113889 0.479728
56 0.567187 0.652315 0.146875 0.447222 0.487731
39 0.277865 0.190278 0.00989583 0.0546296 0.535158
56 0.703125 0.87963 0.258333 0.233333 0.628258
56 0.196615 0.906482 0.177604 0.181481 0.837495
0 0.188542 0.446759 0.0697917 0.202778 0.844476
0 0.765625 0.39537 0.13125 0.335185 0.86169
0 0.24974 0.664352 0.218229 0.65463 0.927957
0 0.0773437 0.516204 0.153646 0.94537 0.944541
