0 0.972396 0.318981 0.0552083 0.119444 0.315068
67 0.740104 0.464815 0.0302083 0.0296296 0.322041
67 0.43099 0.631944 0.0526042 0.0268519 0.357214
24 0.567448 0.475463 0.115104 0.0712963 0.358015
26 0.567969 0.474537 0.115104 0.0712963 0.385515
24 0.69401 0.436574 0.0567708 0.112037 0.448866
24 0.466667 0.959259 0.122917 0.0777778 0.458434
0 0.367969 0.429167 0.0567708 0.128704 0.464204
24 0.651563 0.449074 0.0510417 0.0814815 0.472294
56 0.642448 0.660648 0.141146 0.517593 0.512355
39 0.345313 0.169444 0.0104167 0.0537037 0.536077
56 0.111458 0.641204 0.090625 0.250926 0.8023
0 0.835938 0.56713 0.217708 0.769444 0.84614
0 0.159635 0.463889 0.134896 0.324074 0.889406
56 0.246875 0.782407 0.278125 0.422222 0.90196
0 0.332292 0.630093 0.269792 0.710185 0.906262
