56 0.739844 0.466204 0.0869792 0.0601852 0.315912
0 0.977344 0.321296 0.0453125 0.118519 0.419076
67 0.43151 0.631944 0.0515625 0.0268519 0.500732
0 0.360417 0.433333 0.0427083 0.112963 0.51365
56 0.676823 0.67963 0.204688 0.490741 0.544215
24 0.465885 0.959259 0.124479 0.0777778 0.573478
39 0.345313 0.169907 0.0104167 0.0546296 0.582122
24 0.652344 0.447222 0.0526042 0.087037 0.610736
24 0.69401 0.436574 0.0536458 0.112037 0.61797
56 0.694271 0.436574 0.0541667 0.113889 0.630057
56 0.111198 0.641667 0.0911458 0.25 0.778992
0 0.83776 0.571759 0.216146 0.782407 0.846934
0 0.534375 0.493981 0.140625 0.652778 0.875093
56 0.240625 0.782407 0.263542 0.424074 0.899291
0 0.159896 0.466667 0.132292 0.325926 0.908259
0 0.329948 0.62963 0.264062 0.711111 0.93225
