60 0.646615 0.720833 0.691146 0.519444 0.254625
26 0.567708 0.475 0.115625 0.0703704 0.273946
56 0.697917 0.438889 0.0604167 0.116667 0.345414
67 0.872396 0.423148 0.0260417 0.0259259 0.351561
56 0.640104 0.631944 0.132292 0.469444 0.364349
24 0.567187 0.475463 0.115625 0.0694444 0.376772
24 0.652865 0.447685 0.0505208 0.0824074 0.504882
24 0.696094 0.438426 0.0630208 0.113889 0.533171
0 0.25625 0.631019 0.175 0.662037 0.576415
0 0.807552 0.291204 0.141146 0.437963 0.658793
0 0.927604 0.527778 0.144792 0.774074 0.664074
39 0.345313 0.169907 0.0104167 0.0546296 0.701343
56 0.748698 0.465278 0.0453125 0.0638889 0.717844
0 0.357292 0.401389 0.136458 0.226852 0.903178
56 0.19375 0.755556 0.182292 0.485185 0.914129
