56 0.96849 0.518056 0.0619792 0.282407 0.282326
56 0.653906 0.638426 0.164062 0.478704 0.311053
63 0.75599 0.467593 0.0776042 0.0740741 0.361626
67 0.43125 0.630093 0.0520833 0.0268519 0.397857
56 0.960417 0.640741 0.078125 0.52963 0.41106
26 0.570052 0.473611 0.110937 0.0712963 0.424271
24 0.466406 0.95787 0.124479 0.0787037 0.43808
56 0.757031 0.467593 0.0755208 0.0703704 0.462106
24 0.681771 0.438889 0.113542 0.109259 0.469341
0 0.977344 0.311574 0.0453125 0.126852 0.541761
39 0.345313 0.168519 0.0104167 0.0537037 0.568388
0 0.858333 0.579167 0.204167 0.832407 0.824302
56 0.134896 0.743519 0.220833 0.505556 0.918894
56 0.258854 0.775463 0.23125 0.437963 0.920996
0 0.360677 0.622685 0.279687 0.712037 0.923039
