56 0.554427 0.771296 0.115104 0.190741 0.269719
26 0.592188 0.493056 0.141667 0.143519 0.291004
39 0.277604 0.189352 0.0104167 0.0546296 0.487929
0 0.484635 0.389352 0.0953125 0.232407 0.552088
56 0.869531 0.534722 0.0348958 0.186111 0.612097
24 0.592188 0.489352 0.14375 0.150926 0.695863
0 0.480469 0.546759 0.103646 0.54537 0.729304
0 0.278385 0.443056 0.0890625 0.193519 0.738847
0 0.813542 0.392593 0.10625 0.351852 0.906411
56 0.745052 0.781944 0.252604 0.421296 0.907776
56 0.153906 0.786574 0.210938 0.413889 0.911766
0 0.686198 0.600926 0.285937 0.77963 0.937565
0 0.222917 0.654167 0.235417 0.675 0.941008
