24 0.651042 0.446296 0.05 0.0833333 0.266366
24 0.58125 0.475 0.0854167 0.0703704 0.278647
26 0.579948 0.475 0.0880208 0.0703704 0.415577
24 0.466146 0.958796 0.122917 0.0787037 0.461501
56 0.65 0.660648 0.153125 0.499074 0.47508
24 0.676562 0.440741 0.096875 0.101852 0.507601
56 0.104427 0.623148 0.0765625 0.268519 0.545276
39 0.345313 0.169444 0.0104167 0.0555556 0.559444
56 0.875 0.700463 0.215625 0.569444 0.572321
0 0.511719 0.545833 0.132812 0.534259 0.754602
0 0.198437 0.395833 0.219792 0.750926 0.767593
0 0.84349 0.580093 0.203646 0.808333 0.826335
56 0.245573 0.779167 0.276563 0.425 0.929103
