26 0.489844 0.508333 0.109896 0.0722222 0.255305
24 0.27526 0.494907 0.0692708 0.0916667 0.301759
56 0.276302 0.494444 0.0713542 0.0925926 0.407272
39 0.277865 0.189815 0.00989583 0.0537037 0.606208
56 0.559375 0.658333 0.128125 0.438889 0.764698
56 0.815104 0.497222 0.10625 0.151852 0.777756
0 0.281771 0.402315 0.103125 0.263889 0.82372
56 0.7 0.506944 0.0677083 0.0712963 0.872114
56 0.69375 0.751389 0.244792 0.484259 0.908112
56 0.236198 0.766204 0.223438 0.458333 0.917896
0 0.0747396 0.571296 0.148438 0.777778 0.93498
