24 0.553646 0.474074 0.133333 0.0703704 0.30827
26 0.553646 0.474074 0.135417 0.0722222 0.329374
67 0.390625 0.466667 0.0177083 0.0222222 0.333776
60 0.643229 0.726389 0.661458 0.491667 0.372624
0 0.466927 0.584259 0.159896 0.775926 0.434347
67 0.858594 0.4375 0.0307292 0.0175926 0.48139
56 0.829948 0.673611 0.159896 0.45463 0.522791
24 0.647396 0.444907 0.04375 0.0898148 0.655317
0 0.692708 0.567593 0.163542 0.653704 0.656208
39 0.345313 0.17037 0.0104167 0.0537037 0.66073
0 0.260938 0.546296 0.190625 0.483333 0.711674
0 0.46849 0.347685 0.155729 0.30463 0.747717
0 0.922396 0.560185 0.155208 0.761111 0.773947
0 0.366146 0.418981 0.135417 0.189815 0.848202
56 0.19401 0.755093 0.182812 0.486111 0.911864
