56 0.273698 0.50463 0.0942708 0.0703704 0.378
56 0.850521 0.505093 0.059375 0.165741 0.471159
39 0.277865 0.189815 0.00989583 0.0555556 0.53964
56 0.273698 0.677315 0.124479 0.412037 0.70706
24 0.583333 0.494444 0.120833 0.140741 0.709653
0 0.0195312 0.606019 0.0390625 0.512037 0.849181
56 0.745313 0.787963 0.253125 0.411111 0.859158
56 0.116406 0.774074 0.214062 0.446296 0.885237
0 0.398958 0.514815 0.123958 0.640741 0.895007
0 0.194531 0.652778 0.240104 0.681481 0.926081
0 0.69349 0.595833 0.281771 0.793519 0.929705
