56 0.790104 0.467593 0.0708333 0.0740741 0.252643
41 0.504427 0.387963 0.0359375 0.0351852 0.315109
26 0.670573 0.408333 0.122396 0.166667 0.32738
24 0.665625 0.443519 0.078125 0.0944444 0.327991
67 0.43125 0.630093 0.0520833 0.0268519 0.330479
24 0.469271 0.958796 0.119792 0.0787037 0.350989
56 0.652604 0.639352 0.158333 0.482407 0.3682
56 0.734375 0.6625 0.184375 0.471296 0.420956
56 0.878385 0.449074 0.0328125 0.118519 0.458891
0 0.62474 0.314815 0.126563 0.316667 0.537037
39 0.345313 0.168519 0.0104167 0.0537037 0.555837
0 0.91276 0.495833 0.174479 0.891667 0.872513
56 0.268229 0.775926 0.252083 0.437037 0.91293
56 0.135417 0.743056 0.221875 0.50463 0.918574
0 0.360156 0.626389 0.276563 0.702778 0.92908
