26 0.592188 0.493056 0.141667 0.143519 0.30363
39 0.277604 0.189352 0.0104167 0.0546296 0.481433
0 0.484115 0.390741 0.0953125 0.231481 0.501231
56 0.868229 0.534722 0.0364583 0.186111 0.608248
24 0.591927 0.489352 0.144271 0.150926 0.693053
0 0.480469 0.552315 0.102604 0.537963 0.742515
0 0.278125 0.443056 0.0885417 0.193519 0.752627
0 0.813542 0.392593 0.10625 0.351852 0.906602
56 0.745052 0.781944 0.252604 0.421296 0.908896
56 0.153906 0.786111 0.209896 0.414815 0.912608
0 0.685938 0.600926 0.286458 0.77963 0.938204
0 0.221094 0.655093 0.234896 0.675 0.94012
