56 0.863021 0.519444 0.040625 0.116667 0.301901
56 0.572656 0.637037 0.156771 0.45 0.371612
39 0.277604 0.189352 0.0104167 0.0546296 0.546615
24 0.588542 0.493056 0.134375 0.143519 0.704219
56 0.285937 0.501389 0.0697917 0.0638889 0.757109
0 0.139323 0.431019 0.115104 0.463889 0.882488
56 0.131771 0.789352 0.177083 0.400926 0.896824
56 0.748177 0.783333 0.255729 0.42037 0.908112
0 0.81849 0.389815 0.130729 0.362963 0.911563
0 0.689062 0.590741 0.278125 0.8 0.928477
0 0.271094 0.655556 0.283854 0.672222 0.949017
