56 0.307031 0.484259 0.0380208 0.062963 0.315766
56 0.650781 0.637037 0.158854 0.496296 0.32505
24 0.652083 0.443056 0.0520833 0.0898148 0.333037
60 0.607813 0.717593 0.759375 0.496296 0.373175
24 0.679427 0.441204 0.103646 0.10463 0.523567
24 0.466927 0.958796 0.124479 0.0787037 0.528337
26 0.576042 0.474537 0.0989583 0.0712963 0.549986
39 0.345313 0.168981 0.0104167 0.0546296 0.620714
56 0.10651 0.638426 0.0890625 0.241667 0.77516
0 0.417188 0.571759 0.194792 0.576852 0.779565
0 0.167969 0.251389 0.0963542 0.208333 0.856065
0 0.82474 0.551852 0.209896 0.692593 0.867638
0 0.201823 0.538889 0.193229 0.461111 0.898145
56 0.2375 0.773148 0.282292 0.442593 0.924443
