24 0.327865 0.957407 0.0526042 0.0814815 0.257185
56 0.553125 0.781018 0.1125 0.200926 0.339937
24 0.597917 0.476852 0.101042 0.103704 0.362314
56 0.264323 0.510648 0.0588542 0.062037 0.508174
56 0.570312 0.656944 0.151042 0.441667 0.509323
39 0.277604 0.188889 0.0104167 0.0555556 0.55679
56 0.715365 0.879167 0.286979 0.234259 0.600773
56 0.70651 0.484722 0.0526042 0.0268519 0.603448
56 0.816146 0.498148 0.105208 0.153704 0.6678
56 0.136979 0.777315 0.19375 0.432407 0.849624
0 0.265625 0.387037 0.075 0.262963 0.89833
0 0.196094 0.654167 0.200521 0.637963 0.937141
