26 0.357552 0.496296 0.118229 0.0944444 0.275977
24 0.357552 0.49537 0.121354 0.0962963 0.298125
0 0.304688 0.41713 0.059375 0.113889 0.401429
39 0.323177 0.153704 0.0109375 0.0555556 0.493493
67 0.402344 0.624537 0.0515625 0.0268519 0.50599
24 0.427604 0.961574 0.13125 0.0731481 0.563813
0 0.808333 0.530556 0.164583 0.67963 0.61114
56 0.835677 0.651852 0.153646 0.516667 0.620693
56 0.195052 0.771759 0.261979 0.447222 0.876995
56 0.682552 0.746296 0.267188 0.488889 0.906458
0 0.614323 0.566204 0.268229 0.843518 0.94205
0 0.289844 0.622222 0.293229 0.733333 0.945671
