27 0.964844 0.448611 0.0692708 0.119444 0.252404
24 0.477344 0.752778 0.0817708 0.172222 0.297054
26 0.569792 0.475 0.1125 0.0703704 0.391721
56 0.694792 0.4375 0.0541667 0.112037 0.412609
56 0.299219 0.418981 0.0411458 0.0953704 0.441809
56 0.803646 0.681481 0.20625 0.474074 0.480595
56 0.635156 0.6625 0.126563 0.508333 0.490076
24 0.651563 0.449537 0.0510417 0.0842593 0.561729
24 0.694271 0.437037 0.0541667 0.111111 0.610019
39 0.345313 0.169907 0.0104167 0.0546296 0.660937
0 0.246354 0.557407 0.175 0.52037 0.675007
0 0.926042 0.585185 0.147917 0.655556 0.711056
56 0.201042 0.751852 0.171875 0.488889 0.886576
0 0.360156 0.405093 0.134896 0.221296 0.906554
0 0.078125 0.532407 0.15625 0.916667 0.949003
