24 0.48724 0.514815 0.113021 0.0759259 0.324108
26 0.48724 0.514815 0.111979 0.0759259 0.324457
56 0.828646 0.51713 0.053125 0.130556 0.501913
39 0.270573 0.17963 0.00989583 0.0555556 0.564157
24 0.584115 0.479167 0.0744792 0.100926 0.637409
0 0.752865 0.411574 0.147396 0.328704 0.834048
56 0.67474 0.780556 0.275521 0.418519 0.855004
0 0.23724 0.454167 0.0984375 0.213889 0.86289
56 0.144271 0.808333 0.241667 0.374074 0.897988
0 0.213802 0.651852 0.248437 0.677778 0.928815
0 0.598177 0.605556 0.265104 0.77037 0.936722
