24 0.567969 0.473611 0.116146 0.0712963 0.339432
24 0.68125 0.438889 0.113542 0.109259 0.372637
67 0.43125 0.630093 0.0520833 0.0268519 0.409395
56 0.654688 0.636111 0.165625 0.475926 0.418199
26 0.56875 0.473611 0.114583 0.0712963 0.432671
56 0.94974 0.643056 0.100521 0.525 0.498567
24 0.467448 0.95787 0.123438 0.0787037 0.508279
39 0.345313 0.168519 0.0104167 0.0537037 0.542694
0 0.856771 0.590741 0.202083 0.807407 0.680597
56 0.263542 0.773611 0.2375 0.441667 0.899168
0 0.355729 0.617593 0.265625 0.698148 0.914332
56 0.135677 0.743981 0.222396 0.506481 0.924818
