60 0.767708 0.715741 0.428125 0.542593 0.355815
64 0.485417 0.478704 0.04375 0.0388889 0.373983
56 0.633594 0.759722 0.103646 0.267593 0.374196
0 0.207813 0.563426 0.0645833 0.310185 0.402808
56 0.866406 0.700926 0.232812 0.566667 0.50179
56 0.692448 0.439815 0.0640625 0.103704 0.667347
56 0.742448 0.466667 0.0869792 0.0592593 0.776105
0 0.84375 0.581944 0.208333 0.80463 0.809811
56 0.113542 0.640741 0.0947917 0.248148 0.82244
56 0.175 0.786111 0.134375 0.416667 0.860157
0 0.153646 0.444907 0.125 0.29537 0.883938
0 0.472917 0.494444 0.494792 0.985185 0.933673
