24 0.464063 0.95787 0.130208 0.0787037 0.403279
67 0.43151 0.62963 0.0515625 0.0259259 0.424499
24 0.679427 0.442593 0.109896 0.103704 0.486587
39 0.345313 0.167593 0.0104167 0.0537037 0.514867
0 0.36849 0.394907 0.0651042 0.221296 0.534887
0 0.959375 0.312963 0.0604167 0.114815 0.655334
67 0.801302 0.348611 0.0276042 0.0472222 0.660572
0 0.0471354 0.549074 0.0932292 0.877778 0.747361
0 0.851562 0.55 0.204167 0.737037 0.863414
56 0.679167 0.743056 0.29375 0.506481 0.905857
0 0.352604 0.612037 0.260417 0.681481 0.918792
56 0.268229 0.771759 0.233333 0.439815 0.918973
