26 0.489062 0.509259 0.10625 0.0722222 0.288808
56 0.835156 0.511574 0.0192708 0.113889 0.425105
0 0.195833 0.374537 0.185417 0.299074 0.436431
39 0.277865 0.190278 0.00989583 0.0527778 0.572164
0 0.259635 0.456481 0.0651042 0.155556 0.606059
56 0.560677 0.655556 0.132812 0.438889 0.659342
56 0.70599 0.878704 0.263021 0.233333 0.667496
0 0.143229 0.350926 0.0802083 0.242593 0.723455
0 0.765104 0.396759 0.132292 0.336111 0.831669
56 0.178906 0.806019 0.241146 0.373148 0.921457
0 0.192969 0.661574 0.323438 0.652778 0.928044
