56 0.925781 0.528241 0.0755208 0.236111 0.256094
56 0.651042 0.634259 0.160417 0.488889 0.293347
26 0.57526 0.474074 0.0994792 0.0703704 0.297755
24 0.574479 0.475 0.101042 0.0703704 0.344758
0 0.977865 0.308796 0.0442708 0.134259 0.363928
60 0.616406 0.724537 0.746354 0.499074 0.386041
24 0.651563 0.442593 0.0510417 0.0888889 0.399509
24 0.696615 0.441204 0.0713542 0.106481 0.454368
24 0.466667 0.958333 0.123958 0.0777778 0.527632
39 0.345313 0.168519 0.0104167 0.0537037 0.591499
56 0.105729 0.6375 0.090625 0.239815 0.694364
0 0.398438 0.373611 0.0895833 0.202778 0.734618
0 0.338021 0.522685 0.134375 0.502778 0.773229
0 0.824219 0.552315 0.209896 0.682407 0.853963
0 0.171875 0.322685 0.108333 0.332407 0.865354
0 0.192708 0.534722 0.210417 0.469444 0.89582
56 0.2375 0.771759 0.28125 0.443519 0.914859
