56 0.260417 0.771759 0.2125 0.44537 0.382244
24 0.567187 0.475463 0.114583 0.0712963 0.403305
24 0.651563 0.447222 0.0510417 0.087037 0.404829
67 0.739323 0.466204 0.0276042 0.0305556 0.405825
56 0.638021 0.6625 0.133333 0.521296 0.415316
24 0.694271 0.4375 0.0572917 0.112037 0.443817
24 0.466146 0.959259 0.122917 0.0777778 0.448221
26 0.567448 0.475463 0.115104 0.0712963 0.459766
0 0.251302 0.567593 0.218229 0.803704 0.578711
39 0.345313 0.169907 0.0104167 0.0546296 0.686158
0 0.836458 0.563426 0.215625 0.75463 0.814038
0 0.366406 0.402778 0.122396 0.22037 0.882036
0 0.126302 0.514352 0.199479 0.941667 0.929856
