56 0.211458 0.550463 0.0520833 0.180556 0.263677
56 0.960677 0.648148 0.0765625 0.525926 0.274842
24 0.466406 0.957407 0.124479 0.0777778 0.412716
24 0.570573 0.474074 0.110937 0.0722222 0.417265
24 0.68151 0.438426 0.113021 0.108333 0.429363
26 0.571875 0.474074 0.108333 0.0722222 0.433428
67 0.43125 0.630556 0.0520833 0.0277778 0.475659
56 0.776302 0.46713 0.0796875 0.0731481 0.550113
56 0.211979 0.496296 0.0520833 0.0722222 0.669839
0 0.364323 0.313426 0.123438 0.39537 0.715204
0 0.866927 0.573611 0.219271 0.832407 0.820025
56 0.263281 0.777778 0.239063 0.433333 0.912205
56 0.131771 0.743056 0.214583 0.50463 0.913132
0 0.353385 0.626389 0.271354 0.710185 0.920003
