24 0.571875 0.475 0.107292 0.0703704 0.261328
24 0.651823 0.443519 0.0515625 0.0888889 0.26588
56 0.651042 0.637037 0.15625 0.490741 0.293948
26 0.572396 0.474537 0.10625 0.0712963 0.32657
0 0.980729 0.311111 0.0385417 0.138889 0.417684
60 0.604167 0.721296 0.779167 0.494444 0.46208
24 0.466667 0.958796 0.123958 0.0787037 0.476494
24 0.679167 0.441667 0.103125 0.103704 0.493426
39 0.345313 0.168519 0.0104167 0.0537037 0.624722
56 0.116406 0.701389 0.104687 0.365741 0.759024
0 0.343229 0.524074 0.13125 0.505556 0.834563
0 0.823698 0.552778 0.211979 0.701852 0.858498
0 0.196875 0.318519 0.109375 0.244444 0.859079
0 0.179688 0.537963 0.210417 0.462963 0.881931
56 0.23776 0.774537 0.279687 0.437963 0.939171
