67 0.431771 0.631019 0.0510417 0.0268519 0.261626
56 0.654688 0.633796 0.16875 0.489815 0.289494
24 0.651302 0.44537 0.0515625 0.0833333 0.293951
56 0.120573 0.640278 0.115104 0.243519 0.391947
56 0.782552 0.461574 0.0588542 0.062037 0.416013
24 0.567187 0.474074 0.114583 0.0703704 0.41843
26 0.567708 0.473611 0.113542 0.0712963 0.435205
24 0.466146 0.958333 0.123958 0.0777778 0.493435
0 0.98125 0.321296 0.0375 0.118519 0.508634
39 0.345313 0.168519 0.0104167 0.0537037 0.53401
24 0.682552 0.441667 0.110937 0.105556 0.553747
56 0.157031 0.750926 0.193229 0.474074 0.6349
0 0.173177 0.502778 0.168229 0.392593 0.819385
0 0.40026 0.359259 0.0901042 0.283333 0.847407
56 0.26224 0.775463 0.233854 0.436111 0.880031
0 0.84974 0.536111 0.203646 0.744444 0.880372
0 0.354427 0.621296 0.269271 0.714815 0.919769
