24 0.582812 0.468981 0.0864583 0.0583333 0.272593
0 0.372135 0.402778 0.0578125 0.212963 0.282194
67 0.43151 0.62963 0.0515625 0.0259259 0.300044
24 0.466927 0.95787 0.124479 0.0787037 0.463263
56 0.960156 0.641204 0.0796875 0.543519 0.510921
24 0.680469 0.44213 0.110937 0.10463 0.549738
39 0.345313 0.167593 0.0104167 0.0537037 0.551958
0 0.959375 0.311574 0.0614583 0.117593 0.749219
67 0.810156 0.311574 0.0276042 0.0638889 0.762254
0 0.854427 0.538889 0.197396 0.75 0.8149
0 0.351302 0.62037 0.251563 0.701852 0.900012
56 0.681771 0.743519 0.3 0.503704 0.900702
56 0.270573 0.768056 0.238021 0.449074 0.905726
