56 0.572135 0.647685 0.153646 0.449074 0.27433
60 0.455208 0.606019 0.383333 0.202778 0.395718
24 0.599219 0.477778 0.103646 0.107407 0.413756
39 0.277865 0.189815 0.00989583 0.0537037 0.533791
24 0.653646 0.659259 0.154167 0.312963 0.565579
56 0.549219 0.778704 0.106771 0.198148 0.599887
56 0.641927 0.893519 0.132812 0.203704 0.64539
0 0.182552 0.44537 0.0859375 0.216667 0.875696
56 0.172135 0.800463 0.225521 0.386111 0.921505
0 0.245052 0.661574 0.224479 0.656482 0.93044
0 0.765885 0.495833 0.224479 0.986111 0.942387
