56 0.596615 0.655556 0.201562 0.488889 0.27772
24 0.328125 0.956944 0.0520833 0.0842593 0.296834
26 0.328125 0.957407 0.0510417 0.0814815 0.349056
60 0.49401 0.734259 0.663021 0.509259 0.397552
39 0.277344 0.189352 0.00989583 0.0546296 0.528194
24 0.609375 0.487037 0.171875 0.151852 0.566446
56 0.74401 0.612037 0.163021 0.362963 0.640197
0 0.681771 0.329167 0.15625 0.412037 0.685004
0 0.111458 0.52963 0.172917 0.67963 0.759303
0 0.471615 0.5375 0.130729 0.539815 0.816025
56 0.202604 0.512963 0.0822917 0.0740741 0.833903
56 0.81224 0.765741 0.279687 0.453704 0.883564
56 0.167187 0.773611 0.204167 0.434259 0.936175
