24 0.582552 0.468519 0.0848958 0.0574074 0.280022
67 0.431771 0.62963 0.0510417 0.0259259 0.28613
56 0.965885 0.640278 0.0682292 0.543519 0.367944
24 0.466927 0.95787 0.125521 0.0787037 0.416373
39 0.345313 0.168056 0.0104167 0.0527778 0.547155
24 0.679948 0.44213 0.110937 0.10463 0.561185
67 0.827344 0.354167 0.0286458 0.0657407 0.740775
0 0.96276 0.312037 0.0557292 0.116667 0.754145
0 0.854948 0.533333 0.201562 0.762963 0.823804
0 0.36901 0.393981 0.0598958 0.221296 0.833793
0 0.354948 0.623148 0.261979 0.701852 0.884185
56 0.68125 0.743056 0.297917 0.50463 0.894244
56 0.267188 0.768981 0.23125 0.443519 0.918045
