0 0.0205729 0.605093 0.0401042 0.326852 0.270224
67 0.458594 0.631481 0.0515625 0.0259259 0.282195
24 0.504427 0.746296 0.0661458 0.161111 0.299619
56 0.910417 0.655556 0.179167 0.535185 0.501748
39 0.373437 0.168981 0.0114583 0.0546296 0.525842
24 0.709375 0.443981 0.113542 0.108333 0.619216
24 0.493229 0.959259 0.122917 0.0777778 0.642018
0 0.259635 0.421296 0.102604 0.22963 0.652303
67 0.832031 0.329167 0.0255208 0.0564815 0.705612
0 0.88099 0.550463 0.206771 0.737963 0.822835
56 0.296875 0.773611 0.236458 0.437963 0.90221
56 0.708073 0.744907 0.294271 0.50463 0.910164
0 0.375521 0.619444 0.2625 0.701852 0.926641
0 0.0510417 0.532407 0.102083 0.918519 0.93454
