24 0.597656 0.476389 0.101562 0.10463 0.291361
56 0.549219 0.781944 0.104687 0.19537 0.313801
56 0.835156 0.510185 0.0192708 0.114815 0.449878
39 0.277865 0.190278 0.00989583 0.0527778 0.54058
56 0.703646 0.87963 0.258333 0.233333 0.598894
56 0.56276 0.65463 0.136979 0.442593 0.619781
0 0.188542 0.443056 0.0708333 0.197222 0.848317
0 0.765625 0.395833 0.132292 0.336111 0.859392
0 0.0507812 0.599537 0.100521 0.778704 0.860288
56 0.176563 0.802315 0.222917 0.382407 0.912907
0 0.245312 0.662963 0.228125 0.653704 0.934426
