24 0.594531 0.480093 0.0932292 0.0953704 0.271287
56 0.216927 0.855093 0.0588542 0.128704 0.276245
39 0.277604 0.189352 0.0104167 0.0527778 0.3857
60 0.51901 0.742593 0.669271 0.481481 0.572274
56 0.788542 0.585185 0.107292 0.307407 0.61999
0 0.700521 0.330093 0.142708 0.430556 0.649342
56 0.227604 0.512963 0.0916667 0.0648148 0.774336
0 0.490365 0.528241 0.130729 0.537963 0.808997
24 0.0708333 0.420833 0.141667 0.365741 0.8299
56 0.309896 0.801389 0.227083 0.387963 0.884984
56 0.792708 0.75787 0.263542 0.471296 0.901307
0 0.148438 0.534722 0.209375 0.913889 0.925234
