0 0.972656 0.318519 0.0546875 0.124074 0.296581
67 0.741146 0.462963 0.0333333 0.0314815 0.316059
67 0.43099 0.631944 0.0515625 0.0268519 0.37714
24 0.56901 0.475463 0.113021 0.0712963 0.380732
56 0.694531 0.436574 0.0546875 0.113889 0.382299
26 0.569792 0.475 0.111458 0.0722222 0.402999
24 0.694271 0.4375 0.0552083 0.112037 0.474435
56 0.639323 0.661574 0.136979 0.517593 0.491431
39 0.345313 0.169907 0.0104167 0.0527778 0.535562
24 0.466667 0.959259 0.122917 0.0777778 0.554175
24 0.652344 0.445833 0.0526042 0.0898148 0.589162
0 0.463021 0.347222 0.1 0.3 0.780301
0 0.36875 0.387963 0.0635417 0.209259 0.817769
56 0.107813 0.640741 0.084375 0.25 0.828636
0 0.835417 0.561111 0.217708 0.755556 0.847109
0 0.157552 0.461574 0.126563 0.325 0.888756
56 0.240885 0.783333 0.271354 0.422222 0.902886
0 0.329427 0.631481 0.281771 0.709259 0.934474
