56 0.298438 0.418519 0.040625 0.0944444 0.267118
56 0.2875 0.484259 0.0395833 0.0425926 0.338388
24 0.567448 0.475463 0.115104 0.0694444 0.345991
56 0.798698 0.67963 0.199479 0.481481 0.365338
24 0.465104 0.75463 0.107292 0.174074 0.382953
26 0.567708 0.475 0.115625 0.0703704 0.390661
56 0.646615 0.664815 0.148438 0.501852 0.411929
0 0.257031 0.530093 0.151562 0.460185 0.489491
24 0.694531 0.436574 0.0536458 0.112037 0.516277
56 0.694531 0.437037 0.0536458 0.112963 0.519405
56 0.215885 0.848611 0.119271 0.289815 0.549387
24 0.651823 0.448611 0.0515625 0.0842593 0.575857
67 0.955729 0.463889 0.0385417 0.0277778 0.658055
39 0.345573 0.170833 0.00989583 0.0546296 0.678049
0 0.92526 0.587037 0.149479 0.624074 0.702022
0 0.363802 0.403241 0.126563 0.217593 0.906003
0 0.20651 0.523611 0.247396 0.939815 0.919006
