60 0.676823 0.690741 0.611979 0.472222 0.303482
67 0.43125 0.631019 0.0510417 0.0268519 0.312355
24 0.464844 0.95787 0.127604 0.0787037 0.324706
56 0.665625 0.438889 0.0729167 0.103704 0.355277
26 0.571615 0.473148 0.111979 0.0722222 0.358691
24 0.570573 0.473611 0.114063 0.0712963 0.366646
56 0.640625 0.631944 0.138542 0.489815 0.436692
24 0.665104 0.441667 0.0739583 0.0981481 0.573771
39 0.345313 0.168519 0.0104167 0.0537037 0.579588
56 0.78151 0.468056 0.0890625 0.0731481 0.619881
56 0.88099 0.648611 0.215104 0.523148 0.648085
0 0.979948 0.315278 0.0401042 0.128704 0.697609
56 0.703125 0.456481 0.0333333 0.0740741 0.855522
0 0.401563 0.350926 0.0770833 0.298148 0.8774
0 0.35 0.626852 0.263542 0.703704 0.894542
56 0.270833 0.778704 0.255208 0.42963 0.916818
56 0.135417 0.743056 0.220833 0.50463 0.92446
