56 0.552865 0.781944 0.113021 0.199074 0.285735
24 0.328125 0.956944 0.0510417 0.0805556 0.305615
24 0.597656 0.475926 0.101562 0.105556 0.387702
56 0.642969 0.881019 0.139062 0.223148 0.545792
39 0.277604 0.189352 0.0104167 0.0546296 0.606463
56 0.563542 0.653241 0.139583 0.44537 0.62369
56 0.70625 0.485185 0.053125 0.0277778 0.704287
56 0.815625 0.497685 0.104167 0.150926 0.711082
56 0.263802 0.510185 0.0546875 0.062963 0.755231
0 0.275521 0.452315 0.0875 0.163889 0.843313
0 0.940365 0.496296 0.119271 0.981481 0.92399
56 0.140625 0.784722 0.226042 0.419444 0.926399
0 0.198698 0.658333 0.244271 0.664815 0.943618
