60 0.395833 0.623611 0.385417 0.213889 0.390496
24 0.4875 0.514352 0.115625 0.0768519 0.393897
56 0.828385 0.518056 0.0546875 0.139815 0.393901
26 0.4875 0.514352 0.115625 0.0768519 0.531667
39 0.270573 0.17963 0.00989583 0.0555556 0.557185
24 0.583333 0.478241 0.0729167 0.100926 0.583199
0 0.233333 0.486111 0.08125 0.146296 0.714305
0 0.752344 0.410648 0.149479 0.326852 0.819525
56 0.67474 0.780093 0.276563 0.419444 0.847878
56 0.148438 0.808796 0.252083 0.371296 0.912263
0 0.213021 0.651389 0.248958 0.678704 0.927358
0 0.596354 0.605093 0.264583 0.771296 0.931701
