26 0.571094 0.474537 0.108854 0.0712963 0.309386
24 0.570573 0.475463 0.108854 0.0712963 0.320665
24 0.477604 0.753241 0.06875 0.171296 0.33484
67 0.43125 0.631019 0.0510417 0.0268519 0.390372
56 0.869792 0.700463 0.23125 0.567593 0.444105
24 0.67526 0.439815 0.0973958 0.103704 0.532262
0 0.18099 0.273148 0.0630208 0.127778 0.554221
24 0.466406 0.958796 0.123438 0.0787037 0.56015
39 0.345313 0.168981 0.0104167 0.0546296 0.573411
56 0.647135 0.655556 0.151562 0.511111 0.586357
0 0.972135 0.3125 0.0557292 0.119444 0.652838
56 0.1125 0.642593 0.0927083 0.251852 0.814805
0 0.845833 0.5625 0.202083 0.819444 0.857624
0 0.169792 0.474074 0.130208 0.338889 0.861607
56 0.240885 0.781482 0.265104 0.424074 0.892812
0 0.338281 0.635185 0.278646 0.707407 0.934303
