24 0.35 0.491667 0.129167 0.0944444 0.291373
67 0.389323 0.622685 0.0526042 0.0268519 0.403328
56 0.827083 0.656018 0.151042 0.50463 0.420329
0 0.291927 0.408796 0.0619792 0.126852 0.534937
39 0.314063 0.150463 0.0104167 0.0564815 0.582687
24 0.414844 0.961111 0.129688 0.0759259 0.594195
0 0.796875 0.554167 0.160417 0.717593 0.635512
56 0.670573 0.75 0.271354 0.483333 0.903134
56 0.185677 0.767593 0.265104 0.455556 0.909498
0 0.598698 0.568519 0.265104 0.837037 0.939456
0 0.27526 0.618056 0.297396 0.739815 0.941629
