24 0.569271 0.475 0.111458 0.0703704 0.256431
26 0.570312 0.475 0.110417 0.0703704 0.305564
67 0.951823 0.484722 0.0432292 0.0342593 0.3341
56 0.704427 0.681481 0.168229 0.490741 0.350482
56 0.694792 0.4375 0.0541667 0.112037 0.421149
56 0.289062 0.486574 0.0395833 0.0490741 0.492705
56 0.635938 0.662037 0.126042 0.511111 0.505729
24 0.466667 0.959259 0.122917 0.0777778 0.538099
24 0.651823 0.447222 0.0505208 0.087037 0.583325
39 0.345313 0.169444 0.0104167 0.0537037 0.639712
24 0.69401 0.436574 0.0546875 0.112037 0.667711
56 0.133854 0.546759 0.0625 0.0787037 0.742557
0 0.891667 0.600463 0.215625 0.634259 0.744032
56 0.217969 0.759259 0.272396 0.466667 0.834584
0 0.365104 0.405556 0.126042 0.216667 0.905101
0 0.284635 0.599537 0.257812 0.776852 0.944692
