56 0.0859375 0.477315 0.01875 0.0898148 0.264696
60 0.228646 0.538889 0.0270833 0.037037 0.294848
56 0.87526 0.766204 0.125521 0.328704 0.323547
56 0.966146 0.526852 0.0677083 0.274074 0.361071
56 0.42474 0.451389 0.0192708 0.0916667 0.389891
60 0.417448 0.764815 0.134896 0.346296 0.477888
24 0.466146 0.958796 0.126042 0.0787037 0.485567
39 0.345313 0.168519 0.0104167 0.0537037 0.530576
56 0.222656 0.494907 0.0223958 0.0564815 0.553445
56 0.163802 0.753704 0.209896 0.477778 0.706695
0 0.154687 0.481481 0.153125 0.340741 0.783202
0 0.228906 0.361111 0.0755208 0.275926 0.834989
0 0.267188 0.402315 0.0739583 0.247222 0.874847
0 0.870052 0.258796 0.178646 0.517593 0.884339
0 0.351042 0.618981 0.260417 0.70463 0.899584
56 0.267448 0.775 0.244271 0.440741 0.901583
0 0.696094 0.492593 0.525521 0.97963 0.917246
