60 0.399219 0.624537 0.382812 0.212037 0.324607
26 0.485417 0.514352 0.111458 0.075 0.334068
56 0.828125 0.520833 0.0552083 0.143519 0.359149
24 0.583854 0.47963 0.075 0.1 0.366191
39 0.270052 0.179167 0.00989583 0.0564815 0.506543
0 0.752083 0.410185 0.148958 0.327778 0.796704
56 0.679167 0.780556 0.285417 0.418519 0.827468
0 0.248177 0.463426 0.0963542 0.193519 0.842002
56 0.136719 0.807407 0.251563 0.372222 0.891346
0 0.210156 0.650463 0.250521 0.684259 0.936338
0 0.595833 0.608796 0.266667 0.765741 0.938345
