56 0.717448 0.874074 0.288021 0.251852 0.257058
56 0.263281 0.511111 0.0536458 0.0611111 0.301908
56 0.552344 0.781018 0.110937 0.199074 0.322288
24 0.597917 0.476852 0.101042 0.105556 0.366193
39 0.0268229 0.515741 0.0203125 0.122222 0.442182
56 0.569792 0.655093 0.151042 0.44537 0.523107
56 0.64349 0.880556 0.139062 0.224074 0.52476
56 0.70625 0.484722 0.053125 0.0268519 0.595474
39 0.277865 0.189815 0.00989583 0.0555556 0.619747
56 0.815625 0.497222 0.104167 0.153704 0.715792
56 0.236979 0.764352 0.223958 0.460185 0.899715
0 0.261458 0.382407 0.104167 0.307407 0.906054
0 0.0507812 0.649074 0.101562 0.677778 0.907286
