56 0.56875 0.637963 0.148958 0.448148 0.382026
39 0.277865 0.189815 0.00989583 0.0537037 0.515096
56 0.869792 0.538889 0.0333333 0.188889 0.644251
0 0.276823 0.465741 0.0817708 0.142593 0.734185
24 0.585417 0.493981 0.127083 0.139815 0.763768
0 0.0359375 0.560648 0.071875 0.543519 0.868939
56 0.132812 0.789815 0.179167 0.4 0.901644
0 0.823177 0.394907 0.117188 0.358333 0.904478
56 0.74375 0.78287 0.246875 0.419444 0.914747
0 0.685938 0.601389 0.272917 0.776852 0.938033
0 0.259115 0.648611 0.256771 0.684259 0.943948
