24 0.367448 0.953241 0.151562 0.0898148 0.334291
32 0.335417 0.584722 0.0270833 0.0416667 0.364102
24 0.489062 0.509259 0.10625 0.0722222 0.366191
56 0.601302 0.478704 0.105729 0.111111 0.376912
26 0.488802 0.509259 0.105729 0.0740741 0.405194
24 0.600521 0.478704 0.10625 0.109259 0.427183
56 0.836198 0.512963 0.0182292 0.114815 0.453319
39 0.278125 0.190278 0.0104167 0.0527778 0.582553
0 0.773698 0.395833 0.119271 0.337963 0.856933
56 0.711719 0.772222 0.250521 0.438889 0.86907
0 0.185677 0.448148 0.0671875 0.207407 0.88244
56 0.175781 0.801852 0.231771 0.383333 0.922132
0 0.242708 0.662037 0.220833 0.648148 0.925988
0 0.635156 0.611574 0.251563 0.758333 0.932229
