56 0.636458 0.6625 0.129167 0.515741 0.418478
24 0.466927 0.959259 0.123438 0.0777778 0.449776
24 0.697135 0.437963 0.0682292 0.112963 0.458616
26 0.56849 0.475 0.114063 0.0722222 0.50124
67 0.740104 0.464815 0.0291667 0.0314815 0.501286
24 0.652083 0.449537 0.0510417 0.0824074 0.519297
39 0.345313 0.17037 0.0104167 0.0537037 0.689812
0 0.836458 0.562963 0.215625 0.753704 0.834509
0 0.377865 0.402315 0.103646 0.210185 0.889443
56 0.236719 0.785648 0.241146 0.415741 0.909909
0 0.215365 0.431944 0.0911458 0.308333 0.921326
0 0.332812 0.626389 0.282292 0.717593 0.933984
