56 0.263281 0.511111 0.0536458 0.0611111 0.26921
56 0.246875 0.584259 0.0927083 0.203704 0.273627
56 0.553125 0.781944 0.113542 0.199074 0.371053
24 0.597917 0.476389 0.101042 0.10463 0.398284
56 0.56849 0.656944 0.148438 0.443519 0.501055
56 0.713021 0.879167 0.280208 0.234259 0.55715
56 0.70625 0.484722 0.053125 0.0268519 0.607306
39 0.277865 0.189815 0.00989583 0.0555556 0.625265
56 0.816146 0.497222 0.104167 0.153704 0.681256
0 0.264062 0.38287 0.096875 0.306481 0.878977
56 0.236979 0.765741 0.225 0.457407 0.907554
