27 0.466146 0.239352 0.078125 0.319444 0.276625
0 0.367969 0.399537 0.0661458 0.210185 0.350633
0 0.714323 0.444444 0.0463542 0.1 0.405823
39 0.345313 0.168056 0.0104167 0.0527778 0.480193
56 0.754948 0.852315 0.140104 0.271296 0.567871
67 0.801042 0.353241 0.028125 0.0453704 0.643209
0 0.96276 0.313426 0.0546875 0.113889 0.686857
0 0.85599 0.562037 0.213021 0.761111 0.775765
0 0.315885 0.59537 0.188021 0.653704 0.858249
0 0.551302 0.493519 0.331771 0.985185 0.858955
56 0.261458 0.772685 0.219792 0.443519 0.920672
