60 0.64349 0.708796 0.653646 0.486111 0.280224
0 0.39375 0.638889 0.246875 0.688889 0.283806
56 0.83125 0.673148 0.157292 0.455556 0.460678
24 0.738542 0.82037 0.159375 0.196296 0.564344
26 0.565625 0.475 0.111458 0.0722222 0.566954
67 0.861198 0.438426 0.0328125 0.0212963 0.625725
0 0.263021 0.555556 0.192708 0.540741 0.649814
39 0.345313 0.17037 0.0104167 0.0537037 0.654151
0 0.921094 0.551852 0.156771 0.761111 0.779897
0 0.344271 0.404167 0.125 0.206481 0.816407
0 0.672396 0.578704 0.20625 0.683333 0.847982
56 0.198958 0.756944 0.191667 0.482407 0.887934
0 0.0380208 0.568981 0.0760417 0.728704 0.913863
