56 0.570312 0.638426 0.152083 0.449074 0.291722
0 0.166927 0.474074 0.0755208 0.255556 0.344537
0 0.224219 0.464352 0.174479 0.241667 0.387781
56 0.553125 0.775463 0.114583 0.202778 0.429493
39 0.277604 0.189352 0.0104167 0.0546296 0.456053
56 0.86276 0.537037 0.0390625 0.192593 0.524212
24 0.586979 0.491667 0.13125 0.144444 0.739643
56 0.13151 0.789352 0.176563 0.400926 0.896181
56 0.745313 0.785648 0.246875 0.413889 0.905694
0 0.815365 0.389815 0.100521 0.357407 0.906257
0 0.692969 0.599074 0.274479 0.785185 0.932967
0 0.261458 0.658333 0.2625 0.662963 0.947478
