24 0.474479 0.75463 0.0875 0.175926 0.251618
60 0.65026 0.714352 0.689062 0.480556 0.35438
24 0.567448 0.475926 0.114063 0.0703704 0.40763
24 0.650781 0.446759 0.0494792 0.087963 0.548332
0 0.272656 0.634259 0.205729 0.677778 0.554065
0 0.805208 0.300463 0.122917 0.415741 0.588526
67 0.88151 0.435185 0.0307292 0.0240741 0.594579
56 0.760677 0.471759 0.0786458 0.0675926 0.606013
39 0.345573 0.169907 0.00989583 0.0546296 0.65908
0 0.920573 0.537037 0.158854 0.774074 0.68266
24 0.697135 0.438426 0.0630208 0.115741 0.718984
0 0.357552 0.402778 0.136979 0.225926 0.878085
56 0.19401 0.755093 0.182812 0.486111 0.911065
