24 0.56875 0.475 0.114583 0.0703704 0.362138
26 0.569271 0.474537 0.114583 0.0712963 0.367303
56 0.648438 0.664815 0.15 0.496296 0.408441
56 0.876302 0.699074 0.222396 0.566667 0.43907
24 0.652083 0.443056 0.0520833 0.0898148 0.445352
24 0.466667 0.958796 0.123958 0.0787037 0.473256
24 0.692448 0.439815 0.0651042 0.103704 0.518302
0 0.414583 0.567593 0.182292 0.544444 0.639435
39 0.345313 0.169444 0.0104167 0.0555556 0.643741
56 0.109896 0.636111 0.0864583 0.257407 0.67891
0 0.84401 0.58287 0.204688 0.80463 0.800125
0 0.198958 0.536574 0.214583 0.473148 0.900436
56 0.242969 0.773611 0.273438 0.437963 0.925087
