26 0.573438 0.476389 0.0979167 0.0675926 0.260962
56 0.739844 0.466667 0.0869792 0.0592593 0.277357
56 0.695052 0.436574 0.0536458 0.112037 0.341523
56 0.675781 0.677778 0.198437 0.492593 0.489762
24 0.652083 0.452778 0.0520833 0.0740741 0.501467
0 0.360417 0.438426 0.0427083 0.100926 0.517944
67 0.43099 0.631944 0.0526042 0.0268519 0.536413
24 0.465885 0.959259 0.124479 0.0777778 0.564776
39 0.345313 0.17037 0.0104167 0.0537037 0.566543
24 0.69401 0.436111 0.0536458 0.111111 0.596184
0 0.977344 0.319444 0.0442708 0.125926 0.69401
56 0.111198 0.641667 0.0911458 0.25 0.787186
0 0.516927 0.495833 0.141146 0.647222 0.834531
0 0.83724 0.564352 0.215104 0.789815 0.847385
56 0.242708 0.78287 0.267708 0.423148 0.896776
0 0.159896 0.466204 0.132292 0.326852 0.90288
0 0.328385 0.630556 0.261979 0.709259 0.936561
