41 0.504167 0.388426 0.0354167 0.0342593 0.274424
56 0.971094 0.645833 0.0578125 0.547222 0.378949
0 0.379427 0.40463 0.0515625 0.196296 0.429132
24 0.466667 0.95787 0.123958 0.0787037 0.465145
56 0.68125 0.441204 0.114583 0.110185 0.470964
67 0.43151 0.630093 0.0515625 0.0268519 0.485861
39 0.345313 0.168056 0.0104167 0.0546296 0.567767
56 0.776042 0.466667 0.04375 0.0722222 0.581209
24 0.680208 0.44213 0.1125 0.10463 0.59068
67 0.814844 0.466204 0.0369792 0.0212963 0.60706
0 0.875521 0.526852 0.183333 0.785185 0.889858
56 0.683594 0.744907 0.279687 0.500926 0.91133
0 0.354427 0.625463 0.266146 0.693519 0.921666
56 0.264844 0.771296 0.227604 0.437037 0.924395
