0 0.347656 0.390278 0.122396 0.232407 0.255778
56 0.651823 0.633796 0.159896 0.484259 0.256587
56 0.92526 0.53287 0.0734375 0.24537 0.264973
24 0.651302 0.444907 0.0515625 0.0861111 0.265407
24 0.570312 0.474537 0.109375 0.0712963 0.273967
26 0.571094 0.474074 0.108854 0.0703704 0.32071
24 0.466927 0.958333 0.124479 0.0777778 0.457839
24 0.679167 0.441204 0.103125 0.10463 0.512054
60 0.614583 0.728241 0.757292 0.499074 0.555789
39 0.345313 0.168981 0.0104167 0.0546296 0.60738
0 0.971615 0.311574 0.0557292 0.126852 0.764062
56 0.11224 0.698148 0.0984375 0.362963 0.764721
0 0.344271 0.52963 0.128125 0.509259 0.804244
0 0.824219 0.549074 0.208854 0.687037 0.86031
0 0.204688 0.537963 0.1875 0.461111 0.901951
0 0.16276 0.283796 0.0994792 0.287963 0.907903
56 0.2375 0.772685 0.282292 0.44537 0.92333
