0 0.978646 0.312963 0.0427083 0.131481 0.281484
24 0.651823 0.443519 0.0526042 0.0888889 0.30695
26 0.567708 0.474074 0.114583 0.0703704 0.321289
24 0.567187 0.474537 0.115625 0.0712963 0.363705
0 0.411719 0.422685 0.0890625 0.15463 0.364137
24 0.678906 0.441204 0.103646 0.10463 0.470267
24 0.466667 0.958796 0.123958 0.0787037 0.493576
0 0.115365 0.531482 0.153646 0.772222 0.499749
60 0.619271 0.723148 0.7375 0.498148 0.506963
56 0.106771 0.634259 0.09375 0.240741 0.606536
39 0.345052 0.168981 0.00989583 0.0546296 0.621856
0 0.341667 0.528704 0.134375 0.505556 0.699454
0 0.123958 0.333796 0.135417 0.375 0.703272
0 0.82474 0.557407 0.209896 0.692593 0.862247
0 0.200521 0.536111 0.208333 0.464815 0.895829
56 0.236719 0.773148 0.283854 0.442593 0.931672
