72 0.102344 0.375 0.204688 0.75 0.288825
24 0.505208 0.506481 0.0708333 0.062963 0.300138
56 0.548437 0.781018 0.105208 0.197222 0.331524
56 0.568229 0.658796 0.146875 0.436111 0.387848
39 0.277865 0.189352 0.00989583 0.0527778 0.419278
24 0.597917 0.477315 0.101042 0.10463 0.436997
56 0.251042 0.515278 0.028125 0.0527778 0.512045
56 0.715885 0.87963 0.286979 0.233333 0.583995
56 0.70651 0.484722 0.0526042 0.0268519 0.621369
56 0.815625 0.497222 0.104167 0.153704 0.732061
0 0.269271 0.360648 0.0708333 0.276852 0.767116
56 0.226042 0.76713 0.203125 0.456481 0.919831
0 0.39375 0.529167 0.282292 0.913889 0.929299
