67 0.43151 0.62963 0.0515625 0.0259259 0.286109
56 0.959375 0.642593 0.08125 0.538889 0.470678
24 0.466667 0.95787 0.125 0.0787037 0.476115
67 0.810938 0.321759 0.0260417 0.0675926 0.526673
39 0.345313 0.168056 0.0104167 0.0527778 0.528455
24 0.676042 0.443981 0.102083 0.100926 0.536668
0 0.855208 0.539352 0.201042 0.749074 0.812917
0 0.371094 0.391204 0.0609375 0.217593 0.840983
0 0.354427 0.622222 0.259896 0.705556 0.886509
56 0.68125 0.743056 0.297917 0.502778 0.90889
56 0.26849 0.768519 0.233854 0.446296 0.916552
