0 0.647917 0.547222 0.147917 0.766667 0.266698
26 0.571094 0.475 0.109896 0.0703704 0.291216
24 0.570052 0.475463 0.110937 0.0712963 0.292009
24 0.664062 0.439815 0.0791667 0.101852 0.312126
56 0.63724 0.6625 0.131771 0.528704 0.3185
67 0.43125 0.631944 0.0520833 0.0268519 0.350164
56 0.739844 0.464352 0.0859375 0.0601852 0.496134
0 0.977083 0.321759 0.0458333 0.123148 0.517352
24 0.466406 0.958796 0.123438 0.0787037 0.541457
39 0.345313 0.169444 0.0104167 0.0537037 0.564995
0 0.655208 0.318056 0.128125 0.319444 0.775902
56 0.1125 0.642593 0.09375 0.251852 0.789898
0 0.83776 0.569444 0.215104 0.775926 0.849096
56 0.240365 0.780556 0.264062 0.425926 0.886959
0 0.169271 0.475463 0.130208 0.34537 0.892238
0 0.333073 0.634259 0.268229 0.711111 0.937516
