56 0.55599 0.776389 0.119271 0.200926 0.265944
56 0.571094 0.636574 0.154687 0.447222 0.278665
56 0.857552 0.538426 0.0515625 0.186111 0.537399
39 0.277865 0.188889 0.00989583 0.0537037 0.552368
0 0.286979 0.46713 0.075 0.113889 0.601321
24 0.586719 0.493056 0.130729 0.141667 0.715704
56 0.13125 0.789815 0.176042 0.401852 0.890713
0 0.821354 0.391667 0.102083 0.357407 0.903986
56 0.744792 0.785185 0.25 0.416667 0.911172
0 0.690625 0.6 0.279167 0.783333 0.936289
0 0.260677 0.651389 0.260938 0.678704 0.949485
