26 0.571094 0.474537 0.108854 0.0712963 0.302347
24 0.570573 0.475463 0.108854 0.0712963 0.329812
24 0.477604 0.753241 0.06875 0.171296 0.341662
67 0.43125 0.631019 0.0510417 0.0268519 0.39627
56 0.86901 0.700463 0.232812 0.569444 0.464391
0 0.176563 0.275926 0.059375 0.133333 0.52891
24 0.67526 0.439815 0.0963542 0.103704 0.535981
24 0.466406 0.958796 0.123438 0.0787037 0.575666
56 0.644792 0.656944 0.147917 0.510185 0.580775
39 0.345313 0.169444 0.0104167 0.0555556 0.600384
0 0.971875 0.312037 0.05625 0.118519 0.710936
0 0.169792 0.474074 0.130208 0.338889 0.854372
56 0.1125 0.643981 0.0927083 0.25463 0.86137
0 0.844271 0.559259 0.205208 0.812963 0.862491
56 0.240885 0.781944 0.268229 0.423148 0.904889
0 0.338021 0.635185 0.278125 0.707407 0.935294
