26 0.57474 0.474537 0.103646 0.0712963 0.268163
24 0.573438 0.475463 0.10625 0.0712963 0.299508
56 0.636979 0.6625 0.130208 0.510185 0.303407
67 0.43099 0.631944 0.0526042 0.0268519 0.426771
24 0.65026 0.446759 0.0473958 0.0842593 0.440825
24 0.466146 0.959259 0.123958 0.0777778 0.46855
0 0.977083 0.321759 0.0458333 0.123148 0.507327
39 0.345313 0.169444 0.0104167 0.0537037 0.573824
56 0.740104 0.465278 0.0854167 0.0564815 0.581524
56 0.11276 0.641667 0.0932292 0.25 0.754241
0 0.723437 0.31713 0.120833 0.34537 0.774142
0 0.836979 0.568981 0.214583 0.780556 0.84299
56 0.241406 0.780093 0.267188 0.426852 0.874718
0 0.16849 0.476389 0.130729 0.347222 0.882096
0 0.333854 0.633333 0.269792 0.711111 0.930573
