56 0.694531 0.440278 0.0609375 0.10463 0.266963
65 0.263021 0.518056 0.0520833 0.0435185 0.328465
56 0.741927 0.466667 0.0880208 0.0611111 0.34643
28 0.492188 0.959259 0.071875 0.0777778 0.362657
26 0.574479 0.475463 0.104167 0.0712963 0.43282
24 0.654948 0.441667 0.0588542 0.0944444 0.456876
24 0.686458 0.439815 0.0760417 0.103704 0.46099
56 0.872917 0.699537 0.221875 0.567593 0.522152
56 0.65026 0.663426 0.153646 0.497222 0.539334
0 0.84349 0.581019 0.204688 0.806481 0.827196
0 0.473437 0.390741 0.040625 0.212963 0.854066
0 0.247656 0.495833 0.445312 0.987963 0.895889
