56 0.716406 0.876852 0.285937 0.246296 0.263109
56 0.552865 0.78287 0.111979 0.199074 0.302024
24 0.597917 0.476389 0.101042 0.10463 0.347574
56 0.642708 0.880556 0.1375 0.224074 0.553789
56 0.276302 0.602315 0.0786458 0.241667 0.559643
39 0.277604 0.189815 0.0104167 0.0555556 0.578609
56 0.568229 0.656018 0.147917 0.443519 0.585795
56 0.70625 0.484259 0.053125 0.0259259 0.612855
56 0.815885 0.499074 0.104687 0.157407 0.626072
56 0.176302 0.871296 0.224479 0.251852 0.634911
0 0.278646 0.381481 0.075 0.301852 0.833111
0 0.157292 0.711111 0.264583 0.557407 0.920709
