56 0.794792 0.477778 0.053125 0.062963 0.306617
60 0.623177 0.710185 0.697396 0.498148 0.422181
24 0.703385 0.822222 0.229687 0.2 0.449629
24 0.646875 0.442593 0.04375 0.087037 0.498299
26 0.566667 0.475463 0.1125 0.0712963 0.510911
0 0.436198 0.596296 0.153646 0.755556 0.580755
67 0.858073 0.440741 0.0286458 0.0203704 0.596635
39 0.345573 0.170833 0.00989583 0.0546296 0.612063
0 0.415104 0.358333 0.101042 0.27963 0.668418
0 0.920313 0.54537 0.158333 0.766667 0.763166
0 0.686458 0.584259 0.184375 0.687037 0.785776
0 0.359375 0.40787 0.1375 0.213889 0.867511
0 0.236979 0.606019 0.220833 0.637963 0.896868
56 0.192969 0.753704 0.181771 0.492593 0.932744
