56 0.697656 0.4375 0.0609375 0.113889 0.257632
24 0.568229 0.475463 0.113542 0.0712963 0.347671
24 0.694792 0.4375 0.0614583 0.112037 0.365057
26 0.56849 0.475 0.114063 0.0722222 0.394525
67 0.742188 0.464352 0.0333333 0.0324074 0.417536
67 0.43125 0.631944 0.0520833 0.0268519 0.425664
24 0.651563 0.448611 0.0510417 0.0824074 0.486392
24 0.466667 0.958796 0.122917 0.0787037 0.504294
56 0.638281 0.658333 0.133854 0.522222 0.560949
39 0.345313 0.169444 0.0104167 0.0537037 0.565826
0 0.183073 0.326852 0.0973958 0.259259 0.747473
56 0.108594 0.680093 0.0859375 0.326852 0.800945
0 0.161719 0.4625 0.131771 0.325 0.83935
0 0.835677 0.5625 0.216146 0.756481 0.845535
0 0.366146 0.3875 0.0645833 0.206481 0.849963
56 0.239063 0.783333 0.26875 0.422222 0.911128
0 0.326302 0.630556 0.275521 0.712963 0.92463
