0 0.83151 0.5375 0.179688 0.725 0.259941
24 0.571354 0.475926 0.078125 0.0703704 0.321726
67 0.427083 0.631481 0.0520833 0.0259259 0.351349
24 0.45599 0.963889 0.130729 0.0685185 0.475963
0 0.825 0.351389 0.166667 0.336111 0.489429
39 0.340625 0.17037 0.0104167 0.0537037 0.515242
56 0.867708 0.650926 0.140625 0.511111 0.597691
0 0.245833 0.408796 0.0583333 0.202778 0.684705
56 0.713281 0.74213 0.260938 0.500926 0.857949
56 0.238802 0.775463 0.243229 0.439815 0.919078
0 0.627865 0.56713 0.258854 0.841667 0.929949
0 0.308333 0.628704 0.222917 0.716667 0.932189
