56 0.78151 0.625 0.0661458 0.361111 0.263406
24 0.480469 0.753704 0.0755208 0.168519 0.298532
67 0.385938 0.461574 0.0197917 0.0194444 0.355794
0 0.404427 0.655556 0.216146 0.640741 0.398399
26 0.548958 0.475463 0.123958 0.0731481 0.458392
67 0.857031 0.322222 0.0286458 0.0166667 0.488796
0 0.259115 0.535648 0.188021 0.465741 0.683105
39 0.345573 0.170833 0.00989583 0.0546296 0.683169
0 0.715885 0.572222 0.184896 0.644444 0.695564
0 0.366146 0.424537 0.132292 0.173148 0.812298
56 0.19375 0.755093 0.182292 0.487963 0.91573
0 0.91276 0.478704 0.174479 0.955556 0.923881
