60 0.651823 0.722222 0.678646 0.492593 0.264082
24 0.480469 0.753704 0.0755208 0.168519 0.313192
56 0.779167 0.547685 0.0520833 0.20463 0.34738
67 0.827604 0.384259 0.04375 0.0259259 0.414537
26 0.547656 0.475463 0.124479 0.0731481 0.464562
67 0.390625 0.466204 0.0177083 0.0212963 0.523406
56 0.982031 0.51713 0.0359375 0.265741 0.536436
0 0.254167 0.544907 0.177083 0.489815 0.660665
39 0.345573 0.17037 0.00989583 0.0537037 0.680709
0 0.711979 0.579167 0.182292 0.663889 0.697351
0 0.365104 0.42037 0.132292 0.190741 0.870614
0 0.878385 0.508333 0.226562 0.968518 0.9009
56 0.19375 0.755093 0.182292 0.487963 0.911006
