60 0.785156 0.708796 0.389062 0.512037 0.250039
24 0.453125 0.961574 0.122917 0.0731481 0.521416
39 0.327865 0.176389 0.0109375 0.0564815 0.556886
24 0.664323 0.446759 0.113021 0.108333 0.577445
67 0.782552 0.32963 0.0255208 0.05 0.610212
67 0.416146 0.635648 0.0520833 0.025 0.635521
0 0.83151 0.551389 0.197396 0.736111 0.852819
0 0.171094 0.581944 0.115104 0.643519 0.905111
56 0.664062 0.746296 0.291667 0.5 0.922924
56 0.254687 0.77963 0.248958 0.431481 0.929077
0 0.327865 0.631481 0.260938 0.712963 0.929624
