67 0.43125 0.631944 0.0520833 0.0268519 0.314673
0 0.972656 0.318519 0.0546875 0.118519 0.320393
26 0.568229 0.475 0.114583 0.0703704 0.340611
24 0.568229 0.475463 0.113542 0.0712963 0.36504
24 0.69401 0.437037 0.0546875 0.111111 0.43838
24 0.465885 0.959259 0.125521 0.0777778 0.484039
56 0.694271 0.437037 0.0541667 0.112963 0.494728
24 0.652344 0.446296 0.0536458 0.0888889 0.549401
56 0.638542 0.6625 0.135417 0.517593 0.55543
39 0.345313 0.168981 0.0104167 0.0546296 0.568694
0 0.371875 0.431944 0.0510417 0.117593 0.715781
56 0.118229 0.638426 0.08125 0.247222 0.771582
0 0.836198 0.562037 0.216146 0.777778 0.839579
0 0.165625 0.467593 0.13125 0.333333 0.871732
0 0.0533854 0.606019 0.105729 0.771296 0.886533
56 0.240104 0.781944 0.264583 0.423148 0.908853
0 0.33125 0.633333 0.265625 0.701852 0.919507
