56 0.957292 0.637963 0.0854167 0.494444 0.261381
24 0.58151 0.469444 0.0869792 0.0592593 0.26986
24 0.466146 0.95787 0.125 0.0787037 0.35405
67 0.43151 0.62963 0.0515625 0.0259259 0.356766
56 0.68125 0.440278 0.113542 0.110185 0.437848
39 0.345313 0.168519 0.0104167 0.0537037 0.535628
24 0.68099 0.441204 0.111979 0.106481 0.5756
0 0.961198 0.315278 0.0609375 0.115741 0.703233
67 0.801302 0.401852 0.0276042 0.0444444 0.736783
0 0.852083 0.553704 0.204167 0.740741 0.819337
0 0.369531 0.394907 0.0619792 0.219444 0.834969
0 0.348177 0.612037 0.263021 0.683333 0.865094
56 0.679688 0.742593 0.29375 0.505556 0.904352
56 0.266146 0.773148 0.23125 0.437037 0.915353
