56 0.739323 0.465278 0.0848958 0.0583333 0.443402
67 0.43151 0.631944 0.0515625 0.0268519 0.493824
56 0.677083 0.678704 0.205208 0.488889 0.521972
0 0.976823 0.322222 0.0463542 0.124074 0.540724
24 0.652344 0.450463 0.0526042 0.0787037 0.55572
24 0.694271 0.436111 0.053125 0.111111 0.555799
56 0.694271 0.437037 0.0541667 0.112963 0.573952
39 0.345313 0.169444 0.0104167 0.0537037 0.57477
24 0.466146 0.959259 0.123958 0.0777778 0.6228
56 0.109115 0.64213 0.0859375 0.250926 0.811503
0 0.8375 0.571759 0.214583 0.780556 0.851526
0 0.172135 0.457407 0.135937 0.290741 0.881746
0 0.532292 0.491204 0.141667 0.650926 0.892496
56 0.244271 0.784259 0.266667 0.418519 0.905484
0 0.330208 0.633796 0.25625 0.710185 0.934365
