56 0.656771 0.63287 0.165625 0.489815 0.258739
56 0.940625 0.644907 0.11875 0.517593 0.289556
56 0.211979 0.55 0.0520833 0.17963 0.316554
67 0.43125 0.630093 0.0510417 0.0268519 0.39798
26 0.572396 0.474074 0.107292 0.0722222 0.423254
24 0.466667 0.957407 0.123958 0.0777778 0.431599
24 0.571615 0.474074 0.109896 0.0722222 0.440646
24 0.68151 0.439352 0.113021 0.108333 0.467077
56 0.771094 0.467593 0.0901042 0.0740741 0.558594
56 0.21224 0.496759 0.0526042 0.075 0.653172
0 0.371615 0.325926 0.138021 0.383333 0.751672
0 0.867708 0.572222 0.222917 0.82963 0.817357
56 0.132552 0.743056 0.216146 0.50463 0.913433
56 0.26276 0.777778 0.238021 0.433333 0.91353
0 0.354167 0.628241 0.271875 0.710185 0.920066
