67 0.433073 0.630093 0.0515625 0.0268519 0.275016
39 0.346615 0.168056 0.0109375 0.0546296 0.556665
0 0.308073 0.3875 0.126563 0.219444 0.564295
67 0.803125 0.319907 0.0260417 0.0453704 0.597849
24 0.467708 0.958796 0.123958 0.0805556 0.618005
24 0.682552 0.440741 0.113021 0.109259 0.654291
0 0.972656 0.3125 0.0546875 0.108333 0.718421
0 0.851042 0.547222 0.201042 0.735185 0.861665
0 0.0273438 0.669444 0.0546875 0.635185 0.881075
56 0.68099 0.743056 0.294271 0.508333 0.883006
56 0.272656 0.771296 0.241146 0.440741 0.913373
0 0.353906 0.617593 0.258854 0.677778 0.927109
