24 0.367188 0.974537 0.152083 0.0509259 0.273097
56 0.601562 0.478241 0.10625 0.112037 0.30539
26 0.490104 0.508796 0.107292 0.0731481 0.342088
24 0.601823 0.478241 0.106771 0.108333 0.353766
56 0.834896 0.511111 0.01875 0.116667 0.459347
39 0.277865 0.190278 0.00989583 0.0546296 0.598968
56 0.711458 0.770833 0.248958 0.441667 0.833136
0 0.772396 0.396759 0.117708 0.334259 0.870572
0 0.186979 0.441667 0.0770833 0.218519 0.888988
56 0.173177 0.801389 0.228646 0.384259 0.920992
0 0.244531 0.660648 0.222396 0.652778 0.921457
0 0.633073 0.6125 0.249479 0.75463 0.932477
