26 0.533073 0.528241 0.102604 0.502778 0.274641
24 0.651563 0.444444 0.0520833 0.087037 0.282295
56 0.675781 0.666204 0.185937 0.49537 0.318656
60 0.61224 0.710185 0.764063 0.494444 0.354878
26 0.58099 0.475 0.0859375 0.0703704 0.399796
56 0.880208 0.698611 0.217708 0.567593 0.411286
24 0.466927 0.958333 0.123438 0.0777778 0.473591
24 0.67526 0.440741 0.0994792 0.101852 0.558018
39 0.345313 0.168981 0.0104167 0.0546296 0.585294
0 0.530729 0.531944 0.105208 0.521296 0.708345
56 0.109635 0.636111 0.0859375 0.257407 0.709561
0 0.84375 0.581481 0.205208 0.8 0.789982
0 0.198698 0.535185 0.215104 0.472222 0.884062
56 0.242188 0.773611 0.273958 0.437963 0.934246
