56 0.650521 0.635648 0.157292 0.489815 0.282065
60 0.607031 0.718982 0.757812 0.49537 0.387069
24 0.65599 0.443056 0.0630208 0.0935185 0.40273
24 0.690625 0.440741 0.0854167 0.105556 0.48968
24 0.466927 0.958796 0.123438 0.0787037 0.517896
39 0.345573 0.169444 0.00989583 0.0537037 0.606719
26 0.575521 0.474074 0.1 0.0722222 0.60851
56 0.106771 0.638426 0.0885417 0.241667 0.688456
0 0.432813 0.586574 0.201042 0.558333 0.784431
0 0.166146 0.251389 0.09375 0.208333 0.832587
0 0.824479 0.548611 0.209375 0.684259 0.856321
56 0.238021 0.772222 0.28125 0.444444 0.910977
0 0.214844 0.538889 0.220313 0.461111 0.917802
