24 0.703906 0.328241 0.130729 0.39537 0.327995
60 0.547396 0.731481 0.633333 0.47963 0.334153
24 0.580729 0.484259 0.0666667 0.0814815 0.418098
39 0.277604 0.189815 0.0104167 0.0537037 0.502357
56 0.559375 0.674537 0.127083 0.462037 0.59205
56 0.770573 0.559259 0.142188 0.259259 0.619549
24 0.771354 0.363426 0.096875 0.210185 0.728554
56 0.248698 0.510648 0.0494792 0.0601852 0.756983
56 0.660156 0.501852 0.0734375 0.0666667 0.763988
0 0.489583 0.52963 0.130208 0.531482 0.817739
0 0.695573 0.328241 0.116146 0.399074 0.835262
24 0.107292 0.421296 0.130208 0.318519 0.848743
56 0.791667 0.756019 0.266667 0.471296 0.915499
0 0.174479 0.564352 0.161458 0.849074 0.916062
56 0.33099 0.7875 0.228646 0.412037 0.929947
