24 0.467187 0.957407 0.125 0.0796296 0.275306
56 0.779167 0.545833 0.065625 0.221296 0.327065
56 0.701563 0.440278 0.071875 0.112037 0.412522
24 0.660417 0.450463 0.06875 0.0842593 0.536892
67 0.857552 0.443981 0.0286458 0.0342593 0.554825
56 0.667708 0.44537 0.0875 0.1 0.644433
0 0.88776 0.50463 0.184896 0.775926 0.751745
56 0.783073 0.467593 0.0567708 0.0740741 0.793127
56 0.179427 0.616204 0.0505208 0.112037 0.816788
56 0.715104 0.759259 0.323958 0.468519 0.895304
0 0.410677 0.530556 0.469271 0.909259 0.956406
