65 0.361198 0.684259 0.0473958 0.0240741 0.254635
24 0.489844 0.508796 0.107813 0.0712963 0.261093
56 0.548698 0.780556 0.104687 0.196296 0.300534
24 0.597396 0.477315 0.101042 0.102778 0.352198
39 0.277865 0.189815 0.00989583 0.0537037 0.521069
56 0.715625 0.87963 0.286458 0.233333 0.59266
56 0.56901 0.656018 0.149479 0.439815 0.606739
56 0.815625 0.499074 0.104167 0.151852 0.633988
56 0.70625 0.485185 0.053125 0.0277778 0.649443
0 0.971615 0.443056 0.0557292 0.652778 0.815247
56 0.263542 0.512037 0.0510417 0.0592593 0.822652
0 0.265885 0.452315 0.0796875 0.163889 0.857633
56 0.140104 0.798611 0.228125 0.391667 0.930629
0 0.224479 0.661574 0.26875 0.663889 0.950256
