26 0.573698 0.474074 0.102604 0.0703704 0.296198
56 0.651823 0.633796 0.160938 0.489815 0.298629
0 0.414062 0.410185 0.090625 0.151852 0.300255
24 0.651823 0.443519 0.0515625 0.0888889 0.311829
0 0.976042 0.311574 0.0479167 0.132407 0.385223
24 0.679167 0.441204 0.103125 0.10463 0.439259
60 0.617188 0.72037 0.745833 0.492593 0.486116
24 0.466927 0.958796 0.124479 0.0787037 0.512004
39 0.345313 0.168519 0.0104167 0.0537037 0.60869
56 0.105729 0.640278 0.0895833 0.24537 0.647293
0 0.341927 0.526389 0.138021 0.502778 0.741096
0 0.82526 0.551852 0.209896 0.683333 0.855816
0 0.173958 0.321759 0.108333 0.334259 0.888301
0 0.194271 0.534259 0.20625 0.47037 0.896822
56 0.23724 0.772685 0.280729 0.441667 0.924435
