56 0.816406 0.599074 0.165104 0.340741 0.284624
24 0.766406 0.351389 0.150521 0.284259 0.287006
26 0.490104 0.506481 0.102083 0.0703704 0.28726
24 0.580729 0.484722 0.0677083 0.0805556 0.301042
60 0.554167 0.734722 0.603125 0.484259 0.396277
56 0.370573 0.474537 0.0494792 0.100926 0.488435
39 0.277604 0.189352 0.0104167 0.0546296 0.516269
56 0.254167 0.509259 0.040625 0.0611111 0.530803
56 0.559115 0.668981 0.124479 0.45463 0.65725
24 0.796615 0.355093 0.0984375 0.167593 0.699761
56 0.659375 0.502315 0.06875 0.0638889 0.7385
0 0.740885 0.341204 0.135937 0.412037 0.804744
24 0.135417 0.435648 0.151042 0.323148 0.815055
56 0.792448 0.755093 0.265104 0.469444 0.873296
0 0.446354 0.539815 0.127083 0.551852 0.885421
0 0.214583 0.560185 0.182292 0.862963 0.905935
56 0.330729 0.787037 0.228125 0.412963 0.924922
