24 0.568229 0.475463 0.113542 0.0712963 0.309968
67 0.740365 0.464352 0.0317708 0.0305556 0.310285
67 0.43125 0.631944 0.0520833 0.0268519 0.39742
0 0.972656 0.315741 0.0546875 0.118519 0.435467
26 0.568229 0.474537 0.115625 0.0712963 0.435565
24 0.694271 0.437037 0.0541667 0.111111 0.450402
56 0.638802 0.660648 0.132812 0.519444 0.507052
24 0.466667 0.959259 0.122917 0.0777778 0.527017
24 0.652083 0.450926 0.0510417 0.0796296 0.529145
39 0.345313 0.169907 0.0104167 0.0546296 0.602261
0 0.281771 0.2875 0.0447917 0.178704 0.679846
0 0.366927 0.388426 0.0671875 0.210185 0.820613
56 0.107813 0.640741 0.084375 0.25 0.839136
0 0.836198 0.560185 0.216146 0.755556 0.849221
0 0.157552 0.461574 0.126563 0.326852 0.891665
56 0.240625 0.78287 0.270833 0.423148 0.903057
0 0.326562 0.631019 0.276042 0.713889 0.9208
