60 0.507292 0.731019 0.766667 0.489815 0.283333
0 0.221354 0.590278 0.15625 0.510185 0.304951
56 0.553906 0.781482 0.109896 0.194444 0.312479
67 0.664323 0.3625 0.0203125 0.0324074 0.376401
56 0.364323 0.452778 0.0442708 0.146296 0.384527
56 0.566667 0.662963 0.14375 0.433333 0.436262
0 0.213021 0.444444 0.138542 0.22037 0.610707
39 0.277865 0.190278 0.00989583 0.0546296 0.611994
56 0.817708 0.506944 0.05 0.125 0.629253
56 0.705469 0.878704 0.261979 0.233333 0.676557
0 0.733333 0.414352 0.164583 0.337963 0.777887
0 0.447135 0.521296 0.133854 0.627778 0.848447
56 0.256771 0.78287 0.191667 0.419444 0.910466
