60 0.736458 0.727315 0.391667 0.50463 0.259268
0 0.0135417 0.569907 0.0270833 0.15463 0.279664
24 0.413802 0.969444 0.117188 0.0574074 0.291299
67 0.37474 0.653704 0.0526042 0.0259259 0.438672
24 0.621354 0.460185 0.111458 0.103704 0.449977
0 0.186719 0.361111 0.0901042 0.17037 0.538019
39 0.284896 0.19213 0.0104167 0.0546296 0.570861
67 0.738802 0.341667 0.0255208 0.0481481 0.67004
56 0.160938 0.542593 0.0572917 0.125926 0.73601
0 0.23125 0.397222 0.177083 0.248148 0.837692
0 0.788021 0.564815 0.194792 0.731481 0.840972
56 0.215104 0.787037 0.255208 0.411111 0.908036
56 0.621875 0.751852 0.289583 0.483333 0.922675
0 0.294271 0.637963 0.267708 0.687037 0.934215
