26 0.571354 0.474537 0.109375 0.0712963 0.325886
24 0.570052 0.475 0.111979 0.0703704 0.34094
56 0.65 0.664815 0.153125 0.494444 0.408254
24 0.651563 0.443519 0.0520833 0.0888889 0.436874
56 0.877344 0.699074 0.222396 0.566667 0.444081
24 0.466667 0.958796 0.123958 0.0787037 0.487635
24 0.692187 0.439815 0.065625 0.103704 0.527496
39 0.345313 0.169444 0.0104167 0.0555556 0.645881
56 0.109896 0.636111 0.0864583 0.257407 0.67665
0 0.420312 0.570833 0.177083 0.549074 0.733625
0 0.84401 0.58287 0.204688 0.80463 0.795869
0 0.198958 0.537037 0.214583 0.474074 0.89736
56 0.242969 0.773611 0.273438 0.437963 0.924593
