60 0.559115 0.583333 0.400521 0.218519 0.254456
56 0.665625 0.439815 0.075 0.101852 0.344155
0 0.303906 0.366667 0.0682292 0.166667 0.350366
24 0.567969 0.473611 0.117188 0.0712963 0.384776
26 0.56875 0.473611 0.116667 0.0712963 0.391479
0 0.979688 0.313426 0.040625 0.123148 0.433576
0 0.742188 0.284722 0.06875 0.20463 0.486444
24 0.467187 0.958796 0.123958 0.0787037 0.529122
39 0.345313 0.168519 0.0104167 0.0537037 0.566111
0 0.144531 0.448148 0.195312 0.311111 0.575825
24 0.665365 0.44213 0.0744792 0.0953704 0.620482
0 0.336719 0.39213 0.135937 0.228704 0.723417
56 0.64401 0.648611 0.147396 0.487963 0.734796
56 0.703125 0.456481 0.0333333 0.0740741 0.800007
0 0.441406 0.341204 0.101562 0.312037 0.838077
0 0.852865 0.498148 0.201562 0.992593 0.884118
56 0.266667 0.774537 0.240625 0.441667 0.906622
0 0.357552 0.630093 0.261979 0.700926 0.912758
56 0.135156 0.752778 0.202604 0.483333 0.924409
