26 0.578385 0.472685 0.0942708 0.0712963 0.264619
24 0.572917 0.473148 0.105208 0.0703704 0.289637
67 0.43125 0.630556 0.0520833 0.0277778 0.347304
24 0.68099 0.438889 0.111979 0.107407 0.439822
56 0.654167 0.6375 0.165625 0.487963 0.44345
56 0.778385 0.654167 0.0973958 0.447222 0.443606
39 0.345313 0.168056 0.0104167 0.0527778 0.553689
56 0.789844 0.46713 0.0723958 0.0731481 0.56167
24 0.466406 0.958333 0.125521 0.0796296 0.60425
0 0.375781 0.395833 0.0609375 0.219444 0.61477
56 0.884635 0.655093 0.128646 0.552778 0.795121
0 0.952604 0.496296 0.09375 0.992593 0.877039
0 0.0424479 0.384259 0.0848958 0.333333 0.892558
56 0.0515625 0.748148 0.102083 0.485185 0.904461
0 0.359896 0.625 0.280208 0.718518 0.923671
56 0.267448 0.775463 0.250521 0.437963 0.926616
