24 0.580469 0.473148 0.0848958 0.0685185 0.280199
56 0.971094 0.645833 0.0578125 0.549074 0.342411
67 0.43151 0.62963 0.0515625 0.0259259 0.368027
56 0.68125 0.440278 0.113542 0.113889 0.4822
24 0.466667 0.95787 0.123958 0.0787037 0.491926
67 0.809375 0.467593 0.034375 0.0203704 0.577036
39 0.345313 0.167593 0.0104167 0.0537037 0.584664
24 0.68099 0.441204 0.113021 0.106481 0.636165
56 0.775781 0.466204 0.0432292 0.0712963 0.667633
0 0.378125 0.39537 0.0552083 0.214815 0.832583
0 0.873177 0.527315 0.178646 0.787963 0.887347
56 0.685417 0.743519 0.270833 0.503704 0.901645
0 0.357292 0.624074 0.277083 0.709259 0.904578
0 0.0505208 0.641204 0.1 0.699074 0.92156
56 0.264844 0.772685 0.227604 0.436111 0.929065
