24 0.667969 0.440741 0.0838542 0.1 0.266682
24 0.469531 0.95787 0.118229 0.0787037 0.282506
0 0.641406 0.512963 0.144271 0.707407 0.299766
24 0.692708 0.412963 0.107292 0.162963 0.312261
67 0.43151 0.630556 0.0505208 0.0259259 0.331144
56 0.652865 0.639352 0.157813 0.484259 0.335398
0 0.63776 0.312963 0.135937 0.327778 0.387021
56 0.751042 0.660648 0.151042 0.462037 0.434473
26 0.694531 0.412037 0.107813 0.17037 0.508484
56 0.87474 0.447222 0.0255208 0.101852 0.515908
39 0.345313 0.168981 0.0104167 0.0527778 0.518071
0 0.913802 0.491204 0.172396 0.886111 0.897746
56 0.267969 0.775926 0.250521 0.437037 0.918668
56 0.135156 0.743056 0.221354 0.50463 0.91967
0 0.361719 0.624537 0.278646 0.700926 0.928048
