26 0.577604 0.477778 0.084375 0.0648148 0.28327
56 0.739844 0.466667 0.0869792 0.0592593 0.298724
0 0.360677 0.434259 0.0432292 0.111111 0.407855
0 0.977344 0.32037 0.0453125 0.116667 0.427356
39 0.345313 0.169444 0.0104167 0.0537037 0.476437
67 0.43099 0.631944 0.0515625 0.0268519 0.482134
56 0.694271 0.436574 0.0541667 0.113889 0.538636
56 0.678125 0.679167 0.203125 0.493519 0.539631
24 0.465885 0.959259 0.124479 0.0777778 0.561689
24 0.652344 0.451852 0.0515625 0.0759259 0.57276
24 0.694271 0.435648 0.053125 0.112037 0.583777
56 0.110677 0.641667 0.0901042 0.25 0.75223
0 0.83724 0.571296 0.215104 0.77963 0.846925
0 0.538542 0.496759 0.144792 0.647222 0.862655
56 0.240885 0.782407 0.265104 0.424074 0.898605
0 0.160156 0.466204 0.131771 0.326852 0.901047
0 0.328125 0.631019 0.260417 0.710185 0.937377
