0 0.921615 0.296296 0.0807292 0.159259 0.257314
60 0.607813 0.71713 0.758333 0.489815 0.376216
24 0.651823 0.442593 0.0546875 0.0907407 0.396652
0 0.98125 0.316204 0.0375 0.132407 0.434777
26 0.569531 0.474537 0.111979 0.0712963 0.50829
24 0.694792 0.440278 0.0770833 0.10463 0.52211
24 0.467187 0.958333 0.123958 0.0777778 0.525119
39 0.345313 0.168981 0.0104167 0.0527778 0.62856
56 0.10651 0.638426 0.0890625 0.241667 0.683192
0 0.416667 0.572222 0.184375 0.583333 0.777199
0 0.165104 0.264352 0.0916667 0.228704 0.795997
0 0.824479 0.553241 0.209375 0.693519 0.860671
56 0.2375 0.772222 0.28125 0.444444 0.913147
0 0.20625 0.538426 0.203125 0.462037 0.918523
