56 0.24375 0.855556 0.0520833 0.124074 0.254319
24 0.581771 0.484722 0.0677083 0.0805556 0.256549
24 0.690625 0.341667 0.154167 0.383333 0.311659
60 0.546875 0.735185 0.635417 0.47963 0.419413
56 0.780729 0.563889 0.121875 0.264815 0.46803
56 0.558333 0.671759 0.125 0.460185 0.468592
39 0.277604 0.189352 0.0104167 0.0546296 0.493033
24 0.759115 0.379167 0.0932292 0.213889 0.706521
56 0.250781 0.510648 0.0453125 0.0601852 0.743567
0 0.485677 0.530093 0.127604 0.536111 0.777952
24 0.128125 0.410185 0.14375 0.318519 0.841806
0 0.181771 0.554167 0.129167 0.869444 0.893983
56 0.792188 0.756481 0.264583 0.472222 0.910173
0 0.679167 0.338426 0.132292 0.406481 0.912612
56 0.33151 0.787037 0.227604 0.412963 0.930507
