24 0.567969 0.473611 0.115104 0.0712963 0.297718
56 0.986198 0.5 0.0276042 0.235185 0.319918
56 0.655208 0.636111 0.166667 0.47963 0.32751
67 0.43151 0.630093 0.0505208 0.0268519 0.334108
26 0.56849 0.472685 0.114063 0.0712963 0.335621
24 0.466146 0.957407 0.125 0.0777778 0.384934
24 0.68151 0.439352 0.111979 0.108333 0.429318
0 0.738281 0.294907 0.0661458 0.186111 0.564444
39 0.345313 0.168519 0.0104167 0.0537037 0.565279
56 0.78151 0.468056 0.0536458 0.0731481 0.648979
0 0.397656 0.355093 0.119271 0.289815 0.879201
0 0.882031 0.515741 0.197396 0.733333 0.888911
56 0.134375 0.743056 0.219792 0.506481 0.920306
56 0.264323 0.776389 0.243229 0.434259 0.922869
0 0.367448 0.623148 0.306771 0.718518 0.943971
