56 0.353906 0.473611 0.0515625 0.100926 0.253897
24 0.696615 0.341204 0.154687 0.382407 0.311199
24 0.579427 0.485185 0.0640625 0.0796296 0.362228
60 0.546875 0.735185 0.633333 0.472222 0.364328
56 0.777865 0.569907 0.128646 0.276852 0.504261
56 0.556771 0.678241 0.120833 0.463889 0.51638
39 0.277344 0.189352 0.00989583 0.0546296 0.537565
24 0.74349 0.376389 0.109896 0.215741 0.721798
56 0.251563 0.510648 0.0447917 0.0601852 0.75432
0 0.485677 0.529167 0.127604 0.534259 0.767229
0 0.798698 0.328704 0.0796875 0.207407 0.796456
24 0.129427 0.409259 0.144271 0.318519 0.834867
0 0.182292 0.552778 0.127083 0.874074 0.896363
0 0.682552 0.339815 0.127604 0.409259 0.899542
56 0.791667 0.756019 0.265625 0.471296 0.9103
56 0.330729 0.787037 0.229167 0.412963 0.930778
