56 0.652865 0.673148 0.163021 0.496296 0.267625
24 0.570312 0.475463 0.109375 0.0712963 0.273365
67 0.43125 0.631481 0.0520833 0.0259259 0.397151
0 0.977604 0.315741 0.0447917 0.114815 0.432831
24 0.650781 0.443519 0.0505208 0.0907407 0.539988
24 0.466146 0.958796 0.123958 0.0787037 0.561799
56 0.740365 0.465741 0.0848958 0.0592593 0.576544
39 0.345313 0.169444 0.0104167 0.0537037 0.594676
0 0.726823 0.316204 0.123438 0.34537 0.663172
56 0.11224 0.64213 0.0932292 0.250926 0.752375
0 0.842188 0.550926 0.2125 0.82037 0.865733
56 0.241146 0.780093 0.264583 0.426852 0.879399
0 0.16875 0.476389 0.130208 0.347222 0.889339
0 0.339323 0.634722 0.280729 0.710185 0.933888
