0 0.230208 0.441204 0.111458 0.202778 0.254112
60 0.442448 0.75 0.353646 0.47963 0.2863
0 0.204688 0.410185 0.0552083 0.12963 0.361279
39 0.297396 0.191667 0.0104167 0.0555556 0.505748
56 0.85651 0.526852 0.0557292 0.144444 0.542887
26 0.511458 0.523611 0.1125 0.0787037 0.546199
24 0.604948 0.494907 0.0640625 0.087963 0.652314
56 0.717969 0.783796 0.272396 0.413889 0.880462
0 0.776302 0.418056 0.155729 0.328704 0.915543
56 0.180729 0.8125 0.248958 0.363889 0.918987
0 0.638281 0.615278 0.261979 0.75463 0.925075
0 0.255469 0.667593 0.252604 0.662963 0.929
