56 0.573958 0.634259 0.158333 0.446296 0.267991
39 0.277604 0.189352 0.0104167 0.0546296 0.572166
56 0.863021 0.536111 0.046875 0.190741 0.636789
24 0.589063 0.49213 0.134375 0.14537 0.741262
56 0.150781 0.787963 0.216146 0.407407 0.819788
0 0.298698 0.395833 0.0953125 0.236111 0.865426
0 0.814844 0.390741 0.103646 0.353704 0.910761
56 0.744271 0.782407 0.25 0.42037 0.911191
0 0.263802 0.436574 0.111979 0.202778 0.917447
0 0.686198 0.6 0.281771 0.77963 0.940226
0 0.22474 0.658796 0.245312 0.667593 0.947054
