56 0.295052 0.486111 0.0276042 0.05 0.293161
60 0.626042 0.709259 0.619792 0.466667 0.335072
24 0.643229 0.44213 0.0354167 0.0916667 0.377216
26 0.552604 0.475463 0.133333 0.0712963 0.396524
24 0.480729 0.753704 0.075 0.168519 0.415101
67 0.39375 0.463889 0.0177083 0.0222222 0.429841
41 0.39375 0.463426 0.01875 0.0231481 0.52653
0 0.25599 0.525463 0.180729 0.447222 0.682159
39 0.345573 0.17037 0.00989583 0.0537037 0.683949
0 0.733854 0.568981 0.2 0.647222 0.779082
56 0.890625 0.755556 0.115625 0.344444 0.811924
0 0.366406 0.415741 0.126563 0.2 0.881176
56 0.19375 0.75463 0.18125 0.487037 0.916697
0 0.928385 0.498148 0.142188 0.990741 0.921255
