24 0.328125 0.956944 0.053125 0.0824074 0.280374
56 0.682552 0.503704 0.0567708 0.0777778 0.392383
0 0.509896 0.380556 0.16875 0.242593 0.396732
60 0.513542 0.738426 0.677083 0.502778 0.411427
39 0.277604 0.189815 0.0104167 0.0537037 0.434018
26 0.596875 0.49213 0.135417 0.141667 0.440079
56 0.22474 0.514352 0.0963542 0.0675926 0.467407
56 0.776042 0.588889 0.114583 0.324074 0.501649
56 0.258854 0.686574 0.164583 0.415741 0.610013
0 0.893229 0.278704 0.0666667 0.318519 0.629003
24 0.595052 0.493056 0.136979 0.139815 0.64548
0 0.823177 0.429167 0.135937 0.647222 0.763679
0 0.510938 0.527315 0.169792 0.532407 0.802302
56 0.791406 0.758333 0.267188 0.466667 0.897906
56 0.179688 0.773611 0.178125 0.432407 0.912039
0 0.0518229 0.53287 0.102604 0.913889 0.928264
