26 0.579167 0.473148 0.0916667 0.0703704 0.264888
24 0.573698 0.473148 0.102604 0.0703704 0.301904
67 0.43151 0.630093 0.0515625 0.0268519 0.370555
24 0.68099 0.438889 0.110937 0.107407 0.408891
56 0.77526 0.655556 0.102604 0.45 0.454797
56 0.653385 0.637037 0.164062 0.487037 0.486129
39 0.345313 0.168056 0.0104167 0.0527778 0.520863
56 0.789844 0.467593 0.0723958 0.0722222 0.536237
0 0.37474 0.395833 0.0609375 0.221296 0.544575
24 0.466406 0.958796 0.125521 0.0787037 0.610313
56 0.884635 0.654167 0.128646 0.552778 0.79684
0 0.0513021 0.460185 0.102604 0.527778 0.816867
56 0.053125 0.751389 0.105208 0.478704 0.863641
0 0.958854 0.493519 0.08125 0.985185 0.877029
0 0.358594 0.624537 0.278646 0.719444 0.924711
56 0.267708 0.775463 0.251042 0.437963 0.928347
