56 0.92474 0.531018 0.0755208 0.241667 0.289983
56 0.648438 0.636574 0.152083 0.487963 0.291317
24 0.651823 0.442593 0.0536458 0.0907407 0.313949
26 0.57526 0.474537 0.103646 0.0712963 0.357622
24 0.466927 0.958333 0.123438 0.0777778 0.447921
24 0.697135 0.441204 0.0755208 0.106481 0.481834
60 0.598958 0.721759 0.788542 0.499074 0.491286
0 0.979948 0.313889 0.0401042 0.135185 0.55482
39 0.345313 0.168981 0.0104167 0.0546296 0.620822
56 0.113542 0.7 0.0989583 0.362963 0.760811
0 0.339063 0.523611 0.133333 0.508333 0.837767
0 0.822656 0.552778 0.214062 0.714815 0.865548
0 0.180208 0.540741 0.216667 0.457407 0.889299
0 0.19401 0.363889 0.116146 0.32963 0.920592
56 0.23776 0.774074 0.279687 0.437037 0.934906
