56 0.63776 0.662037 0.129688 0.512963 0.277737
24 0.567969 0.474537 0.115104 0.0712963 0.279582
24 0.67474 0.440741 0.100521 0.105556 0.40315
67 0.740104 0.465278 0.03125 0.0305556 0.403538
24 0.652344 0.446759 0.0526042 0.0861111 0.418985
26 0.569271 0.475 0.111458 0.0722222 0.460592
24 0.466927 0.959259 0.122396 0.0777778 0.51659
0 0.146615 0.488889 0.155729 0.418519 0.722105
56 0.101042 0.749537 0.163542 0.484259 0.747085
0 0.836458 0.562037 0.214583 0.755556 0.838071
0 0.369792 0.326389 0.0989583 0.334259 0.866052
56 0.238542 0.781482 0.252083 0.422222 0.908688
0 0.310677 0.640278 0.246354 0.69537 0.923363
