26 0.575521 0.473148 0.1 0.0703704 0.270979
24 0.67526 0.443981 0.103646 0.100926 0.328354
24 0.570052 0.473148 0.110937 0.0703704 0.328703
39 0.009375 0.523611 0.01875 0.100926 0.341785
0 0.980208 0.48287 0.0395833 0.0731481 0.351986
56 0.645573 0.637037 0.147396 0.464815 0.402245
56 0.752604 0.663426 0.148958 0.465741 0.413681
56 0.11276 0.612963 0.128646 0.257407 0.419333
67 0.43125 0.630093 0.0520833 0.0287037 0.44143
56 0.145313 0.732407 0.190625 0.498148 0.473293
56 0.789583 0.46713 0.071875 0.0731481 0.561414
39 0.345313 0.168056 0.0104167 0.0546296 0.58018
24 0.466146 0.958333 0.126042 0.0796296 0.624614
0 0.961979 0.313889 0.0583333 0.111111 0.654265
0 0.375521 0.396296 0.0614583 0.212963 0.817007
56 0.909115 0.655093 0.176563 0.560185 0.829747
0 0.0479167 0.649074 0.0958333 0.638889 0.879128
56 0.268229 0.775 0.247917 0.437037 0.911337
0 0.359375 0.624537 0.278125 0.719444 0.924185
