24 0.58099 0.484259 0.0671875 0.0814815 0.302505
56 0.254167 0.510185 0.0375 0.0648148 0.3733
60 0.546875 0.734259 0.6375 0.477778 0.415481
39 0.277604 0.189352 0.0104167 0.0546296 0.529036
56 0.559115 0.672685 0.125521 0.462037 0.665742
56 0.668229 0.50463 0.0854167 0.0685185 0.707165
24 0.803906 0.353241 0.0984375 0.184259 0.755936
0 0.479948 0.53287 0.125521 0.532407 0.79643
24 0.135677 0.436111 0.152604 0.322222 0.838259
0 0.734115 0.342593 0.161979 0.412963 0.839936
56 0.792708 0.753241 0.2625 0.471296 0.862423
56 0.332031 0.79213 0.226562 0.402778 0.889663
0 0.208594 0.561574 0.171354 0.863889 0.900907
