26 0.582031 0.473148 0.0859375 0.0703704 0.281441
24 0.579167 0.473611 0.090625 0.0712963 0.289296
56 0.683594 0.440278 0.107813 0.110185 0.303786
24 0.666406 0.446759 0.0838542 0.0953704 0.375495
67 0.43151 0.630093 0.0526042 0.0287037 0.416576
56 0.651042 0.636574 0.160417 0.486111 0.45239
0 0.0335938 0.377778 0.0671875 0.283333 0.510254
39 0.345052 0.168519 0.00989583 0.0537037 0.568243
24 0.466927 0.958796 0.125521 0.0787037 0.598378
0 0.377865 0.396759 0.0588542 0.215741 0.623405
56 0.78125 0.467593 0.0885417 0.0740741 0.656017
0 0.0388021 0.600463 0.0765625 0.736111 0.766532
0 0.898177 0.526389 0.203646 0.925 0.900587
56 0.110677 0.743056 0.220313 0.508333 0.919471
0 0.359115 0.621296 0.277604 0.712963 0.925627
56 0.267708 0.775463 0.25 0.439815 0.935983
