26 0.56875 0.474537 0.113542 0.0712963 0.311399
24 0.56849 0.475463 0.113021 0.0712963 0.322545
0 0.972396 0.317593 0.0552083 0.118519 0.378544
67 0.742448 0.463889 0.0338542 0.0333333 0.389334
24 0.694271 0.436574 0.0572917 0.112037 0.466179
24 0.651563 0.450463 0.0510417 0.0787037 0.471708
67 0.43125 0.631944 0.0520833 0.0268519 0.477318
24 0.466146 0.958796 0.123958 0.0768519 0.497803
56 0.642969 0.660648 0.143229 0.517593 0.510177
39 0.345313 0.169444 0.0104167 0.0537037 0.597564
56 0.113542 0.634259 0.0927083 0.257407 0.744734
0 0.836458 0.568981 0.216667 0.773148 0.848795
0 0.165365 0.473611 0.143229 0.350926 0.886394
56 0.242448 0.77963 0.270312 0.427778 0.896199
0 0.334115 0.632407 0.267188 0.7 0.91271
