24 0.568229 0.475463 0.115625 0.0712963 0.264089
41 0.396615 0.509259 0.0192708 0.0351852 0.273982
56 0.6375 0.665278 0.133333 0.517593 0.426938
56 0.69401 0.437037 0.0546875 0.112963 0.438461
24 0.466146 0.958796 0.122917 0.0768519 0.478572
26 0.569531 0.475463 0.113021 0.0712963 0.480967
24 0.652083 0.448148 0.0510417 0.087037 0.589377
67 0.759896 0.463889 0.0270833 0.0314815 0.612728
56 0.180469 0.753704 0.154687 0.477778 0.623069
0 0.394531 0.409722 0.0671875 0.197222 0.629194
24 0.69375 0.437037 0.0541667 0.111111 0.651522
39 0.345573 0.169444 0.00989583 0.0537037 0.667853
56 0.275 0.766204 0.275 0.450926 0.722602
0 0.847396 0.547685 0.205208 0.799074 0.799291
0 0.365104 0.590278 0.242708 0.712037 0.867234
0 0.226562 0.431481 0.11875 0.287037 0.893392
