60 0.523177 0.572222 0.291146 0.161111 0.257284
67 0.43151 0.630093 0.0526042 0.0268519 0.356793
0 0.0432292 0.599537 0.0864583 0.749074 0.488718
39 0.345573 0.168056 0.0109375 0.0527778 0.550686
24 0.466146 0.958796 0.125 0.0805556 0.685314
56 0.63125 0.639352 0.119792 0.443519 0.730755
0 0.375 0.396759 0.0625 0.213889 0.815944
0 0.0424479 0.366204 0.0848958 0.282407 0.816825
56 0.0838542 0.742593 0.167708 0.503704 0.919309
0 0.359115 0.624537 0.279687 0.719444 0.928807
0 0.82526 0.49537 0.349479 0.988889 0.935097
56 0.267188 0.775926 0.25 0.438889 0.937745
