41 0.503906 0.3875 0.0359375 0.0342593 0.299986
56 0.983073 0.502778 0.0338542 0.235185 0.342007
56 0.735677 0.6625 0.181771 0.467593 0.390452
67 0.43151 0.630093 0.0515625 0.025 0.425482
24 0.467708 0.95787 0.120833 0.0787037 0.45495
56 0.790625 0.468056 0.0708333 0.0731481 0.463855
24 0.683333 0.440278 0.116667 0.106481 0.509635
0 0.659375 0.313889 0.132292 0.32963 0.518207
39 0.345313 0.168519 0.0104167 0.0537037 0.598785
0 0.903646 0.502778 0.179167 0.861111 0.829386
56 0.267969 0.774537 0.247396 0.441667 0.917854
0 0.357552 0.621296 0.268229 0.707407 0.925024
56 0.135677 0.743519 0.222396 0.505556 0.925903
