56 0.958333 0.509722 0.0833333 0.249074 0.264632
56 0.665625 0.437963 0.075 0.105556 0.339948
56 0.938281 0.451852 0.0453125 0.133333 0.358947
67 0.43151 0.631019 0.0505208 0.0268519 0.396845
26 0.571354 0.474074 0.1125 0.0722222 0.403381
24 0.466406 0.958796 0.124479 0.0787037 0.543101
39 0.345313 0.168056 0.0104167 0.0546296 0.549879
24 0.665104 0.440278 0.075 0.0990741 0.576398
0 0.979948 0.31713 0.0401042 0.128704 0.629248
56 0.64375 0.648611 0.145833 0.49537 0.748376
0 0.335938 0.391667 0.140625 0.22963 0.801847
56 0.703125 0.456481 0.0333333 0.0740741 0.808935
0 0.159896 0.503241 0.173958 0.406481 0.815383
0 0.523438 0.330556 0.110417 0.318519 0.861363
0 0.357292 0.630556 0.265625 0.698148 0.898589
56 0.266667 0.775463 0.244792 0.441667 0.905572
56 0.134635 0.756481 0.214062 0.475926 0.924389
0 0.84349 0.497685 0.195312 0.991667 0.932547
