56 0.554427 0.777315 0.116146 0.200926 0.336281
56 0.4375 0.449537 0.0322917 0.113889 0.403591
56 0.861458 0.511574 0.0385417 0.171296 0.545207
39 0.277604 0.189352 0.0104167 0.0546296 0.567683
24 0.57526 0.493519 0.102604 0.142593 0.751697
56 0.279427 0.503241 0.0828125 0.0675926 0.779466
56 0.128906 0.789352 0.169271 0.40463 0.875865
56 0.746354 0.780556 0.255208 0.424074 0.895259
0 0.370313 0.359259 0.107292 0.333333 0.906372
0 0.789062 0.374074 0.119792 0.385185 0.919566
0 0.678646 0.602315 0.25 0.775 0.939056
0 0.244531 0.652315 0.240104 0.676852 0.939912
