24 0.580208 0.473611 0.0895833 0.0712963 0.265322
24 0.68125 0.439352 0.1125 0.108333 0.27141
56 0.974219 0.649537 0.0515625 0.532407 0.281576
67 0.43151 0.630093 0.0515625 0.0268519 0.316879
26 0.582031 0.473148 0.0869792 0.0703704 0.349222
0 0.0299479 0.683333 0.0598958 0.6 0.380583
56 0.653646 0.637037 0.164583 0.475926 0.400967
24 0.466927 0.95787 0.123438 0.0787037 0.521202
56 0.776823 0.46713 0.0765625 0.0712963 0.545465
0 0.372917 0.389352 0.0510417 0.228704 0.601347
39 0.345313 0.168519 0.0104167 0.0537037 0.614155
0 0.867188 0.575 0.21875 0.835185 0.818866
56 0.109115 0.744444 0.217187 0.503704 0.907591
56 0.260417 0.775463 0.233333 0.437963 0.919989
0 0.359115 0.626389 0.276563 0.713889 0.921654
