60 0.610677 0.709259 0.768229 0.501852 0.282943
56 0.67526 0.667593 0.198437 0.494444 0.300712
24 0.652083 0.444444 0.0520833 0.087037 0.351824
26 0.58125 0.475 0.0864583 0.0703704 0.353328
56 0.880729 0.699537 0.217708 0.565741 0.361395
24 0.466927 0.958333 0.123438 0.0777778 0.496881
24 0.67526 0.440278 0.0963542 0.102778 0.562025
39 0.345052 0.168981 0.00989583 0.0546296 0.61177
56 0.109635 0.636574 0.0859375 0.25463 0.733427
0 0.491406 0.54537 0.183854 0.548148 0.772279
0 0.84401 0.581019 0.204688 0.799074 0.804979
0 0.198958 0.535648 0.214583 0.475 0.877866
56 0.242188 0.774074 0.273958 0.437037 0.934085
