60 0.546094 0.733796 0.631771 0.480556 0.349724
24 0.580208 0.484259 0.0645833 0.0777778 0.400171
56 0.561458 0.667593 0.136458 0.472222 0.40478
56 0.783854 0.565278 0.114583 0.267593 0.464961
39 0.277604 0.189352 0.0104167 0.0546296 0.496697
24 0.747135 0.375926 0.107813 0.212963 0.724391
56 0.251823 0.510648 0.0442708 0.0601852 0.763937
0 0.484896 0.528704 0.128125 0.531482 0.781431
0 0.615104 0.348611 0.0708333 0.137963 0.83441
24 0.129948 0.40787 0.146354 0.315741 0.846681
0 0.182031 0.552778 0.127604 0.875926 0.895941
0 0.671354 0.340741 0.15 0.407407 0.899037
56 0.791927 0.756481 0.265104 0.47037 0.906398
56 0.33125 0.787037 0.228125 0.412963 0.930975
