67 0.740104 0.463426 0.0333333 0.0305556 0.290453
24 0.56849 0.475463 0.114063 0.0712963 0.301529
67 0.43151 0.631944 0.0515625 0.0268519 0.305502
65 0.43125 0.631944 0.0520833 0.0268519 0.306687
26 0.56875 0.474537 0.114583 0.0712963 0.309944
56 0.694531 0.437037 0.0546875 0.114815 0.398653
0 0.972396 0.318519 0.0552083 0.118519 0.421822
24 0.694271 0.436111 0.053125 0.112963 0.454391
24 0.466146 0.959259 0.125 0.0777778 0.472381
24 0.651823 0.447685 0.0526042 0.087963 0.517471
56 0.638802 0.660648 0.135937 0.519444 0.563968
39 0.345313 0.169907 0.0104167 0.0546296 0.590412
56 0.113281 0.635185 0.0921875 0.255556 0.761128
0 0.836719 0.568981 0.217187 0.773148 0.846776
56 0.239063 0.781944 0.2625 0.425 0.896396
0 0.165104 0.471296 0.140625 0.342593 0.905066
0 0.332031 0.631481 0.266146 0.709259 0.90546
