26 0.576302 0.474074 0.0953125 0.0703704 0.25466
56 0.744271 0.46713 0.0895833 0.0638889 0.262107
24 0.572917 0.475 0.102083 0.0703704 0.269056
56 0.886198 0.693056 0.221354 0.55463 0.295762
56 0.696354 0.439815 0.0583333 0.103704 0.302764
24 0.466927 0.958333 0.123438 0.0777778 0.464505
24 0.651302 0.443981 0.0515625 0.087963 0.485206
24 0.692969 0.439815 0.0640625 0.103704 0.529833
56 0.11224 0.639352 0.0973958 0.243519 0.544345
56 0.639063 0.661111 0.134375 0.507407 0.585955
39 0.345313 0.169907 0.0104167 0.0564815 0.621137
0 0.345573 0.535185 0.159896 0.487037 0.805296
0 0.150781 0.325 0.150521 0.364815 0.831019
0 0.850781 0.568519 0.203646 0.831481 0.842845
0 0.178385 0.533796 0.217187 0.475 0.900199
56 0.238281 0.773611 0.279687 0.437963 0.916596
