64 0.360938 0.517593 0.0270833 0.0277778 0.326378
67 0.39401 0.607407 0.0515625 0.0240741 0.467871
0 0.796354 0.503704 0.164583 0.683333 0.475314
0 0.219531 0.382407 0.0588542 0.187037 0.48973
24 0.430208 0.951852 0.153125 0.0925926 0.556985
39 0.305729 0.144907 0.0104167 0.0564815 0.581047
56 0.825521 0.624074 0.155208 0.516667 0.592845
0 0.298438 0.615278 0.261458 0.736111 0.834289
56 0.678906 0.728241 0.259896 0.526852 0.895169
56 0.216406 0.769444 0.252604 0.444444 0.934657
0 0.604427 0.562037 0.248437 0.851852 0.941402
