73 0.854167 0.461574 0.040625 0.0324074 0.25731
56 0.679427 0.675926 0.208854 0.492593 0.310118
0 0.719271 0.313426 0.114583 0.358333 0.321127
24 0.567187 0.475926 0.115625 0.0703704 0.362078
26 0.567448 0.475 0.116146 0.0703704 0.37992
0 0.68776 0.531944 0.181771 0.797222 0.391167
24 0.652083 0.445833 0.0510417 0.087963 0.563181
0 0.259896 0.631944 0.182292 0.669444 0.600478
67 0.853906 0.461574 0.0390625 0.0305556 0.6125
39 0.345313 0.169907 0.0104167 0.0546296 0.680903
0 0.89375 0.568981 0.2125 0.775 0.821929
0 0.357292 0.402315 0.134375 0.225 0.87954
56 0.19349 0.755093 0.181771 0.486111 0.915947
