26 0.58125 0.475 0.0822917 0.0703704 0.31013
56 0.65 0.660648 0.153125 0.506481 0.44233
24 0.466667 0.958333 0.122917 0.0777778 0.443476
56 0.876302 0.699537 0.215104 0.569444 0.496671
24 0.675781 0.439815 0.0953125 0.103704 0.519921
39 0.345313 0.168981 0.0104167 0.0527778 0.564424
0 0.53125 0.53287 0.102083 0.517593 0.66594
0 0.84401 0.579167 0.205729 0.810185 0.807217
0 0.213281 0.534722 0.197396 0.469444 0.917927
0 0.102344 0.524537 0.204688 0.930556 0.923067
56 0.245573 0.775926 0.269271 0.437037 0.927631
