56 0.78151 0.629167 0.0671875 0.369444 0.268722
24 0.480208 0.753704 0.0760417 0.168519 0.282096
67 0.385677 0.461574 0.0192708 0.0194444 0.340153
0 0.404427 0.656018 0.216146 0.641667 0.43462
26 0.548177 0.475463 0.124479 0.0731481 0.453124
67 0.863542 0.318981 0.0270833 0.0175926 0.583147
0 0.258854 0.544444 0.186458 0.483333 0.657038
39 0.345573 0.17037 0.00989583 0.0537037 0.674556
0 0.716927 0.570833 0.186979 0.64537 0.720076
0 0.366146 0.425 0.132292 0.174074 0.80383
0 0.910937 0.475926 0.178125 0.951852 0.910426
56 0.19375 0.75463 0.182292 0.487037 0.914659
