56 0.784115 0.619907 0.110937 0.371296 0.318909
39 0.277604 0.189815 0.0104167 0.0555556 0.392685
60 0.51901 0.740278 0.682813 0.510185 0.487786
0 0.50599 0.38287 0.146354 0.232407 0.494613
24 0.59349 0.493056 0.133854 0.137963 0.631839
0 0.878385 0.504167 0.177604 0.813889 0.771606
0 0.508333 0.531944 0.141667 0.525 0.817706
56 0.226823 0.512037 0.0932292 0.0648148 0.829245
24 0.242969 0.784722 0.153646 0.399074 0.83481
56 0.790625 0.755556 0.263542 0.47037 0.872963
0 0.143229 0.560185 0.253125 0.855556 0.955432
