26 0.489323 0.508333 0.109896 0.0722222 0.251039
24 0.489323 0.50787 0.109896 0.0712963 0.259687
56 0.263542 0.510648 0.0552083 0.062037 0.304312
39 0.277344 0.190278 0.00989583 0.0564815 0.689668
56 0.559375 0.658333 0.129167 0.435185 0.792295
56 0.814583 0.497222 0.10625 0.151852 0.812094
0 0.286979 0.366667 0.0635417 0.322222 0.87069
56 0.7 0.506481 0.0677083 0.0722222 0.872455
56 0.23724 0.764352 0.224479 0.458333 0.90549
56 0.69375 0.750926 0.24375 0.483333 0.911301
0 0.0664062 0.558333 0.132812 0.537037 0.948987
