67 0.43151 0.630093 0.0515625 0.0268519 0.285071
0 0.0119792 0.747685 0.0229167 0.500926 0.319395
24 0.68099 0.440741 0.113021 0.107407 0.48297
24 0.466667 0.958333 0.122917 0.0796296 0.495568
39 0.345573 0.168519 0.0109375 0.0537037 0.587192
67 0.802344 0.321759 0.0255208 0.0453704 0.590383
0 0.85026 0.548148 0.200521 0.733333 0.861813
0 0.37526 0.393519 0.0776042 0.22037 0.874702
56 0.679688 0.743519 0.294792 0.507407 0.903099
56 0.271354 0.771759 0.240625 0.439815 0.916424
0 0.353125 0.613426 0.259375 0.684259 0.920484
