26 0.582031 0.473611 0.0838542 0.0694444 0.272944
56 0.971094 0.645833 0.0578125 0.549074 0.353787
67 0.806771 0.472222 0.0375 0.0185185 0.378807
24 0.58099 0.474074 0.0869792 0.0703704 0.407706
67 0.43151 0.62963 0.0515625 0.0259259 0.42794
24 0.466667 0.95787 0.123958 0.0787037 0.466993
56 0.68125 0.439815 0.113542 0.109259 0.527966
39 0.345313 0.168056 0.0104167 0.0527778 0.580194
24 0.68125 0.440278 0.1125 0.106481 0.647695
56 0.776042 0.466667 0.0427083 0.0703704 0.787573
0 0.375521 0.395833 0.059375 0.213889 0.851078
0 0.872917 0.528241 0.186458 0.787963 0.880063
0 0.35651 0.621759 0.277604 0.715741 0.886736
56 0.692708 0.741204 0.24375 0.50463 0.896016
56 0.26875 0.773148 0.233333 0.435185 0.923622
0 0.0742188 0.574074 0.147396 0.835185 0.932203
