60 0.407031 0.752315 0.433854 0.467593 0.282128
56 0.554688 0.776389 0.117708 0.191667 0.528324
39 0.277865 0.189815 0.00989583 0.0555556 0.601496
56 0.86224 0.521759 0.0380208 0.163889 0.66725
24 0.583594 0.496296 0.117188 0.133333 0.682339
24 0.273958 0.494444 0.0708333 0.0944444 0.7597
0 0.383854 0.498611 0.120833 0.641667 0.86954
0 0.816927 0.385648 0.106771 0.363889 0.884588
0 0.695312 0.591204 0.29375 0.797222 0.911501
56 0.744531 0.794907 0.252604 0.39537 0.925973
56 0.236458 0.766667 0.222917 0.457407 0.927609
