24 0.650781 0.444907 0.0515625 0.0861111 0.266802
56 0.222135 0.539815 0.0390625 0.037037 0.272367
24 0.569271 0.473611 0.111458 0.0712963 0.366081
26 0.569792 0.473611 0.110417 0.0712963 0.467073
24 0.682552 0.441667 0.111979 0.105556 0.473481
24 0.466927 0.958333 0.123438 0.0777778 0.485629
67 0.43125 0.630093 0.0510417 0.0268519 0.503853
56 0.11849 0.636574 0.123438 0.239815 0.521275
39 0.345573 0.168519 0.00989583 0.0537037 0.576275
0 0.0223958 0.901852 0.04375 0.185185 0.595255
0 0.976823 0.315741 0.0453125 0.112963 0.600961
0 0.141927 0.475463 0.175521 0.339815 0.802708
56 0.259635 0.775926 0.229687 0.435185 0.828783
0 0.854688 0.561574 0.210417 0.741667 0.87393
0 0.273698 0.406019 0.0890625 0.236111 0.879177
0 0.216146 0.375463 0.101042 0.297222 0.892659
0 0.360938 0.628241 0.283333 0.708333 0.91777
