56 0.648698 0.636574 0.153646 0.491667 0.259197
24 0.651302 0.44537 0.0494792 0.0851852 0.265016
24 0.575521 0.475 0.101042 0.0703704 0.317355
0 0.98099 0.312963 0.0369792 0.137037 0.373419
26 0.576302 0.474537 0.0994792 0.0712963 0.397587
60 0.619792 0.71713 0.745833 0.486111 0.450759
24 0.690104 0.441667 0.084375 0.107407 0.470224
24 0.467187 0.958333 0.123958 0.0777778 0.472588
39 0.345313 0.169444 0.0104167 0.0555556 0.653106
56 0.113542 0.697222 0.1 0.357407 0.763869
0 0.341406 0.524074 0.133854 0.505556 0.830959
0 0.825 0.553241 0.208333 0.700926 0.858064
0 0.198437 0.539352 0.180208 0.460185 0.87461
0 0.186198 0.344907 0.130729 0.293519 0.886479
56 0.23724 0.775463 0.283854 0.436111 0.934452
