56 0.552604 0.781482 0.110417 0.2 0.26841
24 0.489583 0.509259 0.108333 0.0722222 0.275584
67 0.361198 0.684722 0.0484375 0.025 0.329227
26 0.489583 0.509259 0.108333 0.0722222 0.333115
56 0.834635 0.511111 0.0203125 0.114815 0.433333
0 0.23125 0.435185 0.119792 0.194444 0.453933
39 0.277865 0.189815 0.00989583 0.0537037 0.540366
56 0.569792 0.654167 0.151042 0.44537 0.62161
56 0.704427 0.87963 0.260938 0.233333 0.633235
0 0.192708 0.412963 0.053125 0.116667 0.675894
0 0.765365 0.395833 0.132812 0.334259 0.868318
0 0.0403646 0.580093 0.0807292 0.721296 0.926691
56 0.178385 0.803704 0.239063 0.377778 0.927159
0 0.245573 0.665278 0.234896 0.650926 0.932552
