56 0.261458 0.455093 0.090625 0.171296 0.252905
65 0.361198 0.684259 0.0473958 0.0240741 0.28947
56 0.553125 0.781944 0.111458 0.199074 0.357789
24 0.597917 0.476852 0.101042 0.105556 0.385262
56 0.816927 0.5 0.106771 0.155556 0.456165
39 0.277865 0.189352 0.00989583 0.0546296 0.556475
56 0.71224 0.879167 0.277604 0.232407 0.561517
56 0.569531 0.655556 0.150521 0.444444 0.603283
56 0.70651 0.485185 0.0536458 0.0277778 0.690846
56 0.263542 0.510648 0.0520833 0.062037 0.817169
0 0.261458 0.453704 0.0927083 0.162963 0.853404
0 0.941406 0.497222 0.117188 0.988889 0.92843
56 0.120052 0.793519 0.220313 0.4 0.932133
0 0.217187 0.661574 0.282292 0.667593 0.956227
