56 0.696615 0.437037 0.0588542 0.114815 0.264262
67 0.741146 0.464815 0.0333333 0.0314815 0.305304
0 0.972396 0.317593 0.0552083 0.118519 0.321054
24 0.567969 0.475 0.114063 0.0703704 0.340828
26 0.568229 0.475 0.114583 0.0703704 0.39192
67 0.43125 0.631944 0.053125 0.0268519 0.407426
24 0.694792 0.437037 0.05625 0.112963 0.451354
24 0.651823 0.447685 0.0526042 0.0861111 0.501549
24 0.465885 0.958796 0.124479 0.0787037 0.521366
39 0.345313 0.168981 0.0104167 0.0527778 0.549443
56 0.644792 0.658333 0.146875 0.531482 0.551511
0 0.36901 0.389815 0.0557292 0.207407 0.618047
56 0.110156 0.641204 0.0890625 0.250926 0.731976
0 0.836458 0.565741 0.217708 0.764815 0.841135
0 0.159375 0.458333 0.13125 0.309259 0.877216
56 0.246094 0.783333 0.272396 0.42037 0.898234
0 0.332812 0.631944 0.270833 0.706481 0.91886
