26 0.489583 0.508333 0.109375 0.0722222 0.263064
24 0.579687 0.485185 0.065625 0.0814815 0.264297
56 0.272656 0.500926 0.0786458 0.0888889 0.267593
60 0.428906 0.739352 0.518229 0.49537 0.346709
39 0.277865 0.189352 0.00989583 0.0546296 0.558076
56 0.559896 0.65787 0.129167 0.436111 0.761902
56 0.814844 0.496759 0.105729 0.150926 0.809053
0 0.25599 0.401389 0.107813 0.249074 0.85425
56 0.7 0.506944 0.0677083 0.0712963 0.871703
0 0.0510417 0.585185 0.101042 0.809259 0.899426
56 0.69375 0.750926 0.24375 0.483333 0.910869
56 0.236719 0.765741 0.223438 0.459259 0.91476
