56 0.635156 0.782407 0.125521 0.222222 0.257951
26 0.565625 0.474537 0.108333 0.0712963 0.27811
67 0.43125 0.631944 0.0520833 0.0268519 0.301707
24 0.565365 0.475 0.106771 0.0703704 0.302727
56 0.740885 0.465278 0.0848958 0.0601852 0.303181
0 0.653125 0.324537 0.130208 0.325 0.3591
24 0.651823 0.443981 0.0526042 0.0916667 0.438289
0 0.654167 0.542593 0.141667 0.761111 0.462409
0 0.977083 0.321759 0.0458333 0.123148 0.4993
24 0.466146 0.958796 0.123958 0.0787037 0.552427
39 0.345313 0.169444 0.0104167 0.0537037 0.568501
56 0.11224 0.64213 0.0932292 0.250926 0.783112
0 0.83776 0.569444 0.214062 0.774074 0.854059
56 0.240625 0.780556 0.264583 0.425926 0.885452
0 0.169271 0.475463 0.129167 0.34537 0.893343
0 0.332812 0.633333 0.267708 0.711111 0.934718
