56 0.814844 0.599074 0.163021 0.338889 0.252719
24 0.580208 0.484722 0.0666667 0.0805556 0.289134
26 0.491146 0.506944 0.101042 0.0712963 0.304387
24 0.7625 0.348611 0.15625 0.35463 0.310922
60 0.553906 0.736111 0.603646 0.483333 0.401027
56 0.370313 0.475 0.0489583 0.1 0.454837
39 0.277604 0.189352 0.0104167 0.0546296 0.524776
56 0.254427 0.509259 0.0390625 0.0611111 0.536644
56 0.558594 0.669444 0.123438 0.455556 0.636274
24 0.797656 0.355093 0.103646 0.169444 0.702942
56 0.660156 0.501852 0.0703125 0.0648148 0.760252
24 0.135417 0.437037 0.151042 0.324074 0.804558
0 0.745573 0.34213 0.125521 0.410185 0.808297
56 0.791927 0.753704 0.265104 0.472222 0.86837
0 0.446354 0.539352 0.127083 0.552778 0.885345
0 0.215104 0.560185 0.182292 0.862963 0.906297
56 0.330469 0.7875 0.228646 0.412037 0.922232
