56 0.548437 0.781018 0.104167 0.199074 0.253904
24 0.597917 0.476389 0.101042 0.106481 0.450994
56 0.570833 0.656482 0.152083 0.444444 0.497669
56 0.708854 0.87963 0.271875 0.233333 0.501441
39 0.277865 0.190278 0.00989583 0.0546296 0.584045
56 0.70625 0.484722 0.053125 0.0268519 0.627065
56 0.815885 0.497685 0.104687 0.150926 0.687845
56 0.26276 0.512037 0.0536458 0.0611111 0.835089
0 0.964063 0.415278 0.0708333 0.693519 0.8476
0 0.264583 0.452778 0.0833333 0.168519 0.902152
56 0.148177 0.793519 0.220313 0.4 0.915154
0 0.226823 0.656944 0.268229 0.652778 0.948184
