56 0.651042 0.636111 0.158333 0.490741 0.27755
0 0.910937 0.296296 0.0635417 0.157407 0.278127
0 0.982813 0.319444 0.034375 0.118519 0.34141
60 0.606771 0.718518 0.760417 0.490741 0.353728
24 0.661719 0.442593 0.0744792 0.0944444 0.372748
24 0.690885 0.440278 0.0848958 0.10463 0.519898
26 0.573958 0.474074 0.102083 0.0722222 0.525849
24 0.467187 0.958796 0.123958 0.0787037 0.53609
39 0.345573 0.168981 0.00989583 0.0546296 0.622336
56 0.10625 0.638426 0.0885417 0.241667 0.690953
0 0.165885 0.256481 0.0932292 0.214815 0.777617
0 0.420312 0.573148 0.183333 0.572222 0.790029
0 0.824479 0.55 0.209375 0.687037 0.856549
56 0.23776 0.771759 0.280729 0.44537 0.910214
0 0.214583 0.537963 0.219792 0.462963 0.917902
