56 0.555729 0.776852 0.11875 0.2 0.294861
56 0.573958 0.636111 0.159375 0.451852 0.348346
56 0.860937 0.506944 0.04375 0.150926 0.527623
39 0.277604 0.189352 0.0104167 0.0546296 0.545276
56 0.285937 0.500926 0.0697917 0.0648148 0.728924
24 0.589063 0.491204 0.135417 0.147222 0.740866
0 0.127865 0.445833 0.139062 0.499074 0.888601
56 0.13151 0.789815 0.176563 0.401852 0.894813
0 0.814062 0.387963 0.110417 0.359259 0.897989
56 0.747656 0.784259 0.254687 0.416667 0.899458
0 0.691146 0.591667 0.280208 0.8 0.924765
0 0.271875 0.656482 0.284375 0.67037 0.951169
