56 0.78151 0.652315 0.0640625 0.415741 0.260175
24 0.480208 0.754167 0.0760417 0.169444 0.27961
60 0.654948 0.718518 0.677604 0.490741 0.308781
26 0.548177 0.475463 0.125521 0.0731481 0.481893
67 0.390885 0.467593 0.0182292 0.0222222 0.538666
67 0.846875 0.447685 0.0333333 0.0175926 0.581003
0 0.255469 0.537963 0.179688 0.47037 0.671172
39 0.345313 0.17037 0.0104167 0.0537037 0.694661
0 0.713802 0.571759 0.184896 0.64537 0.728115
0 0.916667 0.575 0.165625 0.772222 0.809644
0 0.365104 0.418519 0.132292 0.187037 0.859131
56 0.19375 0.755093 0.182292 0.486111 0.913034
