56 0.794271 0.477778 0.0541667 0.062963 0.251789
56 0.83099 0.673148 0.158854 0.455556 0.330145
60 0.635938 0.718056 0.672917 0.506481 0.372065
26 0.565885 0.475463 0.111979 0.0712963 0.492644
0 0.251042 0.622222 0.16875 0.672222 0.548693
39 0.345313 0.17037 0.0104167 0.0537037 0.668693
67 0.858854 0.436111 0.0291667 0.0222222 0.682326
0 0.0216146 0.645833 0.0432292 0.676852 0.754772
0 0.920573 0.548148 0.158854 0.755556 0.796776
0 0.673698 0.59213 0.228646 0.700926 0.798985
0 0.359635 0.40787 0.133854 0.212037 0.881833
56 0.197135 0.753704 0.189063 0.487037 0.89307
