56 0.0888021 0.47037 0.0234375 0.087037 0.258798
24 0.651563 0.443056 0.0520833 0.0898148 0.296202
26 0.56901 0.474537 0.109896 0.0712963 0.30851
24 0.56901 0.474537 0.109896 0.0712963 0.39592
24 0.466667 0.959259 0.123958 0.0777778 0.512284
60 0.615365 0.722685 0.749479 0.499074 0.517695
24 0.678906 0.441204 0.103646 0.10463 0.525117
39 0.345313 0.168519 0.0104167 0.0537037 0.612729
0 0.966406 0.308333 0.0609375 0.122222 0.617682
56 0.115885 0.704167 0.103646 0.376852 0.78188
0 0.34375 0.525 0.125 0.501852 0.831856
0 0.82474 0.55 0.208854 0.692593 0.853053
0 0.209375 0.542593 0.177083 0.453704 0.88018
0 0.140885 0.3375 0.0942708 0.389815 0.89469
56 0.238021 0.773148 0.279167 0.440741 0.929376
