56 0.342969 0.713426 0.0671875 0.117593 0.261111
56 0.742188 0.465278 0.0875 0.0601852 0.28543
24 0.56901 0.474537 0.113021 0.0712963 0.35176
56 0.869531 0.697685 0.232812 0.563889 0.361032
26 0.569271 0.474537 0.113542 0.0712963 0.361723
24 0.692448 0.440278 0.0651042 0.102778 0.450758
24 0.651823 0.442593 0.0515625 0.0907407 0.459165
24 0.466927 0.958333 0.124479 0.0777778 0.54603
56 0.639323 0.658333 0.134896 0.509259 0.560755
39 0.345313 0.169444 0.0104167 0.0555556 0.633822
0 0.385417 0.565278 0.232292 0.575 0.716036
56 0.11224 0.644907 0.0932292 0.249074 0.745536
0 0.844531 0.581019 0.205729 0.80463 0.803998
0 0.190625 0.532407 0.234375 0.47037 0.902898
0 0.150521 0.313426 0.152083 0.347222 0.909447
56 0.241927 0.774074 0.273438 0.438889 0.928159
