56 0.251042 0.562963 0.0875 0.168519 0.255853
26 0.371615 0.45 0.0192708 0.148148 0.257083
60 0.439844 0.735185 0.492188 0.501852 0.257895
24 0.490365 0.508796 0.106771 0.0712963 0.265293
26 0.491667 0.508796 0.103125 0.0712963 0.274064
0 0.38125 0.400926 0.15 0.255556 0.286883
56 0.257812 0.510648 0.0729167 0.0638889 0.335979
27 0.371875 0.452315 0.01875 0.150926 0.484144
39 0.277865 0.190278 0.00989583 0.0564815 0.578656
0 0.388021 0.536574 0.163542 0.534259 0.627363
56 0.5625 0.656944 0.136458 0.434259 0.805917
56 0.815104 0.496759 0.10625 0.150926 0.815167
56 0.7 0.506944 0.0677083 0.0712963 0.869632
0 0.251302 0.381481 0.0838542 0.309259 0.884826
56 0.236458 0.765278 0.223958 0.458333 0.901835
56 0.69375 0.750926 0.24375 0.483333 0.912849
