56 0.699479 0.437963 0.0645833 0.114815 0.27363
67 0.739062 0.463426 0.028125 0.0305556 0.385266
24 0.695833 0.437963 0.0697917 0.112963 0.395086
24 0.567708 0.475463 0.113542 0.0712963 0.426284
56 0.645052 0.658333 0.149479 0.535185 0.427255
24 0.466667 0.959259 0.123958 0.0777778 0.430574
26 0.567969 0.475 0.114063 0.0722222 0.444983
24 0.651823 0.451852 0.0505208 0.0759259 0.47054
39 0.345313 0.169444 0.0104167 0.0537037 0.672062
0 0.836198 0.564352 0.217187 0.758333 0.827002
0 0.377604 0.402778 0.104167 0.211111 0.870146
0 0.215365 0.419907 0.0890625 0.330556 0.900039
56 0.239063 0.785648 0.245833 0.415741 0.911859
0 0.332031 0.621759 0.281771 0.730556 0.931395
