60 0.654427 0.72037 0.670313 0.498148 0.273153
26 0.549479 0.475463 0.126042 0.0712963 0.463324
67 0.390625 0.46713 0.0177083 0.0212963 0.53136
67 0.867708 0.431944 0.0239583 0.0157407 0.623919
0 0.707031 0.573148 0.169271 0.648148 0.663412
0 0.257812 0.62963 0.184375 0.631481 0.689546
39 0.345573 0.17037 0.00989583 0.0537037 0.700111
0 0.923437 0.567593 0.153125 0.796296 0.759991
0 0.364844 0.419907 0.133854 0.191667 0.867198
56 0.194271 0.75463 0.180208 0.483333 0.917011
0 0.0554687 0.560648 0.109896 0.860185 0.928062
