56 0.299219 0.418981 0.0411458 0.0953704 0.383959
26 0.56849 0.475 0.114063 0.0703704 0.399298
56 0.8 0.67963 0.201042 0.47963 0.458852
56 0.695052 0.437037 0.0536458 0.112963 0.459002
56 0.635677 0.663889 0.126563 0.507407 0.499713
24 0.694531 0.437037 0.0536458 0.111111 0.531762
24 0.651823 0.451389 0.0515625 0.0805556 0.545352
0 0.923177 0.573611 0.152604 0.684259 0.63965
39 0.345313 0.169907 0.0104167 0.0546296 0.673313
0 0.246094 0.561111 0.174479 0.531482 0.677733
0 0.359896 0.406019 0.135417 0.221296 0.901546
56 0.196354 0.752315 0.180208 0.487963 0.914963
0 0.0598958 0.556019 0.119792 0.867593 0.941358
