60 0.399479 0.623611 0.382292 0.213889 0.252301
56 0.830469 0.51713 0.0557292 0.137963 0.45394
24 0.582031 0.479167 0.0671875 0.100926 0.482667
26 0.489844 0.514352 0.113021 0.0768519 0.522057
39 0.272135 0.180093 0.00989583 0.0564815 0.624252
0 0.25026 0.463426 0.0984375 0.19537 0.688811
0 0.751562 0.410648 0.154167 0.326852 0.789186
56 0.677604 0.780093 0.275 0.419444 0.814743
56 0.107031 0.809722 0.191146 0.367593 0.855146
0 0.596875 0.609259 0.2625 0.764815 0.933669
0 0.209375 0.656482 0.25625 0.668519 0.94285
