26 0.491927 0.507407 0.0994792 0.0703704 0.270065
56 0.254687 0.513889 0.0447917 0.0703704 0.272423
24 0.756771 0.347685 0.144792 0.393519 0.337245
56 0.802344 0.593982 0.127604 0.325 0.39431
60 0.559375 0.735648 0.608333 0.480556 0.396382
56 0.369271 0.475 0.046875 0.1 0.414813
39 0.277865 0.189815 0.00989583 0.0537037 0.505183
56 0.559115 0.67037 0.124479 0.459259 0.653058
24 0.794271 0.352315 0.101042 0.169444 0.715263
56 0.660417 0.501389 0.0697917 0.0638889 0.728175
24 0.135937 0.437037 0.153125 0.318519 0.799013
0 0.746354 0.342593 0.122917 0.411111 0.845934
56 0.791667 0.755556 0.266667 0.47037 0.882092
0 0.446094 0.539815 0.126563 0.551852 0.892547
0 0.213802 0.560648 0.189063 0.862037 0.896841
56 0.330469 0.7875 0.228646 0.410185 0.916661
