56 0.742448 0.470833 0.0880208 0.0675926 0.302204
24 0.569271 0.475463 0.110417 0.0712963 0.340663
26 0.569792 0.475 0.110417 0.0703704 0.396999
56 0.694792 0.437037 0.0541667 0.112963 0.453761
56 0.29375 0.485648 0.03125 0.0490741 0.480957
24 0.466146 0.959259 0.123958 0.0777778 0.552366
56 0.636979 0.665741 0.128125 0.514815 0.555582
24 0.651563 0.449074 0.0510417 0.0851852 0.584757
24 0.694271 0.436574 0.0541667 0.112037 0.630716
39 0.345573 0.169907 0.00989583 0.0546296 0.641577
56 0.133333 0.543519 0.0614583 0.0703704 0.664948
67 0.859635 0.465278 0.0296875 0.0342593 0.759993
56 0.233073 0.762037 0.279687 0.462963 0.804796
0 0.884635 0.584259 0.229687 0.709259 0.867027
0 0.297135 0.600463 0.260938 0.778704 0.912815
0 0.365365 0.405093 0.126563 0.217593 0.914538
