27 0.364844 0.443981 0.0182292 0.0712963 0.308328
67 0.0166667 0.411111 0.0322917 0.0277778 0.369015
24 0.726823 0.835185 0.182812 0.17963 0.399062
26 0.566927 0.475 0.106771 0.0722222 0.47069
56 0.830469 0.678704 0.159896 0.462963 0.594309
0 0.259635 0.63287 0.180729 0.671296 0.599286
67 0.858854 0.438889 0.0322917 0.0259259 0.610717
39 0.345313 0.17037 0.0104167 0.0537037 0.691289
0 0.694271 0.580556 0.161458 0.692593 0.738281
0 0.91875 0.553241 0.161458 0.765741 0.75693
0 0.354948 0.406481 0.133854 0.218519 0.831281
0 0.0489583 0.614815 0.096875 0.75 0.890449
56 0.194792 0.755093 0.183333 0.484259 0.921707
