60 0.413021 0.740741 0.446875 0.487037 0.278325
56 0.563281 0.690741 0.136979 0.372222 0.344125
56 0.705729 0.485648 0.053125 0.0287037 0.34492
24 0.597917 0.476389 0.101042 0.106481 0.515056
39 0.277865 0.188889 0.00989583 0.0555556 0.603512
56 0.266146 0.510185 0.0489583 0.0592593 0.664993
56 0.64375 0.879167 0.140625 0.234259 0.715793
67 0.94974 0.163889 0.0994792 0.32037 0.849167
0 0.296094 0.402315 0.0911458 0.265741 0.868493
56 0.138021 0.777315 0.198958 0.432407 0.916785
0 0.864583 0.493519 0.267708 0.983333 0.923982
0 0.197396 0.662037 0.207292 0.659259 0.932206
