24 0.679427 0.44213 0.113021 0.106481 0.260258
24 0.56875 0.474537 0.110417 0.0712963 0.266228
56 0.965625 0.647685 0.06875 0.526852 0.314676
56 0.654167 0.637037 0.163542 0.475926 0.346098
24 0.463542 0.95787 0.130208 0.0787037 0.409531
26 0.56901 0.473611 0.114063 0.0712963 0.441309
67 0.43125 0.630556 0.0510417 0.0259259 0.537378
39 0.345313 0.168519 0.0104167 0.0537037 0.562389
56 0.761458 0.468519 0.0927083 0.0759259 0.645959
0 0.863802 0.573148 0.200521 0.842593 0.846976
56 0.265365 0.778704 0.244271 0.431481 0.913568
0 0.347656 0.624074 0.272396 0.72037 0.914034
56 0.134896 0.743519 0.220833 0.505556 0.922288
