56 0.924479 0.528704 0.078125 0.238889 0.302677
24 0.56875 0.475 0.114583 0.0703704 0.305454
24 0.652083 0.442593 0.0541667 0.0907407 0.31725
26 0.569271 0.474537 0.114583 0.0712963 0.345784
60 0.601562 0.72037 0.785417 0.488889 0.477417
24 0.466667 0.958796 0.123958 0.0787037 0.491943
24 0.696094 0.440741 0.0776042 0.107407 0.501157
0 0.980208 0.316204 0.0395833 0.134259 0.520815
39 0.345313 0.168981 0.0104167 0.0546296 0.664607
56 0.113281 0.698611 0.100521 0.360185 0.754117
0 0.342708 0.526389 0.145833 0.506481 0.807194
0 0.822656 0.551852 0.213021 0.712963 0.857478
0 0.179688 0.539815 0.217708 0.459259 0.883035
0 0.198177 0.362963 0.109896 0.32963 0.903374
56 0.23776 0.774074 0.279687 0.438889 0.936671
