56 0.981771 0.515278 0.0364583 0.260185 0.252043
24 0.480208 0.752778 0.075 0.17037 0.257011
56 0.68125 0.675926 0.209375 0.490741 0.387888
56 0.695052 0.437963 0.0546875 0.112963 0.453033
24 0.694792 0.437037 0.0541667 0.112963 0.545395
24 0.650781 0.448148 0.0494792 0.087037 0.603763
0 0.257292 0.633333 0.177083 0.664815 0.625407
39 0.345313 0.17037 0.0104167 0.0537037 0.6548
0 0.889844 0.624537 0.209896 0.712037 0.775649
0 0.558854 0.476852 0.103125 0.596296 0.778556
0 0.354948 0.403704 0.143229 0.224074 0.891578
56 0.19375 0.75463 0.182292 0.485185 0.909884
