60 0.677865 0.722222 0.626562 0.505556 0.299523
24 0.651042 0.44537 0.0520833 0.0833333 0.373429
26 0.572135 0.473611 0.103646 0.0712963 0.389992
56 0.782552 0.462037 0.0588542 0.0611111 0.419232
24 0.571354 0.474074 0.105208 0.0703704 0.421703
0 0.97526 0.314352 0.0494792 0.115741 0.500936
24 0.69401 0.441667 0.0911458 0.107407 0.517353
39 0.345313 0.168981 0.0104167 0.0546296 0.568074
56 0.161719 0.752778 0.201562 0.475926 0.688233
0 0.165625 0.491204 0.134375 0.382407 0.830286
0 0.414844 0.359722 0.135937 0.282407 0.845023
0 0.360417 0.616204 0.292708 0.728704 0.848618
56 0.2625 0.777315 0.234375 0.432407 0.86852
0 0.84974 0.538426 0.203646 0.747222 0.883933
