26 0.677083 0.490278 0.0864583 0.136111 0.319009
56 0.184635 0.868981 0.170312 0.239815 0.440979
56 0.782812 0.580556 0.11875 0.3 0.478404
39 0.277865 0.189352 0.00989583 0.0546296 0.494203
56 0.26875 0.680556 0.125 0.4 0.551133
60 0.527344 0.744907 0.645312 0.486111 0.563354
0 0.708854 0.336574 0.096875 0.432407 0.608523
24 0.617448 0.446296 0.139062 0.225926 0.748482
0 0.485938 0.530556 0.13125 0.531482 0.840545
24 0.0890625 0.425 0.178125 0.366667 0.862911
56 0.792188 0.757407 0.265625 0.47037 0.900834
0 0.11901 0.543056 0.214062 0.893519 0.902596
