24 0.483333 0.514352 0.109375 0.0768519 0.286214
56 0.805729 0.710185 0.102083 0.512963 0.3151
26 0.483854 0.514352 0.108333 0.0768519 0.350914
24 0.578125 0.478241 0.06875 0.102778 0.374189
56 0.121354 0.536574 0.0197917 0.0583333 0.417809
39 0.267969 0.179167 0.0109375 0.0583333 0.54932
0 0.147135 0.419444 0.0567708 0.164815 0.694389
56 0.673437 0.780093 0.276042 0.421296 0.834772
0 0.745573 0.410185 0.159896 0.325926 0.875738
56 0.145313 0.808333 0.253125 0.368519 0.917553
0 0.214583 0.658333 0.238542 0.666667 0.940414
0 0.591927 0.607407 0.267188 0.768519 0.941396
