26 0.668229 0.660185 0.0958333 0.35 0.250006
56 0.666927 0.659722 0.0942708 0.352778 0.256163
56 0.835677 0.497685 0.0182292 0.0898148 0.274111
60 0.45599 0.606481 0.384896 0.2 0.319328
56 0.554688 0.781018 0.114583 0.200926 0.341833
24 0.668229 0.660648 0.0958333 0.347222 0.373855
24 0.598698 0.476852 0.102604 0.109259 0.403146
39 0.277865 0.189815 0.00989583 0.0537037 0.584597
56 0.572396 0.649074 0.15625 0.451852 0.676573
56 0.635677 0.878704 0.125521 0.233333 0.824887
0 0.182812 0.445833 0.0864583 0.217593 0.876575
0 0.740365 0.497222 0.229687 0.992593 0.911918
56 0.172135 0.8 0.225521 0.387037 0.920829
0 0.245833 0.662963 0.223958 0.657407 0.930423
