56 0.553125 0.778704 0.114583 0.198148 0.283512
56 0.868229 0.503704 0.0291667 0.161111 0.310432
0 0.3625 0.357407 0.117708 0.337037 0.571432
39 0.277604 0.189352 0.0104167 0.0546296 0.573785
24 0.584375 0.494444 0.125 0.138889 0.755171
56 0.274479 0.505093 0.090625 0.0694444 0.804783
56 0.748438 0.785185 0.257292 0.414815 0.877552
56 0.135937 0.787963 0.175 0.409259 0.90482
0 0.806771 0.389352 0.117708 0.363889 0.911421
0 0.690885 0.598611 0.271354 0.784259 0.934297
0 0.236979 0.656944 0.233333 0.669444 0.938628
