56 0.652083 0.634722 0.159375 0.486111 0.252755
56 0.925 0.530556 0.0760417 0.240741 0.268392
24 0.651563 0.443056 0.0520833 0.0898148 0.31294
24 0.569531 0.475 0.110937 0.0703704 0.353213
26 0.569792 0.474537 0.110417 0.0712963 0.355125
0 0.101042 0.378704 0.04375 0.0981481 0.396398
60 0.617708 0.720833 0.741667 0.497222 0.448701
24 0.466927 0.958333 0.124479 0.0777778 0.470398
24 0.679167 0.441204 0.103125 0.10463 0.502961
39 0.345313 0.168981 0.0104167 0.0546296 0.566799
0 0.976562 0.311574 0.046875 0.130556 0.707122
0 0.0317708 0.578241 0.0635417 0.382407 0.764096
56 0.105729 0.638889 0.0916667 0.244444 0.818221
0 0.348437 0.534722 0.132292 0.526852 0.82669
0 0.174479 0.321296 0.1125 0.340741 0.851469
0 0.824479 0.552778 0.209375 0.694444 0.854393
0 0.18724 0.535185 0.226562 0.466667 0.909142
56 0.236979 0.772222 0.283333 0.442593 0.925558
