67 0.43125 0.630556 0.0510417 0.0259259 0.268495
26 0.563802 0.475 0.111979 0.0666667 0.284584
24 0.66276 0.448148 0.0734375 0.0888889 0.311461
0 0.772656 0.274074 0.0994792 0.218519 0.364151
56 0.983073 0.500926 0.0338542 0.238889 0.366854
0 0.982813 0.311574 0.034375 0.117593 0.386762
56 0.78151 0.467593 0.0536458 0.0740741 0.510789
24 0.466667 0.958333 0.123958 0.0777778 0.512851
39 0.345313 0.168519 0.0104167 0.0537037 0.514937
0 0.598177 0.457407 0.0932292 0.585185 0.520309
41 0.430208 0.538426 0.0322917 0.0398148 0.570325
0 0.882552 0.521296 0.184896 0.757407 0.865809
56 0.267448 0.774074 0.246354 0.442593 0.924854
0 0.356771 0.622685 0.267708 0.717593 0.925454
56 0.135937 0.743056 0.221875 0.50463 0.926883
