24 0.650521 0.447222 0.05 0.0796296 0.259156
56 0.926042 0.528241 0.0760417 0.236111 0.271701
56 0.650521 0.635185 0.157292 0.483333 0.3092
24 0.569271 0.474537 0.111458 0.0712963 0.324224
26 0.569531 0.474537 0.110937 0.0712963 0.350384
60 0.620313 0.718982 0.741667 0.489815 0.393987
24 0.679688 0.440741 0.102083 0.103704 0.454055
0 0.978646 0.3125 0.0427083 0.137963 0.462723
24 0.466927 0.958333 0.124479 0.0777778 0.489652
39 0.345573 0.168981 0.00989583 0.0546296 0.628556
56 0.105729 0.636111 0.0927083 0.242593 0.757466
0 0.349479 0.533333 0.132292 0.524074 0.830445
0 0.166927 0.280093 0.100521 0.260185 0.836937
0 0.82474 0.553241 0.208854 0.693519 0.859846
0 0.0684896 0.499074 0.106771 0.531482 0.867906
0 0.202604 0.537037 0.197917 0.462963 0.909291
56 0.23724 0.772222 0.282813 0.442593 0.923079
