26 0.571094 0.474537 0.107813 0.0712963 0.273543
24 0.654948 0.441667 0.0588542 0.0925926 0.353312
24 0.570833 0.475463 0.108333 0.0712963 0.360168
24 0.477865 0.753241 0.0682292 0.171296 0.388284
24 0.688281 0.439815 0.0734375 0.101852 0.40509
67 0.43151 0.631019 0.0515625 0.0268519 0.411828
56 0.869271 0.699537 0.233333 0.569444 0.468687
24 0.466406 0.958796 0.123438 0.0787037 0.573331
39 0.345313 0.168981 0.0104167 0.0546296 0.578176
56 0.64375 0.65787 0.145833 0.508333 0.578211
0 0.972135 0.311574 0.0557292 0.119444 0.744156
0 0.152083 0.319444 0.075 0.224074 0.835939
0 0.84401 0.566667 0.206771 0.824074 0.866046
0 0.170052 0.475463 0.130729 0.337963 0.870737
56 0.11276 0.662963 0.0932292 0.292593 0.881598
56 0.241146 0.782407 0.269792 0.424074 0.906914
0 0.338021 0.635648 0.278125 0.706481 0.93491
