26 0.568229 0.475463 0.114583 0.0712963 0.323019
0 0.972656 0.316667 0.0546875 0.122222 0.362438
24 0.567969 0.475463 0.114063 0.0712963 0.385439
67 0.43099 0.631944 0.0526042 0.0268519 0.418648
24 0.652865 0.445833 0.0546875 0.0898148 0.420849
24 0.465625 0.958796 0.125 0.0787037 0.514585
24 0.69349 0.436111 0.0546875 0.111111 0.545472
56 0.638542 0.660185 0.136458 0.522222 0.592197
39 0.345313 0.169907 0.0104167 0.0546296 0.61131
0 0.368229 0.432407 0.053125 0.112963 0.693729
56 0.1125 0.631944 0.0927083 0.262037 0.824004
0 0.834375 0.555556 0.220833 0.777778 0.8408
0 0.161979 0.468056 0.1375 0.334259 0.900176
56 0.240885 0.781944 0.266146 0.423148 0.902395
0 0.330469 0.633796 0.264062 0.700926 0.910255
0 0.0473958 0.562037 0.0947917 0.857407 0.911086
