26 0.489323 0.508333 0.109896 0.0722222 0.2945
60 0.432292 0.740278 0.510417 0.493519 0.344363
27 0.296354 0.405093 0.0114583 0.0694444 0.344437
24 0.224219 0.455093 0.0755208 0.186111 0.537777
39 0.277865 0.189352 0.00989583 0.0546296 0.632317
56 0.56276 0.656482 0.135937 0.437037 0.777764
56 0.815104 0.497222 0.10625 0.15 0.789125
0 0.283333 0.403241 0.14375 0.269444 0.807696
56 0.70026 0.506944 0.0671875 0.0712963 0.870505
56 0.69401 0.750926 0.244271 0.483333 0.907683
0 0.167969 0.382407 0.109896 0.333333 0.91129
56 0.235677 0.766667 0.224479 0.455556 0.923632
