60 0.452083 0.629167 0.353125 0.221296 0.263779
24 0.511458 0.523148 0.110417 0.0777778 0.432309
26 0.511198 0.523611 0.111979 0.0787037 0.563681
56 0.85625 0.524074 0.0552083 0.137037 0.57978
39 0.296615 0.19213 0.00989583 0.0546296 0.581178
24 0.608854 0.489815 0.071875 0.101852 0.693709
0 0.204427 0.423148 0.0703125 0.146296 0.783777
56 0.716146 0.784722 0.275 0.413889 0.886094
0 0.779688 0.418519 0.147917 0.327778 0.906223
56 0.178385 0.8125 0.249479 0.360185 0.907004
0 0.636979 0.613426 0.2625 0.760185 0.925007
0 0.25651 0.670833 0.251563 0.64537 0.933669
