26 0.580208 0.473148 0.0927083 0.0703704 0.252458
24 0.576823 0.474074 0.100521 0.0703704 0.275259
56 0.686719 0.440278 0.101562 0.110185 0.330662
24 0.661458 0.448611 0.0729167 0.087963 0.351109
56 0.753906 0.661111 0.150521 0.462963 0.361307
56 0.682031 0.643981 0.198437 0.480556 0.414523
0 0.0315104 0.363426 0.0630208 0.265741 0.481124
56 0.789583 0.46713 0.071875 0.0731481 0.48745
0 0.960156 0.314352 0.0557292 0.110185 0.602217
0 0.0320312 0.605093 0.0630208 0.737963 0.762709
56 0.910417 0.652778 0.177083 0.557407 0.83976
56 0.106771 0.737963 0.208333 0.494444 0.907342
0 0.370313 0.494444 0.515625 0.983333 0.934369
