56 0.7 0.437963 0.065625 0.114815 0.270989
67 0.738542 0.464352 0.0291667 0.0287037 0.279893
24 0.567448 0.475463 0.115104 0.0712963 0.369782
26 0.567708 0.474537 0.115625 0.0712963 0.37006
24 0.697656 0.437963 0.0671875 0.112963 0.424866
56 0.636458 0.660648 0.129167 0.519444 0.445686
24 0.466927 0.959259 0.123438 0.0777778 0.474447
24 0.652344 0.44537 0.0526042 0.0888889 0.475846
39 0.345313 0.169907 0.0104167 0.0546296 0.571215
0 0.152865 0.424074 0.0921875 0.338889 0.786503
0 0.0588542 0.443981 0.117708 0.569444 0.814793
0 0.835156 0.568056 0.218229 0.765741 0.833278
56 0.105469 0.742593 0.209896 0.496296 0.886604
0 0.307552 0.631481 0.240104 0.711111 0.913177
56 0.240625 0.78287 0.255208 0.419444 0.914399
