24 0.448438 0.747222 0.0677083 0.164815 0.278973
56 0.691927 0.444444 0.0255208 0.0685185 0.36598
67 0.403385 0.63287 0.0526042 0.025 0.464337
24 0.444792 0.960648 0.14375 0.075 0.578707
39 0.316146 0.171296 0.0104167 0.0555556 0.613401
56 0.757552 0.465278 0.0609375 0.0712963 0.836996
0 0.858594 0.543056 0.178646 0.771296 0.851246
0 0.224219 0.412963 0.0682292 0.231481 0.885335
0 0.28724 0.631944 0.222396 0.713889 0.893789
56 0.656771 0.759259 0.23125 0.462963 0.917748
56 0.21901 0.771296 0.238021 0.446296 0.919346
0 0.686979 0.563889 0.320833 0.853704 0.944359
