26 0.489583 0.508796 0.108333 0.0712963 0.250334
0 0.313542 0.645833 0.0989583 0.682407 0.284342
24 0.489583 0.508796 0.108333 0.0712963 0.288682
72 0.101823 0.374537 0.203646 0.749074 0.343986
0 0.314583 0.419907 0.0989583 0.228704 0.566457
39 0.277604 0.189352 0.009375 0.0546296 0.638052
56 0.568229 0.656944 0.145833 0.439815 0.753599
56 0.815365 0.496759 0.106771 0.150926 0.805399
56 0.7 0.506481 0.0677083 0.0722222 0.872064
0 0.282292 0.367593 0.0895833 0.264815 0.881907
56 0.236458 0.761574 0.223958 0.465741 0.896321
56 0.694531 0.750926 0.245312 0.485185 0.899228
