26 0.578125 0.479167 0.0895833 0.062037 0.258206
56 0.865104 0.698148 0.230208 0.57037 0.28323
56 0.739844 0.466204 0.0869792 0.0601852 0.349177
0 0.360677 0.436111 0.0411458 0.105556 0.413673
67 0.43125 0.631944 0.0520833 0.0268519 0.501872
39 0.345313 0.169444 0.0104167 0.0537037 0.522292
56 0.694271 0.436574 0.0541667 0.113889 0.523485
0 0.977083 0.321759 0.0458333 0.123148 0.526414
56 0.676562 0.679167 0.207292 0.489815 0.539279
24 0.652083 0.451852 0.0520833 0.0759259 0.547183
24 0.465885 0.959259 0.124479 0.0777778 0.560615
24 0.69401 0.436111 0.0536458 0.111111 0.614227
56 0.111458 0.641204 0.0885417 0.249074 0.820474
0 0.83724 0.570833 0.215104 0.778704 0.85206
0 0.171094 0.467593 0.124479 0.325926 0.89583
56 0.242448 0.782407 0.267188 0.424074 0.898558
0 0.535417 0.49537 0.1375 0.646296 0.90883
0 0.325521 0.629167 0.25625 0.713889 0.932134
