24 0.597917 0.477315 0.101042 0.10463 0.301661
0 0.386979 0.5375 0.107292 0.637963 0.503609
56 0.279167 0.603241 0.0895833 0.24537 0.519692
56 0.829687 0.513426 0.0333333 0.112037 0.526623
56 0.570052 0.655556 0.151562 0.444444 0.578781
39 0.277604 0.189352 0.0104167 0.0546296 0.609583
56 0.705729 0.878704 0.2625 0.233333 0.702515
0 0.371875 0.375926 0.0770833 0.309259 0.780804
0 0.758854 0.387037 0.160417 0.346296 0.786861
0 0.284896 0.408796 0.0927083 0.178704 0.896341
56 0.258073 0.78287 0.189063 0.419444 0.910153
