26 0.571875 0.474537 0.10625 0.0712963 0.276251
24 0.570833 0.475 0.107292 0.0703704 0.305507
56 0.69349 0.440278 0.0619792 0.10463 0.311608
39 0.0963542 0.47963 0.0208333 0.0981481 0.321669
24 0.652344 0.442593 0.0536458 0.0907407 0.385927
67 0.43151 0.631481 0.0515625 0.0259259 0.406412
24 0.691406 0.440278 0.0661458 0.102778 0.448683
0 0.964323 0.310648 0.0651042 0.117593 0.50802
24 0.466667 0.958333 0.122917 0.0777778 0.513446
56 0.869531 0.7 0.226562 0.568519 0.529847
56 0.646354 0.664815 0.148958 0.5 0.594863
39 0.345313 0.169907 0.0104167 0.0564815 0.623129
56 0.175 0.756481 0.173958 0.464815 0.634414
0 0.84349 0.574074 0.205729 0.801852 0.838628
0 0.166927 0.458333 0.125521 0.316667 0.845253
56 0.264062 0.778241 0.242708 0.426852 0.869136
0 0.349219 0.625 0.277604 0.72037 0.918278
0 0.0526042 0.54537 0.104167 0.894444 0.926378
