0 0.222917 0.383333 0.0645833 0.196296 0.298971
67 0.397396 0.602778 0.0520833 0.0277778 0.400147
56 0.830729 0.614815 0.154167 0.511111 0.439179
39 0.310417 0.142593 0.0114583 0.0555556 0.445644
24 0.432813 0.949537 0.154167 0.0953704 0.474184
0 0.798698 0.493056 0.166146 0.671296 0.536736
0 0.233594 0.338889 0.0421875 0.103704 0.566566
56 0.680469 0.726852 0.261979 0.527778 0.893961
0 0.279427 0.609259 0.214062 0.731481 0.934439
56 0.220573 0.76713 0.244271 0.447222 0.935276
0 0.607813 0.556481 0.245833 0.864815 0.939838
