60 0.439844 0.742593 0.494271 0.490741 0.263646
24 0.489323 0.508333 0.110937 0.0703704 0.26954
24 0.194271 0.383333 0.121875 0.325926 0.340174
56 0.258854 0.512037 0.0625 0.0611111 0.403963
0 0.704948 0.318519 0.0703125 0.198148 0.479186
39 0.277344 0.189815 0.00989583 0.0555556 0.606498
0 0.30026 0.404167 0.135937 0.258333 0.6595
24 0.229948 0.429167 0.0765625 0.225 0.688523
56 0.564583 0.656018 0.139583 0.436111 0.769962
56 0.815104 0.497222 0.10625 0.15 0.772236
56 0.70026 0.506481 0.0671875 0.0722222 0.868672
0 0.185677 0.381944 0.103646 0.330556 0.889236
56 0.69401 0.750926 0.244271 0.483333 0.911024
56 0.235156 0.765278 0.223438 0.456481 0.912
