56 0.695573 0.4375 0.0546875 0.113889 0.276125
67 0.43099 0.632407 0.0515625 0.0259259 0.321315
24 0.571875 0.475463 0.107292 0.0712963 0.321816
26 0.572656 0.475 0.106771 0.0703704 0.353163
67 0.740365 0.463426 0.0296875 0.0305556 0.435387
24 0.694531 0.436574 0.0536458 0.112037 0.458551
24 0.466667 0.959259 0.122917 0.0777778 0.522782
0 0.972135 0.312963 0.0557292 0.116667 0.527653
24 0.652083 0.447685 0.0520833 0.0861111 0.537049
56 0.638802 0.659259 0.133854 0.524074 0.564336
39 0.345313 0.169444 0.0104167 0.0537037 0.6265
0 0.366927 0.387963 0.0713542 0.211111 0.820621
56 0.108073 0.640741 0.0838542 0.25 0.840914
0 0.835938 0.561574 0.216667 0.758333 0.847449
0 0.284635 0.298148 0.0682292 0.188889 0.861618
0 0.158333 0.462963 0.127083 0.324074 0.87673
56 0.236458 0.783333 0.2625 0.422222 0.900444
0 0.321354 0.631019 0.267708 0.713889 0.924428
