56 0.553646 0.781018 0.110417 0.197222 0.27149
56 0.358594 0.451852 0.0557292 0.146296 0.404352
56 0.5625 0.655556 0.134375 0.440741 0.478467
56 0.266406 0.510185 0.0546875 0.0611111 0.52452
56 0.817448 0.509722 0.0505208 0.128704 0.585301
39 0.277865 0.189815 0.00989583 0.0537037 0.593531
56 0.705729 0.879167 0.263542 0.234259 0.696413
0 0.00963542 0.616204 0.0192708 0.478704 0.700027
0 0.733594 0.405093 0.164062 0.321296 0.757162
0 0.447396 0.521759 0.133333 0.626852 0.853876
56 0.258073 0.78287 0.189063 0.415741 0.892693
