24 0.693229 0.4375 0.0614583 0.112037 0.340674
67 0.740104 0.463426 0.0322917 0.0305556 0.354562
26 0.568229 0.474537 0.114583 0.0712963 0.375767
24 0.567969 0.475 0.114063 0.0703704 0.380311
24 0.652604 0.448148 0.053125 0.0833333 0.389974
67 0.43099 0.631944 0.0526042 0.025 0.402687
24 0.467187 0.959259 0.121875 0.0777778 0.500382
56 0.639583 0.660648 0.138542 0.521296 0.534239
39 0.345313 0.169907 0.0104167 0.0527778 0.606846
0 0.835156 0.566667 0.219271 0.764815 0.817267
56 0.109375 0.640278 0.0833333 0.250926 0.843239
0 0.161719 0.458796 0.124479 0.337963 0.89764
56 0.235417 0.783333 0.257292 0.422222 0.907166
0 0.327865 0.635185 0.281771 0.705556 0.936416
