56 0.691927 0.440278 0.0921875 0.110185 0.259615
26 0.582812 0.473148 0.0875 0.0703704 0.287164
24 0.580729 0.473611 0.0895833 0.0712963 0.29886
24 0.661979 0.447685 0.075 0.0898148 0.347305
56 0.772917 0.655556 0.107292 0.451852 0.383003
67 0.43151 0.630093 0.0515625 0.0268519 0.397298
56 0.651042 0.638889 0.158333 0.483333 0.459596
39 0.345313 0.168519 0.0104167 0.0537037 0.534119
24 0.466406 0.958333 0.125521 0.0796296 0.629131
0 0.375 0.395833 0.0614583 0.219444 0.638658
56 0.789844 0.46713 0.0713542 0.0731481 0.639145
0 0.965885 0.495833 0.0682292 0.991667 0.831127
56 0.885156 0.652778 0.128646 0.551852 0.835804
0 0.0325521 0.416667 0.0651042 0.22963 0.849131
56 0.0520833 0.747222 0.103125 0.488889 0.902998
0 0.358854 0.624537 0.279167 0.719444 0.925055
56 0.267448 0.775463 0.250521 0.437963 0.931604
