60 0.642969 0.719907 0.664062 0.486111 0.261517
24 0.480208 0.753241 0.0770833 0.167593 0.263018
56 0.78125 0.633796 0.0635417 0.380556 0.310148
67 0.390885 0.466204 0.0182292 0.025 0.317314
56 0.695312 0.797685 0.244792 0.169444 0.333552
67 0.823438 0.363426 0.0364583 0.0194444 0.403239
26 0.547656 0.475463 0.125521 0.0731481 0.45047
56 0.984375 0.516667 0.03125 0.262963 0.488534
0 0.254167 0.539815 0.176042 0.474074 0.651201
39 0.345573 0.17037 0.00989583 0.0537037 0.688263
0 0.713021 0.570833 0.183333 0.641667 0.728188
0 0.365104 0.421296 0.132292 0.188889 0.860458
0 0.897135 0.488889 0.190104 0.964815 0.892199
56 0.194271 0.755093 0.182292 0.486111 0.909288
