41 0.502865 0.389352 0.0348958 0.0342593 0.253845
67 0.430469 0.632407 0.0526042 0.0240741 0.406699
24 0.471094 0.960185 0.139062 0.0759259 0.512912
39 0.34349 0.171296 0.0109375 0.0574074 0.611189
0 0.89375 0.556481 0.175 0.8 0.661497
56 0.785677 0.468519 0.0609375 0.0722222 0.81953
56 0.246094 0.768981 0.228646 0.450926 0.87412
56 0.639844 0.766204 0.229687 0.45463 0.882127
0 0.259115 0.412037 0.0796875 0.22963 0.894542
0 0.315365 0.637037 0.224479 0.709259 0.900802
0 0.695052 0.561111 0.390104 0.855556 0.953384
