24 0.580208 0.473148 0.084375 0.0703704 0.262915
56 0.970833 0.64537 0.0583333 0.548148 0.359638
67 0.43125 0.62963 0.0520833 0.0259259 0.406
56 0.68099 0.440278 0.114063 0.113889 0.483057
24 0.466667 0.95787 0.123958 0.0787037 0.485488
67 0.808854 0.468519 0.034375 0.0203704 0.536422
39 0.345313 0.167593 0.0104167 0.0537037 0.59327
24 0.68099 0.440741 0.113021 0.107407 0.6281
56 0.775781 0.466204 0.0432292 0.0712963 0.668407
0 0.376823 0.39537 0.0578125 0.216667 0.843089
0 0.872656 0.527778 0.178646 0.788889 0.879453
56 0.685938 0.743056 0.267708 0.502778 0.901445
0 0.352865 0.622685 0.268229 0.708333 0.90638
0 0.0598958 0.621296 0.119792 0.740741 0.92006
56 0.263802 0.773148 0.225521 0.437037 0.92932
