56 0.698958 0.4375 0.0635417 0.115741 0.305427
56 0.636458 0.660185 0.129167 0.52037 0.380981
67 0.740625 0.464352 0.0302083 0.0324074 0.425575
24 0.696615 0.437963 0.0609375 0.112963 0.454356
24 0.466667 0.959259 0.123958 0.0777778 0.460332
26 0.56849 0.475463 0.114063 0.0712963 0.492724
67 0.430729 0.632407 0.053125 0.0259259 0.522001
24 0.651302 0.447222 0.0505208 0.0851852 0.560033
39 0.345573 0.169907 0.00989583 0.0527778 0.642937
0 0.377604 0.402778 0.090625 0.209259 0.759881
0 0.836198 0.561111 0.215104 0.751852 0.83029
0 0.178906 0.443056 0.0973958 0.387963 0.91615
56 0.233594 0.780556 0.248437 0.42963 0.919716
0 0.332031 0.632407 0.288021 0.707407 0.933654
