56 0.655208 0.502778 0.059375 0.0648148 0.322595
24 0.579687 0.484722 0.065625 0.0824074 0.330353
56 0.255469 0.509722 0.0401042 0.0564815 0.379416
60 0.554688 0.736111 0.59375 0.455556 0.395687
39 0.277344 0.189352 0.00989583 0.0546296 0.52962
56 0.772396 0.568056 0.139583 0.273148 0.564903
56 0.558073 0.674074 0.122396 0.462963 0.659948
0 0.889844 0.337037 0.0692708 0.192593 0.691599
24 0.761719 0.355093 0.120312 0.202778 0.73393
0 0.472917 0.536574 0.128125 0.537963 0.82867
24 0.133854 0.41713 0.144792 0.321296 0.831103
0 0.703906 0.331944 0.106771 0.406481 0.832914
0 0.194792 0.550926 0.148958 0.87963 0.910188
56 0.791927 0.756481 0.266146 0.47037 0.91059
56 0.330469 0.787037 0.229687 0.412963 0.929639
