73 0.750521 0.457407 0.0302083 0.0907407 0.300287
67 0.748698 0.458333 0.0317708 0.0925926 0.341947
24 0.438021 0.963426 0.13125 0.0694444 0.394847
60 0.398958 0.718982 0.169792 0.447222 0.400007
39 0.323438 0.169444 0.0114583 0.0537037 0.44402
56 0.689323 0.443056 0.0463542 0.106481 0.6395
0 0.227865 0.402778 0.0619792 0.216667 0.662461
0 0.818229 0.516204 0.220833 0.687963 0.801239
56 0.651042 0.755556 0.260417 0.47037 0.904116
0 0.574479 0.484722 0.236458 0.69537 0.914664
56 0.221094 0.775926 0.241146 0.438889 0.918565
0 0.295052 0.634722 0.235938 0.710185 0.932026
