60 0.745313 0.73287 0.49375 0.50463 0.250748
56 0.364323 0.852315 0.0953125 0.276852 0.254409
24 0.467448 0.957407 0.124479 0.0796296 0.298264
64 0.78776 0.465278 0.0265625 0.0287037 0.350443
24 0.582552 0.474074 0.0869792 0.0703704 0.454451
26 0.583333 0.473611 0.0864583 0.0712963 0.478054
24 0.679948 0.44213 0.111979 0.106481 0.558787
0 0.370833 0.3625 0.0708333 0.147222 0.739267
0 0.871875 0.537963 0.230208 0.888889 0.857204
56 0.683594 0.7625 0.353646 0.45463 0.907827
0 0.33776 0.539352 0.407813 0.889815 0.953339
