60 0.454167 0.747685 0.214583 0.484259 0.252866
24 0.466146 0.95787 0.125 0.0787037 0.343773
67 0.43125 0.62963 0.0520833 0.0259259 0.394329
56 0.682031 0.440278 0.113021 0.113889 0.413619
56 0.801042 0.6375 0.101042 0.410185 0.533527
24 0.676823 0.443519 0.103646 0.101852 0.543764
67 0.859635 0.448148 0.0359375 0.0259259 0.549594
39 0.345313 0.168056 0.0104167 0.0527778 0.595749
0 0.883073 0.528704 0.176563 0.837037 0.836409
0 0.339063 0.619444 0.239583 0.692593 0.848274
0 0.370313 0.394907 0.0625 0.219444 0.85201
56 0.679948 0.742593 0.293229 0.505556 0.902954
56 0.267448 0.773611 0.233854 0.436111 0.9224
