24 0.56849 0.475463 0.111979 0.0712963 0.309697
26 0.56875 0.475 0.1125 0.0703704 0.31899
67 0.43099 0.631944 0.0526042 0.0268519 0.33185
56 0.694271 0.436574 0.0541667 0.112037 0.435099
24 0.465625 0.958796 0.125 0.0787037 0.467287
24 0.652344 0.445833 0.0536458 0.0898148 0.475201
24 0.694271 0.436111 0.053125 0.111111 0.477822
56 0.638281 0.661574 0.135937 0.519444 0.593576
39 0.345313 0.168981 0.0104167 0.0546296 0.606691
0 0.371094 0.431944 0.0515625 0.119444 0.700991
56 0.124479 0.647685 0.0666667 0.234259 0.734973
0 0.835938 0.55787 0.217708 0.776852 0.83979
0 0.166927 0.467593 0.128646 0.333333 0.859109
0 0.053125 0.614815 0.105208 0.753704 0.905045
56 0.240104 0.781482 0.266667 0.424074 0.906336
0 0.330208 0.633796 0.263542 0.700926 0.912439
