60 0.419271 0.640278 0.435417 0.234259 0.271856
56 0.865365 0.50463 0.0234375 0.138889 0.520153
56 0.27474 0.661111 0.118229 0.440741 0.564578
39 0.277604 0.189815 0.0104167 0.0537037 0.583828
24 0.274219 0.493519 0.0703125 0.0944444 0.66123
24 0.575781 0.493981 0.106771 0.143519 0.751167
56 0.0903646 0.771296 0.179688 0.45 0.889712
0 0.382031 0.5 0.118229 0.640741 0.895423
0 0.802083 0.388426 0.127083 0.360185 0.909916
56 0.740885 0.783333 0.252604 0.418519 0.917963
0 0.68151 0.589815 0.250521 0.796296 0.927857
0 0.152083 0.65463 0.259375 0.677778 0.937467
