63 0.260677 0.512963 0.0598958 0.062963 0.294914
56 0.548958 0.781944 0.105208 0.197222 0.29547
24 0.328646 0.956481 0.05 0.0814815 0.306422
24 0.597917 0.475926 0.101042 0.105556 0.436796
56 0.569792 0.656482 0.151042 0.444444 0.527852
56 0.71224 0.87963 0.279687 0.233333 0.555661
39 0.277865 0.190278 0.00989583 0.0546296 0.569754
56 0.70625 0.484722 0.053125 0.0268519 0.681704
56 0.815625 0.498148 0.104167 0.151852 0.717835
56 0.263021 0.511111 0.053125 0.0611111 0.778788
0 0.264062 0.453241 0.0895833 0.173148 0.894755
0 0.953646 0.508796 0.0927083 0.889815 0.905637
56 0.145313 0.7875 0.228125 0.406481 0.912774
0 0.217187 0.659259 0.247917 0.664815 0.95618
