56 0.695052 0.436574 0.0536458 0.112037 0.251722
56 0.869271 0.697222 0.229167 0.568519 0.261528
56 0.640625 0.6625 0.130208 0.515741 0.343017
26 0.577604 0.475926 0.0916667 0.0685185 0.344993
0 0.977344 0.319444 0.0453125 0.124074 0.399595
24 0.652344 0.453241 0.0526042 0.0731481 0.446454
24 0.69349 0.436111 0.0557292 0.111111 0.560086
67 0.43151 0.631944 0.0515625 0.0268519 0.571446
39 0.345313 0.169907 0.0104167 0.0546296 0.589278
24 0.465885 0.958796 0.124479 0.0787037 0.591955
56 0.111198 0.641667 0.0911458 0.25 0.759262
0 0.517969 0.491667 0.128646 0.642593 0.869386
0 0.822917 0.560648 0.2375 0.767593 0.871319
56 0.241667 0.782407 0.266667 0.424074 0.891781
0 0.160938 0.46713 0.13125 0.325 0.898681
0 0.328906 0.630556 0.261979 0.712963 0.934
