56 0.130729 0.585185 0.0552083 0.153704 0.26416
56 0.694792 0.437037 0.0541667 0.112963 0.372844
56 0.798958 0.67963 0.2 0.47963 0.377054
26 0.567708 0.475 0.115625 0.0703704 0.43595
24 0.466406 0.958796 0.123438 0.0787037 0.459013
56 0.638802 0.662037 0.131771 0.501852 0.475338
24 0.651823 0.447685 0.0515625 0.0861111 0.541422
0 0.908594 0.604167 0.181771 0.625 0.563581
24 0.694271 0.436574 0.0541667 0.110185 0.572856
39 0.345313 0.169907 0.0104167 0.0546296 0.597988
56 0.259635 0.758796 0.292188 0.476852 0.662884
0 0.364062 0.40463 0.127083 0.216667 0.817146
0 0.242969 0.409722 0.192188 0.673148 0.859118
