67 0.43125 0.630093 0.0520833 0.025 0.335169
56 0.652604 0.639815 0.161458 0.47963 0.341304
24 0.570312 0.473611 0.111458 0.0712963 0.381811
24 0.68125 0.438426 0.113542 0.108333 0.388967
26 0.571094 0.473611 0.109896 0.0712963 0.451728
24 0.466927 0.95787 0.124479 0.0787037 0.467475
39 0.345313 0.168519 0.0104167 0.0537037 0.566704
56 0.953906 0.643519 0.0921875 0.524074 0.59015
0 0.982552 0.32037 0.0348958 0.111111 0.631561
0 0.854948 0.590741 0.199479 0.807407 0.669925
56 0.261979 0.773148 0.234375 0.444444 0.889744
0 0.353646 0.619907 0.261458 0.702778 0.911825
56 0.135677 0.743519 0.222396 0.505556 0.927674
