24 0.650781 0.445833 0.0505208 0.0842593 0.338349
26 0.576563 0.474537 0.0947917 0.0712963 0.397026
24 0.680469 0.441204 0.0890625 0.100926 0.487408
56 0.647135 0.659722 0.149479 0.500926 0.518068
24 0.466667 0.959259 0.122917 0.0777778 0.527857
56 0.873958 0.7 0.217708 0.568519 0.576459
39 0.345313 0.168981 0.0104167 0.0546296 0.60635
0 0.491667 0.555556 0.109375 0.551852 0.759167
0 0.843229 0.582407 0.204167 0.807407 0.818271
0 0.263802 0.57963 0.274479 0.809259 0.890644
56 0.247656 0.780093 0.282813 0.425 0.900098
0 0.0622396 0.496296 0.123438 0.983333 0.901826
