56 0.295312 0.485648 0.0270833 0.0490741 0.299255
60 0.63151 0.709259 0.628646 0.464815 0.366272
24 0.643229 0.44213 0.0354167 0.0916667 0.381146
24 0.480208 0.753704 0.0760417 0.168519 0.391216
26 0.552083 0.475463 0.135417 0.0712963 0.403245
67 0.39375 0.463889 0.0177083 0.0222222 0.448622
41 0.39401 0.463889 0.0182292 0.0240741 0.506923
0 0.25651 0.526389 0.180729 0.450926 0.689578
39 0.345573 0.17037 0.00989583 0.0537037 0.69099
0 0.733854 0.569444 0.2 0.648148 0.772222
56 0.891146 0.753704 0.116667 0.344444 0.783207
0 0.366406 0.415278 0.126563 0.200926 0.878039
0 0.934375 0.498611 0.130208 0.991667 0.897671
56 0.19375 0.75463 0.182292 0.487037 0.914882
