56 0.63724 0.661574 0.129688 0.519444 0.347143
24 0.67474 0.440741 0.101562 0.105556 0.395452
67 0.739844 0.464352 0.0307292 0.0324074 0.405374
24 0.652604 0.447685 0.0520833 0.0842593 0.426458
0 0.420573 0.601852 0.177604 0.737037 0.439488
24 0.466667 0.959259 0.123958 0.0777778 0.50459
26 0.56849 0.475 0.114063 0.0722222 0.528564
39 0.345313 0.169907 0.0104167 0.0546296 0.641075
0 0.402344 0.369907 0.123438 0.262037 0.773885
0 0.835417 0.564815 0.216667 0.757407 0.83134
56 0.235938 0.784259 0.251042 0.414815 0.841901
0 0.145052 0.390278 0.107813 0.430556 0.907395
0 0.307552 0.627778 0.240104 0.714815 0.913009
