56 0.554167 0.781018 0.116667 0.191667 0.301292
26 0.49401 0.506944 0.0963542 0.0731481 0.316168
24 0.597656 0.481019 0.100521 0.0935185 0.31701
56 0.365885 0.461574 0.0421875 0.128704 0.37152
56 0.561198 0.656482 0.131771 0.440741 0.415909
56 0.827865 0.510185 0.0307292 0.127778 0.485608
39 0.277865 0.189352 0.00989583 0.0546296 0.600072
67 0.691406 0.399537 0.0255208 0.0546296 0.672089
56 0.707292 0.878241 0.266667 0.232407 0.679561
0 0.221615 0.444907 0.133854 0.213889 0.718996
0 0.742969 0.404167 0.167187 0.341667 0.77434
0 0.447917 0.524074 0.135417 0.624074 0.846254
56 0.258333 0.783333 0.188542 0.42037 0.919405
