56 0.656771 0.63287 0.165625 0.493519 0.262757
24 0.463802 0.95787 0.130729 0.0787037 0.313615
56 0.943229 0.64537 0.113542 0.52037 0.31733
24 0.567708 0.473611 0.116667 0.0712963 0.347141
24 0.68151 0.438889 0.113021 0.109259 0.389921
26 0.56849 0.473611 0.116146 0.0712963 0.397919
67 0.43125 0.630556 0.0520833 0.0259259 0.412532
56 0.778125 0.46713 0.071875 0.0712963 0.556895
39 0.345313 0.168519 0.0104167 0.0537037 0.609963
0 0.870052 0.573611 0.213021 0.839815 0.827251
0 0.346094 0.625 0.259896 0.711111 0.878858
0 0.284115 0.395833 0.171354 0.258333 0.883937
56 0.265365 0.780556 0.244271 0.427778 0.913358
56 0.133854 0.743519 0.21875 0.505556 0.921111
