26 0.577865 0.476852 0.0901042 0.0666667 0.307563
0 0.977083 0.320833 0.0458333 0.125 0.39604
56 0.740104 0.465741 0.0864583 0.0592593 0.398661
56 0.69401 0.436574 0.0546875 0.112037 0.469348
24 0.652604 0.452778 0.0520833 0.0740741 0.487921
67 0.43099 0.631944 0.0526042 0.0268519 0.496194
24 0.69401 0.436111 0.0546875 0.111111 0.513492
56 0.671354 0.675926 0.198958 0.492593 0.534218
24 0.466146 0.959259 0.123958 0.0777778 0.551072
39 0.345313 0.169444 0.0104167 0.0555556 0.58388
56 0.111458 0.64213 0.0927083 0.250926 0.747512
0 0.83724 0.567593 0.215104 0.775926 0.851784
0 0.529688 0.490741 0.121875 0.633333 0.851963
0 0.170312 0.476852 0.130208 0.340741 0.871786
56 0.240885 0.780093 0.264062 0.426852 0.878728
0 0.329427 0.633796 0.263021 0.708333 0.937412
