60 0.463021 0.612963 0.395833 0.201852 0.270309
39 0.277604 0.189352 0.0104167 0.0546296 0.516557
56 0.860937 0.536111 0.05 0.190741 0.641917
24 0.588802 0.49213 0.134896 0.14537 0.753569
0 0.25599 0.35463 0.0588542 0.153704 0.802831
56 0.152865 0.787963 0.222396 0.407407 0.826976
0 0.257552 0.440278 0.124479 0.206481 0.905601
56 0.744792 0.782407 0.25 0.42037 0.908848
0 0.814583 0.390741 0.103125 0.351852 0.909359
0 0.686198 0.6 0.281771 0.77963 0.939582
0 0.219792 0.659259 0.252083 0.666667 0.946301
