24 0.489844 0.505093 0.103646 0.0731481 0.255983
24 0.597656 0.476852 0.101562 0.105556 0.259106
27 0.220052 0.481019 0.0588542 0.102778 0.309491
26 0.490104 0.505556 0.104167 0.0740741 0.324209
56 0.365365 0.472222 0.0401042 0.107407 0.345353
56 0.833073 0.512963 0.0234375 0.116667 0.374318
27 0.220573 0.485648 0.0244792 0.0638889 0.378512
39 0.277865 0.190741 0.00989583 0.0537037 0.626421
56 0.705469 0.87963 0.261979 0.233333 0.657114
56 0.564062 0.656482 0.136458 0.438889 0.719792
0 0.764323 0.415278 0.131771 0.373148 0.747456
0 0.221875 0.446759 0.135417 0.213889 0.794611
0 0.446354 0.532407 0.134375 0.607407 0.84859
56 0.258333 0.78287 0.188542 0.419444 0.917701
