60 0.455469 0.604167 0.389062 0.199074 0.265767
24 0.488802 0.509259 0.107813 0.0722222 0.2668
24 0.367448 0.969444 0.151562 0.0592593 0.269633
26 0.488542 0.509259 0.107292 0.0722222 0.334548
56 0.834896 0.511574 0.01875 0.121296 0.391027
24 0.599219 0.477778 0.103646 0.107407 0.403757
39 0.277865 0.190741 0.00989583 0.0537037 0.589968
56 0.711458 0.768981 0.238542 0.44537 0.825554
0 0.772135 0.397685 0.119271 0.336111 0.878746
0 0.189323 0.44213 0.0723958 0.219444 0.893652
56 0.173177 0.801389 0.227604 0.384259 0.924344
0 0.244271 0.662963 0.222917 0.653704 0.927134
0 0.635156 0.612037 0.247396 0.753704 0.934657
