24 0.680208 0.441204 0.113542 0.108333 0.294794
67 0.431771 0.62963 0.0520833 0.0277778 0.379793
56 0.788542 0.46713 0.0739583 0.0731481 0.411336
27 0.0153646 0.404167 0.0182292 0.0787037 0.460004
56 0.748958 0.662037 0.154167 0.462963 0.509743
56 0.653125 0.634722 0.1625 0.486111 0.54097
39 0.345313 0.168056 0.0104167 0.0546296 0.573179
24 0.466146 0.958333 0.125 0.0796296 0.584749
56 0.901042 0.659722 0.166667 0.565741 0.685241
0 0.947396 0.490741 0.104167 0.927778 0.713313
0 0.375521 0.394907 0.0604167 0.217593 0.713414
56 0.141927 0.597685 0.0734375 0.239815 0.716395
0 0.0572917 0.600926 0.114583 0.746296 0.921045
56 0.263021 0.775463 0.259375 0.437963 0.921764
0 0.359115 0.625 0.278646 0.716667 0.927409
