60 0.548698 0.731481 0.616146 0.459259 0.291861
24 0.580208 0.484259 0.065625 0.0814815 0.420527
39 0.277604 0.189352 0.0104167 0.0546296 0.507528
56 0.253646 0.509259 0.0416667 0.062963 0.581337
56 0.557813 0.672222 0.123958 0.457407 0.659521
56 0.660417 0.503241 0.0708333 0.0657407 0.707185
24 0.800521 0.347222 0.0947917 0.181481 0.756173
0 0.477865 0.538426 0.125521 0.549074 0.809792
24 0.135156 0.435648 0.151562 0.315741 0.811642
0 0.732813 0.340741 0.164583 0.414815 0.823598
56 0.791927 0.753704 0.264062 0.47037 0.864502
0 0.209896 0.558796 0.166667 0.867593 0.910645
56 0.332552 0.790278 0.226562 0.40463 0.916408
