56 0.695573 0.437037 0.0546875 0.112963 0.269907
24 0.571615 0.475463 0.107813 0.0712963 0.330061
67 0.43099 0.632407 0.0515625 0.0259259 0.338176
26 0.572656 0.475 0.106771 0.0703704 0.340052
67 0.739844 0.463426 0.0286458 0.0305556 0.427575
24 0.69401 0.436574 0.0536458 0.112037 0.465697
24 0.466667 0.959259 0.122917 0.0777778 0.511893
24 0.651823 0.447685 0.0515625 0.0861111 0.539665
0 0.972135 0.3125 0.0557292 0.117593 0.552908
56 0.639323 0.659259 0.134896 0.524074 0.57544
39 0.345313 0.169444 0.0104167 0.0537037 0.632305
0 0.366927 0.387963 0.0713542 0.211111 0.811007
0 0.291146 0.295833 0.0666667 0.182407 0.824145
56 0.108073 0.640741 0.0838542 0.25 0.847146
0 0.835938 0.5625 0.216667 0.760185 0.847893
0 0.160938 0.4625 0.132292 0.323148 0.870736
56 0.2375 0.783333 0.264583 0.422222 0.900313
0 0.321615 0.631944 0.268229 0.713889 0.923564
