67 0.43125 0.631944 0.0520833 0.0268519 0.297786
26 0.56901 0.474537 0.114063 0.0712963 0.301199
0 0.972396 0.318519 0.0552083 0.12037 0.308105
24 0.56849 0.475463 0.114063 0.0712963 0.321628
67 0.739062 0.464352 0.028125 0.0287037 0.392218
24 0.466146 0.958796 0.125 0.0787037 0.511445
24 0.69349 0.437037 0.0546875 0.111111 0.525525
24 0.651563 0.446296 0.0520833 0.0888889 0.534039
56 0.639323 0.659722 0.136979 0.519444 0.538644
39 0.345313 0.169907 0.0104167 0.0546296 0.577305
56 0.113281 0.634259 0.0921875 0.257407 0.771936
0 0.8375 0.567593 0.215625 0.772222 0.837619
56 0.241667 0.781018 0.266667 0.425 0.893554
0 0.164062 0.471296 0.141667 0.346296 0.896223
0 0.332031 0.631944 0.266146 0.702778 0.917341
