24 0.567969 0.474537 0.111979 0.0712963 0.290501
56 0.214583 0.574074 0.0302083 0.101852 0.305642
56 0.969531 0.647685 0.0609375 0.526852 0.307871
24 0.463021 0.958333 0.132292 0.0777778 0.345786
56 0.654427 0.6375 0.165104 0.493519 0.374151
0 0.285156 0.414815 0.161979 0.283333 0.382429
26 0.568229 0.473611 0.116667 0.0712963 0.462551
67 0.43125 0.630556 0.0520833 0.0259259 0.563885
39 0.345313 0.168519 0.0104167 0.0537037 0.563931
56 0.764583 0.468056 0.0958333 0.075 0.615099
0 0.868229 0.573611 0.208333 0.843518 0.838104
0 0.345833 0.624537 0.260417 0.717593 0.903265
56 0.265625 0.77963 0.244792 0.42963 0.909271
56 0.132292 0.743519 0.215625 0.505556 0.919577
