24 0.580729 0.485185 0.0666667 0.0796296 0.290363
24 0.694271 0.337037 0.15 0.396296 0.345441
60 0.546094 0.733796 0.634896 0.484259 0.396422
39 0.277604 0.189352 0.0104167 0.0546296 0.522082
56 0.785937 0.561111 0.111458 0.259259 0.539181
56 0.558333 0.674074 0.125 0.457407 0.63949
56 0.653906 0.501389 0.0557292 0.0675926 0.667603
24 0.756771 0.376389 0.0864583 0.208333 0.711617
56 0.252083 0.510648 0.04375 0.0601852 0.747971
0 0.485417 0.529167 0.128125 0.532407 0.78319
24 0.129688 0.409259 0.14375 0.316667 0.840799
0 0.183073 0.553241 0.126563 0.873148 0.895569
56 0.791927 0.756944 0.266146 0.473148 0.89829
0 0.682813 0.336574 0.130208 0.40463 0.909613
56 0.330208 0.787037 0.230208 0.412963 0.931019
