26 0.58099 0.475926 0.0859375 0.0685185 0.395351
56 0.652083 0.660648 0.157292 0.499074 0.466454
24 0.466406 0.958796 0.123438 0.0787037 0.472847
56 0.874479 0.700926 0.216667 0.57037 0.534556
24 0.675521 0.440278 0.096875 0.10463 0.559988
39 0.345573 0.169444 0.0109375 0.0555556 0.624959
0 0.527344 0.530556 0.104687 0.511111 0.644757
0 0.84349 0.579167 0.203646 0.806481 0.817044
0 0.244792 0.534722 0.134375 0.469444 0.911694
0 0.118229 0.525463 0.167708 0.925 0.914825
56 0.243229 0.777778 0.275 0.431481 0.933385
