26 0.567187 0.473611 0.116667 0.0712963 0.278304
24 0.566667 0.474074 0.116667 0.0703704 0.299974
24 0.651823 0.443056 0.0526042 0.0898148 0.335736
0 0.978906 0.313426 0.0421875 0.134259 0.419585
24 0.680208 0.441667 0.10625 0.105556 0.455587
24 0.466927 0.958796 0.124479 0.0787037 0.503214
60 0.61875 0.725926 0.738542 0.494444 0.560929
39 0.345573 0.168519 0.00989583 0.0537037 0.628598
0 0.34349 0.530093 0.134896 0.508333 0.655613
56 0.107031 0.636111 0.0921875 0.244444 0.81733
0 0.829427 0.556019 0.201562 0.700926 0.839384
0 0.0575521 0.552315 0.115104 0.823148 0.925236
0 0.204167 0.534259 0.198958 0.468519 0.925237
56 0.236979 0.773611 0.283333 0.441667 0.926692
