24 0.489323 0.509259 0.105729 0.0703704 0.338586
24 0.597656 0.476389 0.101562 0.10463 0.353798
56 0.835156 0.511111 0.0192708 0.112963 0.450116
39 0.277865 0.189815 0.00989583 0.0537037 0.523402
0 0.243229 0.445833 0.090625 0.210185 0.548643
0 0.246354 0.564352 0.0958333 0.443519 0.575734
56 0.704427 0.87963 0.260938 0.233333 0.635473
56 0.561198 0.656018 0.131771 0.439815 0.643873
0 0.129427 0.56713 0.207813 0.813889 0.666983
0 0.395573 0.526852 0.140104 0.622222 0.775429
0 0.764844 0.394444 0.131771 0.333333 0.845445
56 0.189844 0.8 0.231771 0.387037 0.913033
