56 0.554427 0.777315 0.116146 0.200926 0.344301
56 0.4375 0.449537 0.0322917 0.113889 0.387009
56 0.861458 0.5125 0.0385417 0.173148 0.542598
39 0.277604 0.189352 0.0104167 0.0546296 0.568676
24 0.57526 0.493519 0.102604 0.142593 0.75202
56 0.279427 0.503241 0.0828125 0.0675926 0.782447
56 0.128906 0.789352 0.169271 0.40463 0.875784
56 0.746354 0.780556 0.255208 0.424074 0.894989
0 0.370313 0.359259 0.107292 0.333333 0.907146
0 0.789062 0.374074 0.119792 0.385185 0.919372
0 0.678646 0.602315 0.25 0.775 0.939082
0 0.244531 0.652315 0.240104 0.676852 0.940124
