60 0.658073 0.699537 0.635938 0.502778 0.277622
56 0.740104 0.465741 0.0864583 0.0592593 0.398285
0 0.360677 0.445833 0.0484375 0.110185 0.409199
56 0.678125 0.679167 0.203125 0.493519 0.460793
39 0.345313 0.169444 0.0104167 0.0537037 0.517516
0 0.977083 0.321759 0.0458333 0.121296 0.520701
56 0.694271 0.436111 0.0541667 0.112963 0.52362
24 0.465365 0.959259 0.125521 0.0777778 0.523935
24 0.652604 0.450926 0.053125 0.0777778 0.564075
67 0.43125 0.631944 0.0520833 0.0268519 0.583738
24 0.694271 0.436574 0.053125 0.112037 0.585739
56 0.1125 0.64213 0.0927083 0.250926 0.807904
0 0.83776 0.569907 0.215104 0.782407 0.847338
56 0.241146 0.780093 0.265625 0.426852 0.888628
0 0.166927 0.476389 0.127604 0.341667 0.891665
0 0.535417 0.49537 0.1375 0.648148 0.898671
0 0.322396 0.631944 0.253125 0.70463 0.930695
