56 0.695833 0.439815 0.059375 0.103704 0.251869
26 0.573958 0.474537 0.103125 0.0712963 0.292696
24 0.572656 0.475 0.105729 0.0703704 0.319142
56 0.744792 0.466667 0.0895833 0.062963 0.369763
56 0.642448 0.658796 0.139062 0.49537 0.438611
24 0.651563 0.443056 0.0520833 0.0898148 0.448157
24 0.466667 0.959259 0.123958 0.0777778 0.489307
24 0.692708 0.439815 0.0645833 0.103704 0.534639
56 0.113542 0.646759 0.1 0.256481 0.553898
39 0.345313 0.168981 0.0104167 0.0564815 0.646857
0 0.354688 0.558796 0.18125 0.484259 0.690366
0 0.853385 0.559722 0.207813 0.793519 0.806863
0 0.15 0.332407 0.152083 0.374074 0.888438
0 0.17526 0.536111 0.225521 0.47037 0.90354
56 0.238542 0.773611 0.28125 0.439815 0.921126
