60 0.413021 0.606944 0.447917 0.228704 0.323731
56 0.570833 0.649074 0.152083 0.45 0.326254
56 0.558594 0.764815 0.123438 0.22037 0.363286
56 0.705469 0.485648 0.0526042 0.0287037 0.373902
24 0.597656 0.476389 0.101562 0.10463 0.395144
41 0.940104 0.144444 0.0885417 0.27037 0.434052
56 0.263802 0.510648 0.0536458 0.0601852 0.542291
39 0.277865 0.189815 0.00989583 0.0537037 0.587953
56 0.645052 0.878704 0.143229 0.235185 0.814084
56 0.133333 0.775926 0.189583 0.435185 0.889618
67 0.946875 0.138426 0.104167 0.273148 0.892296
0 0.269271 0.389815 0.0822917 0.288889 0.913723
0 0.86224 0.493519 0.271354 0.985185 0.922455
0 0.195833 0.659259 0.196875 0.637037 0.924688
