56 0.553385 0.781482 0.109896 0.196296 0.250854
26 0.491406 0.506019 0.101562 0.0731481 0.268479
60 0.494792 0.734722 0.722917 0.502778 0.27123
56 0.357292 0.451389 0.0572917 0.14537 0.473605
56 0.561719 0.656018 0.132812 0.439815 0.518666
39 0.277865 0.189352 0.00989583 0.0546296 0.615835
56 0.817448 0.507407 0.0505208 0.124074 0.657401
56 0.266927 0.509259 0.0557292 0.062963 0.685628
56 0.705469 0.879167 0.263021 0.234259 0.705417
0 0.733333 0.399537 0.163542 0.310185 0.781055
0 0.447396 0.521296 0.133333 0.627778 0.850053
56 0.257812 0.782407 0.189583 0.416667 0.901589
0 0.04375 0.62963 0.0864583 0.718518 0.9222
