56 0.571354 0.647685 0.153125 0.450926 0.286
60 0.416667 0.613426 0.436458 0.228704 0.315701
56 0.554427 0.780093 0.118229 0.193519 0.34349
56 0.705729 0.485648 0.053125 0.0287037 0.386967
24 0.597917 0.476389 0.101042 0.106481 0.579323
39 0.277865 0.189352 0.00989583 0.0546296 0.640986
56 0.69349 0.879167 0.240104 0.232407 0.647813
56 0.264062 0.510648 0.0520833 0.0601852 0.660206
0 0.298958 0.4375 0.0802083 0.197222 0.737069
67 0.961719 0.175463 0.0765625 0.280556 0.809253
56 0.138281 0.777778 0.205729 0.433333 0.899762
0 0.86875 0.494444 0.260417 0.981481 0.932796
0 0.196094 0.659722 0.216146 0.663889 0.933626
