60 0.419531 0.632407 0.430729 0.218519 0.392714
56 0.86224 0.503704 0.0265625 0.144444 0.48852
39 0.277865 0.189815 0.00989583 0.0537037 0.522651
24 0.570052 0.493056 0.0984375 0.141667 0.710969
24 0.274479 0.493981 0.0697917 0.0935185 0.77672
56 0.115365 0.763889 0.204688 0.457407 0.837079
0 0.38125 0.500463 0.11875 0.641667 0.889806
56 0.744271 0.777315 0.2625 0.430556 0.898757
0 0.795833 0.389815 0.129167 0.355556 0.907266
0 0.163021 0.606019 0.217708 0.784259 0.911011
0 0.673958 0.579167 0.242708 0.815741 0.933728
