26 0.491146 0.506019 0.101042 0.0731481 0.27606
56 0.359896 0.452778 0.0520833 0.144444 0.295333
27 0.219531 0.477315 0.0963542 0.15463 0.298757
24 0.597396 0.477315 0.102083 0.10463 0.299861
27 0.220052 0.487037 0.0255208 0.0685185 0.352363
56 0.833594 0.512037 0.0223958 0.114815 0.395434
39 0.277865 0.189815 0.00989583 0.0537037 0.60199
56 0.563802 0.656482 0.135937 0.438889 0.68743
56 0.70599 0.878704 0.264062 0.233333 0.688744
0 0.221875 0.446759 0.135417 0.213889 0.722584
0 0.765104 0.399537 0.13125 0.341667 0.797358
0 0.447917 0.531018 0.133333 0.606481 0.84695
56 0.258073 0.781944 0.189063 0.421296 0.915872
