26 0.489844 0.509259 0.106771 0.0722222 0.280352
67 0.360938 0.685648 0.0479167 0.025 0.299303
56 0.548177 0.781482 0.102604 0.196296 0.316892
56 0.835417 0.511111 0.01875 0.112963 0.477657
39 0.277865 0.191204 0.00989583 0.0546296 0.539978
56 0.570833 0.651389 0.154167 0.447222 0.578724
0 0.229687 0.436111 0.121875 0.201852 0.632974
56 0.705208 0.87963 0.261458 0.233333 0.648127
0 0.0143229 0.665741 0.0286458 0.607407 0.682885
0 0.765104 0.394907 0.132292 0.332407 0.869184
56 0.172917 0.802315 0.228125 0.382407 0.919142
0 0.246875 0.662963 0.238542 0.651852 0.930781
