24 0.597917 0.477315 0.101042 0.10463 0.320463
56 0.269271 0.606944 0.0697917 0.25463 0.34072
56 0.828646 0.511111 0.0333333 0.114815 0.55455
39 0.277604 0.189352 0.0104167 0.0546296 0.582729
56 0.571094 0.65463 0.152604 0.446296 0.654533
0 0.390625 0.530093 0.09375 0.623148 0.683139
56 0.704948 0.878704 0.261979 0.233333 0.684606
0 0.382292 0.376852 0.078125 0.309259 0.72291
0 0.757031 0.386574 0.154687 0.347222 0.805598
0 0.279948 0.419444 0.0953125 0.225926 0.817786
56 0.258333 0.78287 0.189583 0.419444 0.913782
