56 0.567187 0.64213 0.145833 0.45463 0.347844
56 0.866146 0.540278 0.0333333 0.202778 0.372216
39 0.277604 0.188889 0.0104167 0.0537037 0.49403
56 0.553385 0.778704 0.113021 0.207407 0.553258
24 0.582552 0.493056 0.120312 0.141667 0.774233
56 0.29375 0.499537 0.0635417 0.0675926 0.787758
0 0.154948 0.481019 0.0796875 0.243519 0.810736
56 0.744792 0.7875 0.242708 0.410185 0.891036
56 0.13099 0.788889 0.175521 0.401852 0.907903
0 0.816667 0.391667 0.101042 0.355556 0.91013
0 0.697135 0.599537 0.261979 0.784259 0.922917
0 0.260677 0.656482 0.263021 0.666667 0.95366
