63 0.226562 0.538889 0.0572917 0.0444444 0.253352
56 0.666667 0.440741 0.071875 0.1 0.270136
67 0.43125 0.630556 0.0520833 0.0259259 0.368224
24 0.467448 0.958796 0.123438 0.0787037 0.530847
26 0.572135 0.473611 0.110937 0.0712963 0.539659
56 0.639844 0.635185 0.140104 0.481481 0.556049
24 0.66276 0.443981 0.0703125 0.087963 0.566756
0 0.303646 0.377778 0.0697917 0.190741 0.573369
56 0.785937 0.467593 0.0791667 0.0740741 0.586428
39 0.345313 0.168519 0.0104167 0.0555556 0.605755
0 0.332812 0.256944 0.0354167 0.087963 0.609629
0 0.979948 0.31713 0.0401042 0.130556 0.664227
56 0.878906 0.649074 0.233854 0.524074 0.733772
56 0.702865 0.456944 0.0338542 0.0731481 0.847135
0 0.355208 0.626852 0.254167 0.687037 0.909062
56 0.264844 0.773148 0.234896 0.444444 0.909275
56 0.138281 0.744907 0.218229 0.502778 0.933897
