56 0.922396 0.643519 0.155208 0.546296 0.250198
56 0.971354 0.64537 0.0572917 0.548148 0.34446
67 0.43151 0.62963 0.0515625 0.0259259 0.392577
56 0.68125 0.440278 0.114583 0.113889 0.439747
24 0.466406 0.95787 0.123438 0.0787037 0.462095
56 0.776042 0.466204 0.04375 0.0712963 0.552127
39 0.345313 0.168519 0.0104167 0.0537037 0.552233
67 0.809375 0.468519 0.0354167 0.0203704 0.579915
24 0.68099 0.441204 0.113021 0.106481 0.626706
0 0.379427 0.393519 0.0526042 0.214815 0.77764
0 0.0268229 0.661574 0.0526042 0.65463 0.847119
0 0.876562 0.527315 0.185417 0.786111 0.888305
56 0.684635 0.743981 0.274479 0.502778 0.904149
0 0.355729 0.625 0.271875 0.7 0.913234
56 0.265104 0.771296 0.228125 0.437037 0.924805
