56 0.656771 0.502315 0.0479167 0.0675926 0.284582
24 0.579687 0.484722 0.0645833 0.0805556 0.305756
24 0.701563 0.338426 0.121875 0.397222 0.348581
60 0.548698 0.732407 0.641146 0.488889 0.353695
56 0.783333 0.566667 0.115625 0.27037 0.511992
39 0.277604 0.189352 0.0104167 0.0546296 0.532642
56 0.561458 0.669444 0.133333 0.47037 0.549652
24 0.75599 0.377315 0.0869792 0.213889 0.704919
56 0.251563 0.510648 0.04375 0.0601852 0.737855
0 0.485417 0.52963 0.128125 0.52963 0.816398
24 0.129167 0.409259 0.142708 0.316667 0.839589
0 0.69349 0.336574 0.106771 0.40463 0.873154
0 0.182812 0.553704 0.126042 0.874074 0.893935
56 0.791927 0.756944 0.266146 0.471296 0.913208
56 0.330469 0.787037 0.229687 0.412963 0.931193
