56 0.230208 0.771759 0.084375 0.293519 0.28886
56 0.557552 0.680093 0.122396 0.458333 0.40453
39 0.277604 0.189352 0.0104167 0.0546296 0.447533
60 0.532292 0.739815 0.672917 0.477778 0.450403
56 0.788281 0.576852 0.107813 0.288889 0.517223
24 0.582031 0.482407 0.0692708 0.0851852 0.523683
24 0.0846354 0.423148 0.110937 0.312963 0.635905
0 0.701823 0.32963 0.113021 0.42037 0.713974
24 0.785156 0.349074 0.0901042 0.207407 0.759324
0 0.489844 0.527778 0.130729 0.535185 0.815792
56 0.240625 0.512037 0.0645833 0.0648148 0.831037
56 0.792969 0.756481 0.263021 0.47037 0.892771
0 0.158333 0.544444 0.129167 0.887037 0.898193
56 0.329948 0.789815 0.232812 0.411111 0.924444
