26 0.56849 0.473611 0.111979 0.0712963 0.262182
24 0.568229 0.474074 0.1125 0.0703704 0.276226
56 0.655208 0.631481 0.167708 0.492593 0.28214
24 0.679948 0.441667 0.114063 0.109259 0.300919
56 0.424219 0.450463 0.0223958 0.0935185 0.309222
24 0.466146 0.95787 0.125 0.0787037 0.389639
0 0.375781 0.443981 0.0536458 0.132407 0.401619
0 0.480208 0.337037 0.101042 0.314815 0.494681
67 0.43151 0.630093 0.0515625 0.0268519 0.519683
39 0.345313 0.168519 0.0104167 0.0537037 0.542945
0 0.479948 0.518056 0.105729 0.675 0.545897
0 0.752865 0.28287 0.0932292 0.208333 0.576773
56 0.786979 0.467593 0.0635417 0.0740741 0.677253
0 0.888281 0.52963 0.211979 0.775926 0.848779
0 0.35651 0.624074 0.282813 0.714815 0.896626
56 0.264844 0.777778 0.243229 0.433333 0.920483
56 0.134375 0.743519 0.219792 0.505556 0.92125
