60 0.675521 0.718056 0.628125 0.502778 0.255048
24 0.650781 0.447222 0.0505208 0.0796296 0.308877
24 0.567448 0.474074 0.115104 0.0722222 0.403061
67 0.43151 0.631019 0.0505208 0.0268519 0.414321
56 0.121094 0.640741 0.115104 0.242593 0.427965
56 0.782812 0.4625 0.0604167 0.062037 0.434549
0 0.978385 0.314352 0.0432292 0.121296 0.448354
26 0.567969 0.474074 0.114063 0.0722222 0.471675
24 0.467187 0.958333 0.121875 0.0777778 0.506239
24 0.686719 0.44213 0.105729 0.108333 0.517102
39 0.345313 0.168981 0.0104167 0.0527778 0.539944
56 0.153646 0.750463 0.185417 0.467593 0.571797
0 0.171875 0.488889 0.155208 0.374074 0.810089
56 0.261198 0.776389 0.231771 0.434259 0.861881
0 0.402604 0.358333 0.0791667 0.283333 0.868843
0 0.85 0.536574 0.204167 0.74537 0.884489
0 0.277083 0.392593 0.0875 0.216667 0.88502
0 0.357812 0.628241 0.272917 0.702778 0.917614
