27 0.501823 0.418981 0.0140625 0.112037 0.300517
56 0.783594 0.615741 0.109896 0.366667 0.324319
26 0.595052 0.493056 0.132812 0.139815 0.384428
39 0.277604 0.189815 0.0104167 0.0555556 0.429836
0 0.505208 0.38287 0.14375 0.232407 0.430599
60 0.53724 0.738426 0.644271 0.510185 0.460361
24 0.59349 0.493981 0.133854 0.137963 0.59027
24 0.233594 0.741667 0.156771 0.4 0.711983
56 0.227083 0.511111 0.09375 0.0611111 0.745312
0 0.886719 0.506019 0.176563 0.817593 0.764814
0 0.507292 0.532407 0.139583 0.525926 0.812104
56 0.790625 0.755556 0.263542 0.47037 0.877418
0 0.128906 0.552315 0.241146 0.873148 0.948319
