56 0.354427 0.473148 0.0515625 0.103704 0.297082
26 0.658594 0.373611 0.0578125 0.0990741 0.340378
24 0.583073 0.484259 0.0703125 0.0833333 0.380694
39 0.277344 0.189352 0.00989583 0.0527778 0.404876
56 0.558333 0.67963 0.125 0.457407 0.40692
60 0.527083 0.737037 0.671875 0.474074 0.433091
24 0.658594 0.373611 0.0588542 0.0990741 0.567998
56 0.788542 0.576852 0.107292 0.288889 0.609666
56 0.23151 0.698611 0.0911458 0.44537 0.76987
0 0.489844 0.528241 0.131771 0.534259 0.82282
24 0.0841146 0.416667 0.168229 0.361111 0.835556
0 0.704948 0.32963 0.147396 0.427778 0.84416
56 0.792708 0.757407 0.264583 0.47037 0.899409
56 0.329427 0.801852 0.226562 0.385185 0.902895
0 0.168229 0.530556 0.217708 0.909259 0.90707
