56 0.355469 0.473611 0.0505208 0.100926 0.264013
56 0.65651 0.501852 0.0661458 0.0666667 0.359779
56 0.564062 0.671759 0.1375 0.473148 0.382545
39 0.277604 0.189352 0.0104167 0.0527778 0.41016
60 0.526563 0.735648 0.66875 0.478704 0.425935
24 0.595312 0.475926 0.0947917 0.103704 0.476302
56 0.788802 0.578241 0.107813 0.293519 0.586712
24 0.775521 0.350926 0.053125 0.216667 0.598666
56 0.232031 0.700463 0.0963542 0.441667 0.732245
0 0.705729 0.331481 0.123958 0.427778 0.764796
0 0.489583 0.527778 0.13125 0.538889 0.80635
24 0.0880208 0.416204 0.176042 0.35463 0.834891
0 0.175 0.531482 0.219792 0.905556 0.900431
56 0.333854 0.801852 0.227083 0.383333 0.906321
56 0.792969 0.757407 0.264062 0.47037 0.907232
