56 0.869792 0.697685 0.230208 0.567593 0.276477
56 0.641146 0.662037 0.132292 0.518519 0.317312
26 0.576042 0.475926 0.09375 0.0685185 0.372156
0 0.977344 0.319444 0.0453125 0.124074 0.416061
24 0.652344 0.452778 0.0526042 0.0740741 0.4304
67 0.43125 0.631944 0.0520833 0.0268519 0.528869
24 0.693229 0.436111 0.05625 0.111111 0.535121
24 0.465885 0.959259 0.124479 0.0777778 0.590243
39 0.345313 0.169907 0.0104167 0.0546296 0.592557
56 0.111198 0.641667 0.0911458 0.25 0.76777
0 0.823177 0.562037 0.238021 0.77037 0.873409
0 0.517187 0.491667 0.130208 0.644444 0.874584
56 0.242188 0.782407 0.267708 0.424074 0.892869
0 0.161198 0.466667 0.130729 0.324074 0.898746
0 0.328646 0.630556 0.261458 0.712963 0.935197
