56 0.554688 0.781018 0.117708 0.225 0.252966
56 0.431771 0.410648 0.0333333 0.0361111 0.281914
26 0.328385 0.957407 0.0505208 0.0814815 0.316684
24 0.697656 0.418519 0.108854 0.266667 0.328805
24 0.328385 0.956944 0.0515625 0.0842593 0.372612
39 0.277604 0.189352 0.009375 0.0546296 0.524982
0 0.509635 0.379167 0.128646 0.236111 0.609844
24 0.594271 0.493981 0.132292 0.139815 0.632052
0 0.734896 0.312963 0.120833 0.37037 0.664276
56 0.255729 0.689815 0.153125 0.424074 0.694439
0 0.603906 0.312963 0.0807292 0.246296 0.798873
0 0.510417 0.534722 0.135417 0.547222 0.827489
56 0.776563 0.491204 0.10625 0.123148 0.85058
56 0.794792 0.771296 0.259375 0.444444 0.851797
56 0.16849 0.774074 0.200521 0.437037 0.928545
0 0.120573 0.54537 0.171354 0.744444 0.934839
