26 0.489323 0.508333 0.109896 0.0722222 0.269813
60 0.438281 0.612037 0.489062 0.248148 0.281432
56 0.0653646 0.825463 0.129688 0.334259 0.409094
56 0.263802 0.510648 0.0578125 0.0638889 0.625893
39 0.277604 0.189352 0.0104167 0.0546296 0.632873
56 0.56276 0.656018 0.135937 0.437963 0.779313
0 0.0320312 0.540278 0.0640625 0.380556 0.784129
56 0.815104 0.496759 0.10625 0.150926 0.816737
0 0.292448 0.381944 0.0776042 0.269444 0.870843
56 0.70026 0.506944 0.0671875 0.0712963 0.873414
56 0.69401 0.750926 0.244271 0.483333 0.907653
56 0.236719 0.766204 0.224479 0.456481 0.915217
