60 0.674219 0.68287 0.619271 0.458333 0.261316
56 0.665625 0.439815 0.0739583 0.103704 0.29748
67 0.431771 0.631019 0.0520833 0.0268519 0.30984
0 0.366146 0.255556 0.0395833 0.0703704 0.418193
0 0.328906 0.390741 0.134896 0.224074 0.448664
24 0.467187 0.95787 0.122917 0.0787037 0.465519
0 0.376302 0.360648 0.0640625 0.282407 0.469
0 0.303125 0.37963 0.0697917 0.188889 0.482019
26 0.570833 0.473611 0.1125 0.0712963 0.484576
56 0.640365 0.634259 0.139062 0.485185 0.49192
0 0.979948 0.31713 0.0401042 0.130556 0.538816
39 0.345313 0.168519 0.0104167 0.0537037 0.560956
24 0.664844 0.443056 0.0744792 0.0953704 0.586823
56 0.773438 0.468056 0.105208 0.0731481 0.617616
56 0.881771 0.647685 0.219792 0.521296 0.694769
56 0.703125 0.456481 0.0333333 0.0740741 0.854296
56 0.263281 0.774537 0.236979 0.439815 0.902379
0 0.359375 0.625926 0.2625 0.683333 0.91024
56 0.136198 0.743981 0.221354 0.50463 0.925046
