60 0.41849 0.744907 0.427604 0.456481 0.362633
56 0.864062 0.506481 0.0291667 0.142593 0.461329
39 0.277344 0.189352 0.00989583 0.0546296 0.486438
24 0.572135 0.492593 0.102604 0.142593 0.657456
24 0.273698 0.493981 0.0723958 0.0935185 0.721569
0 0.10599 0.43287 0.0869792 0.323148 0.841683
56 0.116406 0.773611 0.213021 0.449074 0.844627
0 0.797656 0.404167 0.125521 0.332407 0.846776
56 0.745052 0.781018 0.258854 0.423148 0.860359
0 0.396875 0.5125 0.122917 0.634259 0.91529
0 0.194531 0.653704 0.239063 0.675926 0.929091
0 0.67474 0.608333 0.236979 0.759259 0.930843
