24 0.490104 0.509259 0.108333 0.0722222 0.280446
27 0.728385 0.385185 0.0203125 0.037037 0.33972
56 0.836198 0.509722 0.0171875 0.110185 0.349216
26 0.490104 0.509722 0.107292 0.0731481 0.371026
24 0.597917 0.476852 0.101042 0.105556 0.42928
56 0.144531 0.548611 0.0255208 0.0842593 0.523894
39 0.277865 0.191204 0.00989583 0.0546296 0.608277
56 0.73099 0.777315 0.245312 0.428704 0.841163
0 0.178125 0.440741 0.0739583 0.198148 0.841604
0 0.77526 0.397222 0.117188 0.338889 0.90935
56 0.176563 0.801852 0.234375 0.383333 0.921192
0 0.242969 0.662037 0.223438 0.65 0.932532
0 0.651042 0.608796 0.255208 0.763889 0.93563
