60 0.65 0.72037 0.665625 0.490741 0.27208
56 0.646094 0.443981 0.0411458 0.0861111 0.396323
67 0.390104 0.466667 0.0177083 0.0222222 0.459535
26 0.552083 0.475 0.134375 0.0740741 0.4688
67 0.857292 0.4375 0.028125 0.0175926 0.480058
56 0.830469 0.674074 0.159896 0.457407 0.497296
24 0.645833 0.443519 0.0416667 0.087037 0.566953
0 0.695052 0.56713 0.169271 0.652778 0.644448
39 0.345573 0.169907 0.00989583 0.0527778 0.646275
0 0.260677 0.555556 0.190104 0.492593 0.680187
0 0.921615 0.559722 0.155729 0.760185 0.773649
0 0.363802 0.418519 0.132812 0.190741 0.812327
0 0.404167 0.348148 0.096875 0.303704 0.887888
56 0.19401 0.75463 0.182812 0.487037 0.911499
