60 0.651042 0.718518 0.664583 0.5 0.285992
56 0.829948 0.677778 0.157813 0.462963 0.314465
26 0.54974 0.475 0.131771 0.0722222 0.382437
67 0.390625 0.468056 0.0177083 0.0212963 0.469729
67 0.860156 0.438426 0.0348958 0.0194444 0.473014
39 0.345573 0.171296 0.00989583 0.0555556 0.679665
0 0.260156 0.542593 0.189063 0.47037 0.682757
0 0.333333 0.343519 0.0697917 0.285185 0.689532
0 0.920313 0.556944 0.158333 0.75463 0.746344
0 0.70625 0.563889 0.185417 0.642593 0.770552
0 0.364844 0.418519 0.132812 0.188889 0.858605
56 0.19401 0.754167 0.182812 0.487963 0.910807
