26 0.56901 0.474537 0.114063 0.0712963 0.274176
56 0.659896 0.674537 0.172917 0.491667 0.296743
0 0.686458 0.542593 0.163542 0.772222 0.312519
24 0.56849 0.475 0.114063 0.0703704 0.328704
67 0.43125 0.631944 0.0520833 0.0268519 0.424952
24 0.651823 0.443981 0.0505208 0.087963 0.455993
56 0.742188 0.467593 0.0875 0.062963 0.460974
0 0.708594 0.321296 0.111979 0.335185 0.540222
39 0.345313 0.169444 0.0104167 0.0537037 0.541952
24 0.466406 0.959259 0.123438 0.0777778 0.55485
56 0.11224 0.641667 0.0932292 0.25 0.756641
56 0.241927 0.780093 0.267188 0.426852 0.880015
0 0.16849 0.475926 0.129688 0.346296 0.88096
0 0.870833 0.575463 0.227083 0.826852 0.8904
0 0.335677 0.63287 0.274479 0.712037 0.930997
