60 0.67474 0.719444 0.634896 0.503704 0.322532
24 0.651042 0.444444 0.0520833 0.0851852 0.327334
56 0.782552 0.461574 0.0598958 0.062037 0.34645
26 0.570052 0.473611 0.109896 0.0712963 0.355916
24 0.465625 0.958333 0.123958 0.0777778 0.406427
56 0.121354 0.64213 0.115625 0.241667 0.433162
24 0.56901 0.474074 0.111979 0.0703704 0.457347
0 0.972917 0.3125 0.0541667 0.117593 0.514287
56 0.130469 0.74537 0.139062 0.453704 0.549803
24 0.682552 0.44213 0.110937 0.10463 0.561304
39 0.345313 0.168981 0.0104167 0.0546296 0.578771
56 0.264323 0.779167 0.235938 0.426852 0.798439
0 0.159635 0.5 0.120312 0.392593 0.842239
0 0.398438 0.358796 0.141667 0.282407 0.85702
0 0.302865 0.614815 0.240104 0.75 0.877564
0 0.848958 0.537037 0.204167 0.75 0.882658
