56 0.64974 0.635648 0.155729 0.486111 0.277655
56 0.924219 0.52963 0.0765625 0.240741 0.282517
24 0.575521 0.475463 0.102083 0.0712963 0.283116
24 0.653646 0.442593 0.0572917 0.0925926 0.297451
26 0.576563 0.474537 0.101042 0.0712963 0.357353
60 0.614062 0.722222 0.758333 0.5 0.396294
24 0.694792 0.441204 0.0802083 0.106481 0.455386
24 0.466927 0.958333 0.123438 0.0777778 0.457009
0 0.980208 0.313426 0.0395833 0.136111 0.510194
39 0.345313 0.169444 0.0104167 0.0555556 0.619204
56 0.113281 0.7 0.0984375 0.362963 0.745242
0 0.338542 0.523148 0.132292 0.507407 0.835552
0 0.822656 0.552315 0.214062 0.708333 0.859595
0 0.182031 0.54213 0.213021 0.45463 0.881914
0 0.195312 0.3625 0.114583 0.325 0.913518
56 0.238021 0.774074 0.279167 0.437037 0.936079
