24 0.328385 0.957407 0.0536458 0.0814815 0.259206
0 0.796354 0.412963 0.115625 0.322222 0.298633
26 0.596354 0.49213 0.151042 0.14537 0.298715
26 0.328646 0.956944 0.053125 0.0824074 0.309582
39 0.277604 0.189352 0.0104167 0.0546296 0.503493
0 0.477604 0.402315 0.101042 0.230556 0.540105
0 0.263281 0.443519 0.107813 0.212963 0.581951
56 0.229687 0.850463 0.107292 0.269444 0.584604
0 0.263281 0.569444 0.111979 0.47037 0.593676
24 0.596615 0.4875 0.151562 0.150926 0.708805
56 0.864583 0.536111 0.0489583 0.203704 0.727596
0 0.475 0.55787 0.104167 0.532407 0.746761
56 0.744271 0.781944 0.258333 0.421296 0.893694
0 0.684896 0.600463 0.291667 0.778704 0.922107
0 0.116927 0.543056 0.231771 0.884259 0.948569
