24 0.580208 0.485185 0.065625 0.0796296 0.326161
24 0.69974 0.336574 0.123438 0.399074 0.361901
60 0.549219 0.73287 0.641146 0.482407 0.409966
56 0.786979 0.562963 0.108333 0.262963 0.558652
39 0.277604 0.189352 0.0104167 0.0546296 0.569289
56 0.653646 0.500926 0.0541667 0.0666667 0.623436
56 0.558333 0.675463 0.125 0.460185 0.658006
24 0.754687 0.377315 0.0885417 0.212037 0.694391
56 0.251563 0.510648 0.0447917 0.0601852 0.75531
0 0.484896 0.530093 0.128125 0.528704 0.78671
24 0.128646 0.408333 0.14375 0.316667 0.844103
0 0.182292 0.552315 0.127083 0.876852 0.898172
0 0.692448 0.335648 0.108854 0.40463 0.901087
56 0.791927 0.756481 0.265104 0.472222 0.908747
56 0.330469 0.787037 0.229687 0.412963 0.931416
