26 0.567708 0.473611 0.116667 0.0712963 0.329406
24 0.651823 0.443519 0.0515625 0.087037 0.331945
0 0.979167 0.314815 0.0416667 0.131481 0.345219
24 0.567187 0.474074 0.116667 0.0703704 0.356335
24 0.466667 0.958796 0.123958 0.0787037 0.491017
24 0.688802 0.441667 0.0901042 0.107407 0.514519
60 0.619271 0.726389 0.738542 0.491667 0.606037
39 0.345313 0.168519 0.0104167 0.0537037 0.616246
0 0.340625 0.519907 0.138542 0.487963 0.678192
56 0.105469 0.635648 0.0901042 0.239815 0.773606
0 0.414062 0.419444 0.090625 0.159259 0.817993
0 0.827604 0.556481 0.205208 0.698148 0.859576
0 0.202865 0.536574 0.200521 0.469444 0.920254
0 0.0669271 0.527778 0.132812 0.790741 0.926079
56 0.236979 0.774074 0.283333 0.442593 0.92941
