56 0.698438 0.4375 0.0625 0.115741 0.259912
24 0.695833 0.437963 0.0625 0.112963 0.368399
24 0.466406 0.959259 0.124479 0.0777778 0.390214
56 0.644531 0.658333 0.145313 0.537037 0.419622
24 0.652083 0.448148 0.0510417 0.0851852 0.500365
26 0.573698 0.475 0.103646 0.0722222 0.524484
56 0.140625 0.649074 0.096875 0.303704 0.526288
64 0.45599 0.566667 0.0234375 0.0203704 0.567591
67 0.740104 0.464815 0.0291667 0.0314815 0.576624
39 0.345313 0.169907 0.0104167 0.0546296 0.686607
0 0.836458 0.565278 0.216667 0.760185 0.83028
0 0.375781 0.400926 0.102604 0.212963 0.878889
0 0.216406 0.422222 0.0901042 0.353704 0.896162
56 0.236198 0.783796 0.244271 0.419444 0.920205
0 0.341406 0.626852 0.310937 0.722222 0.932735
