24 0.651563 0.445833 0.0510417 0.0861111 0.294562
60 0.611719 0.709722 0.763021 0.493519 0.32997
56 0.67474 0.666204 0.194271 0.493519 0.333964
26 0.580469 0.475 0.0859375 0.0703704 0.384472
56 0.880729 0.698611 0.21875 0.567593 0.434115
24 0.466927 0.958333 0.123438 0.0777778 0.477664
24 0.67526 0.440741 0.0994792 0.101852 0.545885
39 0.345313 0.169444 0.0104167 0.0555556 0.588649
0 0.530729 0.530093 0.105208 0.519444 0.714669
56 0.109635 0.636111 0.0859375 0.257407 0.715452
0 0.84401 0.582407 0.204688 0.803704 0.789032
0 0.198958 0.535648 0.214583 0.473148 0.874867
56 0.242188 0.773611 0.273958 0.437963 0.932868
