26 0.328385 0.957407 0.0515625 0.0814815 0.260264
24 0.328125 0.956944 0.0520833 0.0824074 0.285248
24 0.597917 0.476389 0.101042 0.10463 0.353675
56 0.553125 0.781482 0.1125 0.198148 0.407486
56 0.265104 0.511111 0.059375 0.0611111 0.463531
56 0.569792 0.656482 0.15 0.442593 0.532559
56 0.64349 0.880556 0.140104 0.224074 0.553744
39 0.277865 0.189815 0.00989583 0.0537037 0.594532
56 0.70625 0.484722 0.053125 0.0268519 0.606682
56 0.815885 0.498611 0.104687 0.15463 0.629571
56 0.136458 0.777315 0.19375 0.432407 0.855452
0 0.264583 0.388889 0.0729167 0.255556 0.899241
0 0.196354 0.655093 0.202083 0.639815 0.937282
