56 0.865365 0.698148 0.230729 0.574074 0.275528
24 0.56875 0.475463 0.1125 0.0712963 0.280772
0 0.101562 0.634259 0.0979167 0.32963 0.296469
67 0.740885 0.464815 0.0328125 0.0314815 0.343997
67 0.43099 0.63287 0.0526042 0.0268519 0.36549
0 0.972656 0.318981 0.0546875 0.121296 0.379583
26 0.56875 0.474537 0.115625 0.0712963 0.392648
24 0.695312 0.4375 0.0552083 0.112037 0.405987
56 0.695573 0.437037 0.0546875 0.114815 0.40825
24 0.466927 0.958796 0.123438 0.0787037 0.485534
0 0.373958 0.436574 0.0447917 0.108333 0.48742
24 0.652604 0.446759 0.053125 0.087963 0.530499
39 0.345313 0.169444 0.0104167 0.0537037 0.597404
56 0.638802 0.659259 0.135937 0.522222 0.625166
0 0.161979 0.469907 0.1375 0.332407 0.818725
0 0.835938 0.5625 0.216667 0.758333 0.849233
56 0.109115 0.640278 0.0859375 0.249074 0.850696
0 0.329167 0.63287 0.2625 0.708333 0.893017
56 0.244792 0.782407 0.278125 0.422222 0.908543
0 0.0611979 0.567593 0.122396 0.757407 0.931681
