56 0.284635 0.485648 0.0244792 0.0453704 0.251659
67 0.966667 0.447222 0.0666667 0.0666667 0.314144
26 0.567708 0.475 0.115625 0.0703704 0.371478
63 0.966667 0.44537 0.0666667 0.0685185 0.381356
24 0.473177 0.754167 0.0921875 0.173148 0.381586
73 0.966406 0.445833 0.0661458 0.0694444 0.425791
56 0.635677 0.662963 0.127604 0.514815 0.435262
56 0.80026 0.679167 0.201562 0.480556 0.441214
56 0.299219 0.418519 0.0432292 0.0944444 0.4505
56 0.69401 0.437037 0.0546875 0.112963 0.513486
0 0.247135 0.534722 0.173438 0.463889 0.551487
24 0.694271 0.436574 0.0541667 0.112037 0.595457
24 0.651563 0.447685 0.0510417 0.0861111 0.603122
39 0.345313 0.17037 0.0104167 0.0537037 0.657656
56 0.216146 0.811574 0.132292 0.371296 0.660193
0 0.92526 0.586111 0.149479 0.642593 0.779914
0 0.360938 0.403241 0.133333 0.219444 0.917251
0 0.164062 0.530556 0.242708 0.92037 0.924042
