0 0.252604 0.397685 0.065625 0.191667 0.296957
67 0.430208 0.632407 0.0520833 0.0240741 0.320396
0 0.28099 0.40787 0.135937 0.225 0.329336
24 0.45599 0.964815 0.139062 0.0666667 0.423516
0 0.819531 0.351389 0.183854 0.337963 0.518538
39 0.34375 0.17037 0.0104167 0.0555556 0.548692
56 0.866146 0.652778 0.154167 0.511111 0.686564
56 0.710417 0.742593 0.270833 0.5 0.90059
56 0.241927 0.774537 0.240104 0.439815 0.912273
0 0.311458 0.631481 0.229167 0.718518 0.912675
0 0.63099 0.566667 0.243229 0.840741 0.915377
