26 0.336458 0.530093 0.140625 0.139815 0.299017
24 0.336198 0.530093 0.141146 0.141667 0.377363
24 0.39401 0.972222 0.126563 0.0518519 0.425468
56 0.80599 0.667593 0.145313 0.485185 0.451454
0 0.266146 0.4 0.0614583 0.190741 0.545527
39 0.291667 0.169907 0.0104167 0.0546296 0.561245
0 0.775 0.571296 0.161458 0.707407 0.661105
56 0.647396 0.762037 0.270833 0.457407 0.86923
56 0.148438 0.772222 0.239583 0.444444 0.890483
0 0.584896 0.576389 0.257292 0.823148 0.937618
0 0.235677 0.618981 0.255729 0.739815 0.940402
