66 0.292969 0.520833 0.108854 0.037963 0.26104
24 0.328125 0.956944 0.0520833 0.0824074 0.274632
0 0.48151 0.412963 0.117188 0.190741 0.384665
65 0.583854 0.598148 0.0416667 0.0666667 0.392353
56 0.555208 0.734722 0.117708 0.328704 0.54781
39 0.277865 0.189352 0.00989583 0.0546296 0.555925
56 0.770833 0.593056 0.0958333 0.330556 0.652982
0 0.167969 0.425 0.146354 0.27963 0.709789
0 0.760677 0.288889 0.0963542 0.322222 0.762496
0 0.477083 0.566204 0.127083 0.486111 0.790999
0 0.642708 0.497222 0.195833 0.994444 0.894859
56 0.836458 0.753704 0.260417 0.475926 0.931392
56 0.167708 0.773611 0.205208 0.434259 0.936663
