24 0.569531 0.473611 0.111979 0.0712963 0.324201
24 0.68151 0.438889 0.113021 0.109259 0.333137
45 0.429167 0.539815 0.0447917 0.0425926 0.380421
56 0.652865 0.6375 0.161979 0.475 0.394775
67 0.43151 0.630556 0.0515625 0.0277778 0.412554
26 0.570052 0.473611 0.110937 0.0712963 0.417152
24 0.464323 0.95787 0.128646 0.0787037 0.420406
56 0.944531 0.64213 0.110937 0.523148 0.563899
39 0.345313 0.168981 0.0104167 0.0527778 0.577176
0 0.859635 0.591204 0.205729 0.799074 0.680138
56 0.134896 0.743519 0.220833 0.505556 0.917286
56 0.259635 0.775926 0.233854 0.437037 0.92576
0 0.360938 0.623611 0.280208 0.713889 0.927463
