26 0.580469 0.473148 0.0890625 0.0703704 0.260963
24 0.68099 0.438889 0.113021 0.107407 0.305982
67 0.43151 0.630093 0.0515625 0.0268519 0.35886
56 0.651302 0.636574 0.159896 0.471296 0.422829
24 0.466927 0.95787 0.123438 0.0787037 0.456188
0 0.0213542 0.688426 0.0427083 0.619444 0.523614
56 0.779167 0.466667 0.071875 0.0722222 0.538395
39 0.345313 0.168519 0.0104167 0.0537037 0.58397
56 0.220313 0.525 0.0572917 0.114815 0.752671
0 0.867448 0.576389 0.222396 0.837963 0.825109
56 0.259375 0.774537 0.232292 0.441667 0.890413
56 0.127344 0.742593 0.221354 0.514815 0.919636
0 0.357812 0.624537 0.269792 0.70463 0.923039
