56 0.922917 0.644907 0.154167 0.547222 0.255539
67 0.809635 0.47037 0.0328125 0.0185185 0.317023
26 0.582031 0.473611 0.0828125 0.0694444 0.324291
24 0.582552 0.473148 0.0838542 0.0703704 0.373329
56 0.971094 0.646296 0.0578125 0.55 0.373834
67 0.43151 0.62963 0.0515625 0.0259259 0.403679
24 0.466667 0.95787 0.123958 0.0787037 0.49527
56 0.680729 0.439815 0.1125 0.109259 0.569334
39 0.345313 0.168519 0.0104167 0.0537037 0.607679
24 0.680469 0.440741 0.111979 0.107407 0.694028
56 0.776302 0.466667 0.0421875 0.0703704 0.818987
0 0.371354 0.397222 0.0677083 0.216667 0.864688
56 0.695052 0.738426 0.234896 0.49537 0.897228
0 0.872396 0.525926 0.182292 0.790741 0.897736
0 0.364844 0.615741 0.281771 0.72037 0.907007
56 0.28125 0.773148 0.241667 0.437037 0.919173
0 0.0830729 0.5625 0.165104 0.85463 0.93841
