56 0.688281 0.508796 0.0578125 0.0787037 0.265604
56 0.590885 0.65463 0.195312 0.481481 0.324361
26 0.328385 0.957407 0.0505208 0.0814815 0.337597
24 0.328125 0.956944 0.0520833 0.0842593 0.34089
56 0.691406 0.585185 0.0765625 0.22963 0.373315
39 0.814062 0.955093 0.0302083 0.0861111 0.454724
60 0.454688 0.738889 0.617708 0.503704 0.489083
39 0.277344 0.189815 0.00989583 0.0537037 0.534781
56 0.764323 0.489352 0.0536458 0.126852 0.587755
24 0.601302 0.489815 0.163021 0.148148 0.636495
0 0.473958 0.544907 0.116667 0.552778 0.822603
0 0.84401 0.288889 0.145313 0.322222 0.887513
56 0.841667 0.774074 0.248958 0.440741 0.91048
0 0.217708 0.564352 0.184375 0.463889 0.913352
0 0.782031 0.598611 0.285937 0.776852 0.940134
56 0.167969 0.774074 0.202604 0.433333 0.94441
