56 0.779427 0.467593 0.0494792 0.0703704 0.259337
0 0.969271 0.318981 0.046875 0.123148 0.266375
24 0.466406 0.95787 0.124479 0.0787037 0.31376
67 0.43151 0.629167 0.0515625 0.025 0.355081
56 0.681771 0.441204 0.113542 0.110185 0.422816
56 0.801823 0.636111 0.102604 0.405556 0.467373
24 0.671094 0.445833 0.0911458 0.0972222 0.542353
39 0.345313 0.168519 0.0104167 0.0537037 0.573028
0 0.973177 0.419907 0.0526042 0.0990741 0.587386
67 0.843229 0.456944 0.0375 0.0287037 0.675106
0 0.87526 0.523611 0.171354 0.800926 0.770965
0 0.341927 0.614815 0.245312 0.683333 0.836631
0 0.370833 0.395833 0.0614583 0.217593 0.845268
56 0.679948 0.743056 0.293229 0.506481 0.905866
56 0.266927 0.773611 0.232812 0.436111 0.919807
