56 0.56875 0.638889 0.148958 0.451852 0.299228
41 0.147396 0.528704 0.01875 0.0611111 0.327085
56 0.864323 0.540741 0.0348958 0.201852 0.485072
56 0.553385 0.776389 0.114063 0.20463 0.497449
39 0.277865 0.189352 0.00989583 0.0546296 0.516955
24 0.585417 0.493056 0.126042 0.141667 0.752358
56 0.28776 0.499074 0.0682292 0.0666667 0.780058
0 0.150781 0.466204 0.0880208 0.241667 0.798614
0 0.816146 0.388889 0.0958333 0.359259 0.894935
56 0.745313 0.786574 0.244792 0.412037 0.896377
56 0.13125 0.789815 0.176042 0.401852 0.907207
0 0.696094 0.6 0.267188 0.783333 0.926601
0 0.260938 0.652778 0.259375 0.672222 0.955061
