56 0.554948 0.777778 0.117188 0.201852 0.261218
60 0.454948 0.608796 0.368229 0.184259 0.272254
56 0.566927 0.6375 0.145313 0.450926 0.395961
56 0.864323 0.537963 0.0369792 0.192593 0.443499
39 0.277604 0.189352 0.0104167 0.0546296 0.552226
0 0.2875 0.476852 0.0770833 0.124074 0.606448
24 0.583594 0.49213 0.121354 0.143519 0.75509
56 0.751823 0.779167 0.261979 0.430556 0.876593
56 0.132031 0.789815 0.177604 0.401852 0.884397
0 0.815104 0.392593 0.0927083 0.351852 0.890473
0 0.683854 0.591667 0.265625 0.796296 0.936218
0 0.260156 0.651852 0.260938 0.677778 0.948927
