56 0.439063 0.448611 0.0322917 0.112037 0.285962
56 0.553906 0.778704 0.117188 0.198148 0.473676
39 0.277865 0.189815 0.00989583 0.0555556 0.577458
56 0.861979 0.519907 0.0385417 0.189815 0.642072
24 0.580208 0.493519 0.1125 0.142593 0.772984
0 0.369792 0.359259 0.111458 0.335185 0.805287
56 0.277604 0.502315 0.0864583 0.0638889 0.839782
56 0.132292 0.788889 0.172917 0.403704 0.88456
56 0.74375 0.783333 0.247917 0.418519 0.913424
0 0.792448 0.382407 0.120312 0.368519 0.922417
0 0.23776 0.653704 0.230729 0.675926 0.936815
0 0.684375 0.603241 0.258333 0.775 0.93937
