41 0.802083 0.45787 0.028125 0.0805556 0.261896
24 0.581771 0.469907 0.0875 0.0601852 0.26598
24 0.466406 0.95787 0.124479 0.0787037 0.328041
67 0.43151 0.62963 0.0515625 0.0259259 0.352698
56 0.68151 0.441204 0.114063 0.110185 0.470539
24 0.680208 0.44213 0.111458 0.10463 0.533847
39 0.345313 0.167593 0.0104167 0.0537037 0.550457
67 0.801562 0.441667 0.0270833 0.0462963 0.583385
0 0.961198 0.313426 0.0588542 0.113889 0.664922
0 0.852604 0.553241 0.205208 0.739815 0.805048
0 0.369271 0.395833 0.0625 0.217593 0.844218
0 0.34401 0.618056 0.253646 0.693519 0.85018
56 0.679688 0.74213 0.29375 0.50463 0.90313
56 0.267708 0.773611 0.235417 0.436111 0.920944
