56 0.578646 0.475926 0.0645833 0.1 0.254811
24 0.578906 0.478241 0.0640625 0.0990741 0.31657
60 0.390885 0.624074 0.382812 0.209259 0.324654
24 0.485417 0.514815 0.113542 0.0759259 0.342652
39 0.269792 0.179167 0.0104167 0.0564815 0.427124
56 0.828385 0.51713 0.0536458 0.130556 0.476586
26 0.485417 0.514815 0.1125 0.0759259 0.492648
56 0.685156 0.77963 0.297396 0.416667 0.828702
0 0.245312 0.4625 0.104167 0.193519 0.830775
0 0.748177 0.410648 0.156771 0.326852 0.848362
56 0.107813 0.809722 0.192708 0.367593 0.855061
0 0.592708 0.6125 0.261458 0.758333 0.931488
0 0.205729 0.654167 0.260417 0.675 0.938848
