24 0.568229 0.474074 0.115625 0.0703704 0.307885
0 0.376563 0.44537 0.059375 0.125926 0.311831
24 0.466667 0.958333 0.125 0.0777778 0.353219
26 0.56901 0.473611 0.114063 0.0712963 0.373062
24 0.68151 0.439352 0.113021 0.108333 0.380495
67 0.43125 0.630093 0.0520833 0.0268519 0.380624
56 0.653385 0.637963 0.163021 0.475926 0.39278
56 0.94974 0.641204 0.100521 0.521296 0.504076
0 0.978646 0.316204 0.0427083 0.128704 0.522437
39 0.345313 0.168519 0.0104167 0.0537037 0.560871
0 0.856771 0.589815 0.203125 0.809259 0.709819
0 0.0296875 0.518519 0.059375 0.52963 0.889449
56 0.265885 0.776389 0.244271 0.436111 0.921286
56 0.135677 0.742593 0.220313 0.503704 0.922055
0 0.360677 0.622222 0.291146 0.72037 0.934734
