24 0.368229 0.964352 0.139583 0.0675926 0.276928
26 0.479948 0.480556 0.0994792 0.0722222 0.327255
56 0.803385 0.518981 0.0557292 0.208333 0.409096
39 0.266667 0.160185 0.0104167 0.0574074 0.415816
24 0.570312 0.450926 0.0677083 0.0907407 0.575017
0 0.179688 0.411574 0.0697917 0.20463 0.818488
56 0.672656 0.756019 0.250521 0.467593 0.819667
0 0.59375 0.594444 0.246875 0.790741 0.900263
0 0.734635 0.378241 0.135937 0.308333 0.909052
56 0.16276 0.788426 0.239063 0.408333 0.911545
0 0.236198 0.649537 0.234896 0.665741 0.931919
