27 0.0695312 0.478704 0.0265625 0.190741 0.318727
56 0.554948 0.776389 0.118229 0.199074 0.414882
39 0.277865 0.189352 0.00989583 0.0546296 0.530996
0 0.820573 0.440278 0.118229 0.267593 0.690384
24 0.582031 0.493981 0.118229 0.141667 0.75431
56 0.274479 0.677315 0.121875 0.412037 0.762138
0 0.0544271 0.569907 0.108854 0.59537 0.835628
0 0.4 0.508796 0.122917 0.641667 0.846861
56 0.114323 0.773611 0.217187 0.44537 0.850357
56 0.752083 0.781018 0.2625 0.425 0.885953
0 0.694271 0.586111 0.273958 0.805556 0.906112
0 0.195052 0.655093 0.240104 0.675 0.921081
