56 0.697396 0.437037 0.0604167 0.114815 0.28042
24 0.56901 0.475463 0.111979 0.0712963 0.33743
67 0.43151 0.631944 0.0515625 0.0268519 0.35806
26 0.569271 0.475 0.1125 0.0722222 0.368427
24 0.694792 0.4375 0.0604167 0.112037 0.380165
67 0.741927 0.463426 0.0328125 0.0342593 0.414759
24 0.651563 0.449074 0.0510417 0.0814815 0.47457
24 0.466667 0.959259 0.122917 0.0777778 0.529956
39 0.345313 0.169444 0.0104167 0.0537037 0.553812
56 0.638542 0.658333 0.134375 0.522222 0.567165
56 0.107552 0.699537 0.0838542 0.369444 0.750941
0 0.835938 0.562037 0.215625 0.757407 0.851592
0 0.367448 0.387037 0.0598958 0.209259 0.857719
0 0.160156 0.463889 0.122396 0.322222 0.876977
0 0.0867188 0.358333 0.165104 0.309259 0.893176
56 0.239583 0.783333 0.270833 0.422222 0.916853
0 0.326302 0.632407 0.275521 0.711111 0.925287
