56 0.779427 0.673148 0.167187 0.468519 0.257536
24 0.466406 0.958796 0.123438 0.0768519 0.440143
26 0.56849 0.475 0.115104 0.0703704 0.451468
56 0.139583 0.639815 0.06875 0.255556 0.4978
56 0.63724 0.664815 0.131771 0.516667 0.515535
67 0.810417 0.468056 0.0260417 0.0361111 0.52425
24 0.694271 0.437037 0.0541667 0.112963 0.575742
24 0.652083 0.45 0.0510417 0.0833333 0.590397
56 0.694271 0.437037 0.0552083 0.112963 0.602279
39 0.345573 0.169444 0.00989583 0.0537037 0.671401
56 0.164583 0.752315 0.126042 0.476852 0.702368
0 0.384115 0.418981 0.0880208 0.171296 0.71144
0 0.897656 0.548148 0.204688 0.861111 0.866702
56 0.278646 0.768519 0.263542 0.45 0.889111
0 0.210938 0.443056 0.104167 0.321296 0.893346
0 0.364583 0.593982 0.238542 0.70463 0.893994
