26 0.594271 0.493056 0.1375 0.139815 0.383671
60 0.557292 0.743519 0.609375 0.492593 0.416666
39 0.277604 0.190278 0.0104167 0.0527778 0.463369
56 0.776823 0.591667 0.108854 0.32037 0.619552
24 0.596615 0.493519 0.135937 0.140741 0.626335
56 0.683594 0.502315 0.0557292 0.075 0.664537
56 0.191927 0.772685 0.258854 0.432407 0.686827
0 0.488021 0.530093 0.13125 0.534259 0.833176
24 0.148438 0.381944 0.148958 0.380556 0.848788
0 0.722917 0.318519 0.15625 0.387037 0.8863
56 0.791927 0.756944 0.266146 0.467593 0.898818
0 0.216927 0.512037 0.195312 0.937037 0.91536
