64 0.336979 0.586111 0.0270833 0.0425926 0.310462
24 0.367969 0.975 0.151562 0.0481481 0.312628
56 0.835417 0.512963 0.01875 0.116667 0.358926
26 0.489583 0.509259 0.10625 0.0722222 0.402382
24 0.598437 0.476852 0.102083 0.109259 0.481328
39 0.277865 0.189815 0.00989583 0.0537037 0.590663
56 0.720833 0.769907 0.229167 0.443519 0.835448
0 0.772135 0.396759 0.122396 0.337963 0.840354
0 0.189063 0.446759 0.071875 0.210185 0.89144
56 0.174479 0.799537 0.228125 0.387963 0.924402
0 0.63125 0.616204 0.247917 0.749074 0.928317
0 0.24375 0.664352 0.21875 0.652778 0.929278
