56 0.849219 0.475 0.0192708 0.0685185 0.256079
56 0.120312 0.64213 0.1125 0.241667 0.267716
56 0.652083 0.633333 0.1625 0.481481 0.362862
24 0.682552 0.443056 0.114063 0.100926 0.380076
26 0.569531 0.474074 0.111979 0.0722222 0.410073
24 0.56875 0.474074 0.113542 0.0703704 0.426775
67 0.43125 0.631019 0.0520833 0.0268519 0.502496
24 0.652344 0.443056 0.0546875 0.0898148 0.518478
56 0.702344 0.441667 0.0744792 0.109259 0.518755
56 0.792708 0.834259 0.0854167 0.148148 0.534325
24 0.466927 0.958796 0.124479 0.0787037 0.562529
39 0.345833 0.168519 0.0104167 0.0537037 0.565058
56 0.789583 0.468519 0.0729167 0.0740741 0.652961
0 0.389323 0.309259 0.106771 0.177778 0.667121
0 0.155208 0.414815 0.0791667 0.216667 0.715286
56 0.164844 0.753704 0.206771 0.474074 0.731677
0 0.188802 0.491204 0.128646 0.341667 0.76909
0 0.272396 0.399074 0.078125 0.235185 0.863197
56 0.2625 0.775 0.234375 0.437037 0.888149
0 0.916146 0.497685 0.165625 0.987963 0.905293
0 0.358073 0.625926 0.275521 0.709259 0.92283
