24 0.580208 0.485185 0.0645833 0.0796296 0.267061
24 0.691406 0.340741 0.158854 0.387037 0.315036
60 0.547396 0.736574 0.626042 0.473148 0.37804
56 0.556771 0.677778 0.121875 0.459259 0.419228
39 0.277604 0.189352 0.0104167 0.0546296 0.498662
56 0.775781 0.564815 0.131771 0.268519 0.500846
56 0.252344 0.510185 0.0463542 0.0592593 0.697859
24 0.758073 0.373148 0.0984375 0.212963 0.711202
0 0.485938 0.529167 0.126042 0.536111 0.792498
24 0.129167 0.406944 0.14375 0.310185 0.812769
0 0.678646 0.337963 0.135417 0.407407 0.898481
0 0.189844 0.55 0.147396 0.87963 0.910824
56 0.791927 0.756944 0.265104 0.471296 0.912815
56 0.330729 0.787037 0.229167 0.412963 0.928329
