24 0.567969 0.474537 0.111979 0.0712963 0.267289
56 0.94349 0.642593 0.113021 0.514815 0.305553
56 0.653906 0.638889 0.161979 0.475926 0.336244
62 0.40651 0.273611 0.0661458 0.152778 0.391044
24 0.68125 0.439352 0.1125 0.108333 0.39579
24 0.465885 0.957407 0.124479 0.0777778 0.401053
26 0.567969 0.473611 0.116146 0.0712963 0.472568
67 0.43125 0.630556 0.0520833 0.0259259 0.52311
56 0.772656 0.46713 0.0838542 0.0712963 0.591696
0 0.869531 0.577778 0.213021 0.837037 0.840426
0 0.354688 0.628704 0.277083 0.711111 0.911393
56 0.263021 0.778241 0.239583 0.432407 0.911751
56 0.133073 0.743519 0.217187 0.505556 0.913788
0 0.320052 0.324074 0.219271 0.340741 0.925711
