56 0.651042 0.636111 0.158333 0.490741 0.317094
24 0.650521 0.446296 0.0510417 0.0833333 0.329287
0 0.982813 0.321296 0.034375 0.114815 0.340427
60 0.607813 0.718518 0.757292 0.492593 0.358789
24 0.679427 0.441204 0.102604 0.10463 0.512109
24 0.467187 0.958796 0.123958 0.0787037 0.542275
26 0.575521 0.474537 0.0989583 0.0712963 0.547382
39 0.345313 0.168981 0.0104167 0.0546296 0.640811
56 0.10625 0.637963 0.0885417 0.240741 0.685048
0 0.422656 0.574537 0.188021 0.569444 0.769855
0 0.165885 0.254167 0.0932292 0.212037 0.796548
0 0.824479 0.549537 0.209375 0.686111 0.857767
56 0.23776 0.772222 0.280729 0.444444 0.911763
0 0.214844 0.538426 0.220313 0.462037 0.918084
