60 0.60625 0.708333 0.55 0.405556 0.275334
24 0.415885 0.793981 0.150521 0.400926 0.295631
24 0.579948 0.485648 0.0661458 0.0824074 0.30364
56 0.598698 0.481944 0.106771 0.10463 0.326389
56 0.553906 0.781482 0.115104 0.2 0.366651
39 0.277865 0.189352 0.00989583 0.0546296 0.608832
56 0.564844 0.656018 0.139062 0.441667 0.69081
56 0.188802 0.777778 0.0848958 0.427778 0.777324
56 0.814844 0.496759 0.105729 0.150926 0.844456
56 0.7 0.506944 0.0677083 0.0712963 0.876131
56 0.694271 0.750463 0.24375 0.484259 0.895902
0 0.259896 0.515278 0.309375 0.949074 0.940935
