60 0.445052 0.749074 0.360938 0.477778 0.302285
67 0.372135 0.718982 0.0526042 0.0287037 0.322883
64 0.550781 0.616204 0.0328125 0.0305556 0.33459
26 0.510417 0.523148 0.111458 0.0777778 0.433464
56 0.85599 0.524074 0.0557292 0.137037 0.582055
39 0.296354 0.192593 0.0104167 0.0555556 0.595167
0 0.204948 0.413426 0.0619792 0.137963 0.614411
24 0.604688 0.495833 0.0635417 0.0898148 0.627939
56 0.717708 0.783796 0.275 0.413889 0.863188
56 0.177083 0.813426 0.244792 0.362037 0.908272
0 0.77474 0.418519 0.158854 0.327778 0.914683
0 0.635417 0.613889 0.261458 0.759259 0.916743
0 0.255729 0.66713 0.253125 0.656482 0.935986
