56 0.233594 0.703241 0.0796875 0.428704 0.400656
56 0.558854 0.681481 0.125 0.453704 0.414754
60 0.540625 0.738426 0.672917 0.465741 0.431839
39 0.277604 0.189352 0.0104167 0.0546296 0.443435
24 0.582292 0.484259 0.06875 0.0814815 0.503139
56 0.788802 0.574537 0.106771 0.286111 0.566388
24 0.0986979 0.406944 0.123438 0.325 0.709214
24 0.777604 0.348148 0.1 0.201852 0.74854
56 0.243229 0.511574 0.0604167 0.0638889 0.762065
0 0.689323 0.334722 0.136979 0.415741 0.763217
0 0.489844 0.527778 0.130729 0.540741 0.80435
0 0.160677 0.548611 0.122396 0.876852 0.895137
56 0.792708 0.756481 0.264583 0.47037 0.910156
56 0.33151 0.789352 0.229687 0.410185 0.931748
