56 0.648958 0.6375 0.153125 0.489815 0.252166
56 0.92526 0.528704 0.0744792 0.238889 0.271397
26 0.568229 0.473611 0.114583 0.0712963 0.273058
24 0.567708 0.474537 0.114583 0.0712963 0.302671
24 0.651302 0.443981 0.0515625 0.0861111 0.402428
24 0.696094 0.441204 0.0734375 0.106481 0.449917
24 0.466927 0.958333 0.124479 0.0777778 0.453042
60 0.619792 0.723148 0.742708 0.498148 0.459342
39 0.345573 0.168519 0.00989583 0.0537037 0.611913
0 0.977865 0.312037 0.0442708 0.137037 0.720505
56 0.107031 0.638426 0.0911458 0.241667 0.728839
0 0.34974 0.529167 0.130729 0.521296 0.84314
0 0.167187 0.286574 0.1 0.263889 0.847277
0 0.824479 0.549537 0.208333 0.691667 0.848334
0 0.203906 0.539352 0.197396 0.458333 0.913165
56 0.23776 0.771296 0.279687 0.442593 0.918451
