26 0.491927 0.506019 0.100521 0.075 0.28093
24 0.597656 0.476852 0.101562 0.105556 0.321173
56 0.358073 0.464815 0.0567708 0.12037 0.321254
56 0.83125 0.511574 0.0260417 0.115741 0.435822
39 0.277865 0.189815 0.00989583 0.0537037 0.582672
56 0.705729 0.87963 0.2625 0.233333 0.644699
56 0.56901 0.656482 0.147396 0.444444 0.669142
0 0.221354 0.445833 0.134375 0.213889 0.723753
0 0.744792 0.393519 0.171875 0.335185 0.731217
0 0.448177 0.531482 0.133854 0.609259 0.839968
56 0.258073 0.783333 0.189063 0.42037 0.917926
