24 0.597396 0.481481 0.1 0.0944444 0.250263
67 0.665625 0.357407 0.0229167 0.0333333 0.26704
56 0.553906 0.781482 0.116146 0.190741 0.299437
56 0.358073 0.452778 0.0557292 0.146296 0.299646
26 0.490365 0.506019 0.102604 0.075 0.331081
60 0.49349 0.7375 0.709896 0.497222 0.343948
56 0.563021 0.675463 0.134375 0.412037 0.37117
39 0.277865 0.190278 0.00989583 0.0546296 0.57528
56 0.817187 0.508333 0.0510417 0.125926 0.601695
27 0.195052 0.494444 0.0109375 0.103704 0.606179
56 0.70599 0.879167 0.264062 0.232407 0.730279
0 0.733073 0.423148 0.165104 0.353704 0.784755
0 0.195052 0.57963 0.160938 0.483333 0.824201
0 0.447396 0.522222 0.133333 0.627778 0.855323
56 0.257031 0.784259 0.192188 0.416667 0.904043
