56 0.740104 0.466204 0.0875 0.0601852 0.314627
0 0.361198 0.4375 0.0411458 0.102778 0.442367
56 0.677604 0.679167 0.202083 0.493519 0.489943
67 0.43099 0.631944 0.0526042 0.0268519 0.550263
24 0.652604 0.448611 0.0541667 0.0842593 0.55921
56 0.694271 0.436574 0.0541667 0.113889 0.565788
24 0.465885 0.959259 0.124479 0.0777778 0.573089
39 0.345313 0.169907 0.0104167 0.0546296 0.576355
24 0.694531 0.436574 0.0536458 0.112037 0.593271
0 0.978125 0.318519 0.04375 0.127778 0.645406
56 0.110937 0.641667 0.090625 0.25 0.789696
0 0.517187 0.494907 0.141667 0.649074 0.833187
0 0.8375 0.565278 0.216667 0.79537 0.84107
56 0.242448 0.78287 0.268229 0.423148 0.899678
0 0.160156 0.466667 0.131771 0.325926 0.900844
0 0.328906 0.630093 0.263021 0.710185 0.935409
