56 0.295312 0.486111 0.0270833 0.05 0.318985
24 0.643229 0.44213 0.0354167 0.0916667 0.326467
24 0.480208 0.753704 0.0760417 0.166667 0.338858
67 0.39375 0.463889 0.0177083 0.0222222 0.425738
60 0.636719 0.713426 0.634896 0.480556 0.433805
26 0.551562 0.475463 0.133333 0.0712963 0.445891
41 0.39401 0.463426 0.0182292 0.0231481 0.542145
0 0.257031 0.526852 0.181771 0.451852 0.680907
39 0.345313 0.17037 0.0104167 0.0537037 0.685112
56 0.891406 0.750926 0.116146 0.359259 0.685628
0 0.732552 0.578241 0.200521 0.658333 0.791191
0 0.942708 0.497685 0.113542 0.991667 0.86504
0 0.366406 0.414352 0.126563 0.197222 0.880559
56 0.19401 0.754167 0.182812 0.486111 0.918614
