56 0.926042 0.526389 0.0729167 0.234259 0.264677
59 0.399219 0.431019 0.0984375 0.137963 0.276188
24 0.653125 0.44213 0.0572917 0.0916667 0.345133
24 0.567187 0.474537 0.115625 0.0712963 0.357603
26 0.567448 0.473611 0.115104 0.0712963 0.395357
0 0.971615 0.311111 0.0557292 0.122222 0.395593
24 0.466146 0.958796 0.123958 0.0787037 0.490963
24 0.69375 0.441204 0.0791667 0.106481 0.538786
60 0.620833 0.725 0.740625 0.503704 0.611555
39 0.345313 0.168981 0.0104167 0.0546296 0.681362
0 0.322135 0.405556 0.140104 0.251852 0.737647
0 0.235156 0.534722 0.131771 0.460185 0.760757
0 0.149479 0.516204 0.18125 0.941667 0.842778
0 0.821615 0.544444 0.217187 0.694444 0.862471
56 0.247396 0.775 0.273958 0.440741 0.909681
