24 0.467969 0.539815 0.105729 0.0759259 0.278183
60 0.372656 0.7625 0.375521 0.45463 0.283126
56 0.555469 0.502778 0.0640625 0.0962963 0.292496
56 0.803646 0.538889 0.05625 0.135185 0.37943
24 0.55599 0.505093 0.0630208 0.0953704 0.379716
26 0.467708 0.539815 0.109375 0.0759259 0.444422
39 0.246875 0.208333 0.0104167 0.0574074 0.519873
56 0.65026 0.791204 0.276563 0.400926 0.855467
56 0.102344 0.838889 0.204688 0.305556 0.885872
0 0.573438 0.618981 0.2625 0.741667 0.91352
0 0.725521 0.432407 0.154167 0.324074 0.915928
0 0.176302 0.680093 0.289062 0.625 0.946462
