60 0.677083 0.722222 0.630208 0.507407 0.297012
24 0.569271 0.474537 0.109375 0.0712963 0.315132
24 0.651042 0.445833 0.0510417 0.0805556 0.339964
56 0.121094 0.64213 0.115104 0.241667 0.381207
67 0.43151 0.630556 0.0515625 0.0259259 0.423412
56 0.782552 0.462037 0.0598958 0.0611111 0.430098
26 0.56901 0.474074 0.109896 0.0722222 0.476185
24 0.466667 0.95787 0.121875 0.0787037 0.495299
24 0.69349 0.44213 0.0921875 0.106481 0.528173
0 0.978646 0.318981 0.0427083 0.117593 0.544097
39 0.345313 0.169444 0.0104167 0.0537037 0.592957
56 0.152344 0.751389 0.182812 0.471296 0.631612
0 0.278385 0.39537 0.0911458 0.211111 0.804955
0 0.171354 0.485185 0.145833 0.368519 0.818208
0 0.378125 0.360185 0.06875 0.277778 0.852816
56 0.261458 0.775926 0.233333 0.433333 0.855315
0 0.85 0.536111 0.203125 0.742593 0.887387
0 0.359635 0.63287 0.279687 0.700926 0.912581
