26 0.492708 0.506944 0.1 0.0731481 0.291994
24 0.596615 0.483333 0.0984375 0.0907407 0.307347
56 0.365104 0.452315 0.0447917 0.147222 0.452214
67 0.68776 0.373148 0.0234375 0.0537037 0.513024
56 0.565885 0.656018 0.142188 0.439815 0.576247
56 0.825 0.507407 0.0375 0.124074 0.585876
39 0.278125 0.190278 0.0104167 0.0546296 0.613366
56 0.704948 0.879167 0.261979 0.234259 0.664154
0 0.221354 0.445833 0.134375 0.213889 0.707919
0 0.739323 0.400463 0.168229 0.332407 0.816309
0 0.448177 0.522685 0.134896 0.623148 0.844728
56 0.258333 0.783333 0.188542 0.418519 0.91634
