56 0.553385 0.781018 0.111979 0.200926 0.296044
24 0.597917 0.476389 0.101042 0.10463 0.41971
56 0.570052 0.65787 0.149479 0.441667 0.476807
56 0.263021 0.510648 0.05625 0.062037 0.516438
56 0.711719 0.87963 0.278646 0.233333 0.53226
56 0.815885 0.498611 0.104687 0.15463 0.553288
39 0.277604 0.190278 0.0104167 0.0546296 0.586881
56 0.706771 0.485185 0.053125 0.0277778 0.640603
56 0.139323 0.776852 0.199479 0.433333 0.838629
0 0.266667 0.388426 0.078125 0.287963 0.902427
0 0.196354 0.653704 0.201042 0.637037 0.938198
