56 0.247135 0.580556 0.0901042 0.2 0.294246
24 0.489583 0.508796 0.110417 0.0712963 0.327122
60 0.428125 0.624074 0.507292 0.237037 0.344528
72 0.101823 0.375 0.203646 0.75 0.433912
0 0.357292 0.656018 0.159375 0.632407 0.533207
39 0.277344 0.189815 0.00989583 0.0555556 0.622932
56 0.564583 0.656944 0.138542 0.439815 0.742707
56 0.814844 0.496759 0.106771 0.150926 0.818128
0 0.283594 0.369907 0.0901042 0.286111 0.865933
56 0.7 0.506944 0.0677083 0.0712963 0.872261
56 0.236458 0.763426 0.223958 0.462037 0.900587
56 0.69401 0.751389 0.244271 0.484259 0.906553
