26 0.501823 0.508796 0.0786458 0.0712963 0.323257
24 0.501823 0.509259 0.0796875 0.0722222 0.365505
56 0.599219 0.481481 0.107813 0.105556 0.404071
60 0.442187 0.639352 0.492708 0.223148 0.419473
24 0.326042 0.89537 0.223958 0.201852 0.46569
39 0.277604 0.189815 0.0104167 0.0537037 0.499149
56 0.274219 0.494444 0.0713542 0.0944444 0.629042
24 0.274479 0.494444 0.0708333 0.0944444 0.631201
56 0.566927 0.655556 0.145313 0.438889 0.716379
56 0.815104 0.497222 0.10625 0.15 0.814804
56 0.7 0.506944 0.0677083 0.0712963 0.879435
0 0.411198 0.517593 0.163021 0.933333 0.902633
56 0.69375 0.750926 0.24375 0.483333 0.912683
56 0.228646 0.762963 0.207292 0.45 0.924453
