0 0.347656 0.383796 0.129688 0.265741 0.272748
56 0.650521 0.634722 0.159375 0.489815 0.315533
26 0.569792 0.474074 0.110417 0.0703704 0.316394
56 0.925521 0.527315 0.0739583 0.236111 0.331184
60 0.617969 0.727315 0.745313 0.499074 0.348693
24 0.569271 0.474537 0.111458 0.0712963 0.378926
24 0.651823 0.44213 0.0546875 0.0916667 0.387539
24 0.694792 0.441204 0.0739583 0.106481 0.464161
24 0.466667 0.958333 0.123958 0.0777778 0.48911
39 0.345573 0.168519 0.00989583 0.0537037 0.604042
0 0.97526 0.310185 0.0494792 0.131481 0.627447
0 0.379948 0.30463 0.0526042 0.142593 0.628883
56 0.107292 0.636574 0.0895833 0.241667 0.730018
0 0.344271 0.524074 0.133333 0.501852 0.745184
0 0.824219 0.551389 0.209896 0.684259 0.85546
0 0.16875 0.283796 0.103125 0.260185 0.903705
0 0.203125 0.539815 0.194792 0.455556 0.906426
56 0.23724 0.771296 0.282813 0.444444 0.918401
