26 0.571875 0.474537 0.10625 0.0712963 0.286773
24 0.571094 0.475 0.107813 0.0703704 0.31246
56 0.69375 0.440278 0.0614583 0.10463 0.320998
24 0.652344 0.442593 0.0536458 0.0907407 0.402841
0 0.361458 0.441667 0.0354167 0.109259 0.404274
67 0.43151 0.631481 0.0515625 0.0259259 0.434919
24 0.691406 0.439815 0.0661458 0.103704 0.437198
56 0.869531 0.699537 0.227604 0.567593 0.469658
24 0.466406 0.958333 0.122396 0.0777778 0.474961
0 0.964323 0.312037 0.0630208 0.116667 0.502992
56 0.17526 0.7625 0.170312 0.45463 0.563318
56 0.646354 0.664352 0.15 0.500926 0.608862
39 0.345313 0.169907 0.0104167 0.0564815 0.6326
0 0.164844 0.459259 0.123438 0.32037 0.754509
0 0.84349 0.575926 0.205729 0.805556 0.837664
56 0.266927 0.778241 0.240104 0.426852 0.871458
0 0.359115 0.624074 0.293229 0.722222 0.922414
0 0.0598958 0.539815 0.11875 0.903704 0.930768
