73 0.767448 0.411111 0.0244792 0.0388889 0.32156
60 0.40026 0.718982 0.168229 0.44537 0.371449
67 0.767448 0.410648 0.0244792 0.0361111 0.392558
39 0.323177 0.168519 0.0109375 0.0518519 0.408945
24 0.435677 0.963889 0.130729 0.0685185 0.426636
56 0.69375 0.444444 0.0427083 0.101852 0.722274
0 0.229427 0.402315 0.0640625 0.215741 0.722737
0 0.824219 0.520833 0.218229 0.693519 0.836431
56 0.651823 0.756481 0.259896 0.466667 0.901974
0 0.580208 0.486111 0.246875 0.694444 0.918404
56 0.220052 0.775926 0.240104 0.438889 0.921092
0 0.294792 0.635185 0.236458 0.709259 0.932265
