56 0.553646 0.778241 0.116667 0.19537 0.262684
56 0.279427 0.67037 0.128646 0.396296 0.290639
56 0.569271 0.636111 0.15 0.457407 0.305255
39 0.277604 0.188889 0.0104167 0.0537037 0.510686
56 0.272656 0.505556 0.0942708 0.0703704 0.602691
56 0.849479 0.518519 0.065625 0.194444 0.655159
0 0.664583 0.394907 0.0614583 0.0842593 0.731115
24 0.585417 0.494907 0.126042 0.137963 0.745547
0 0.401042 0.506944 0.122917 0.652778 0.856983
56 0.116406 0.772685 0.211979 0.447222 0.860333
56 0.743229 0.786574 0.246875 0.412037 0.910631
0 0.69349 0.596296 0.272396 0.792593 0.931437
0 0.203906 0.652315 0.289062 0.671296 0.936998
