67 0.43099 0.631944 0.0526042 0.0268519 0.263484
26 0.571875 0.474537 0.108333 0.0712963 0.287914
24 0.570833 0.475463 0.109375 0.0712963 0.340401
24 0.694271 0.436574 0.0541667 0.112037 0.49556
24 0.652083 0.448148 0.053125 0.0851852 0.535844
24 0.466146 0.958796 0.125 0.0787037 0.546551
56 0.640365 0.669444 0.138021 0.496296 0.599384
39 0.345313 0.169907 0.0104167 0.0546296 0.605102
56 0.694271 0.436574 0.0541667 0.113889 0.647754
0 0.188021 0.260648 0.0708333 0.119444 0.704405
0 0.366667 0.428241 0.0552083 0.126852 0.721411
56 0.110937 0.641667 0.0927083 0.251852 0.732564
0 0.165625 0.466667 0.141667 0.322222 0.825861
0 0.858333 0.555093 0.220833 0.830556 0.885924
56 0.241927 0.782407 0.266146 0.424074 0.890405
0 0.333073 0.633333 0.270312 0.709259 0.913131
