26 0.578385 0.479167 0.0869792 0.062037 0.259952
56 0.739844 0.466667 0.0859375 0.0592593 0.364807
0 0.360677 0.436574 0.0421875 0.106481 0.398943
0 0.977604 0.320833 0.0447917 0.115741 0.418916
56 0.69375 0.436574 0.0552083 0.113889 0.440808
56 0.676302 0.678241 0.202604 0.493519 0.472942
39 0.345313 0.168981 0.0104167 0.0527778 0.478695
67 0.43125 0.631944 0.0520833 0.0268519 0.489404
24 0.465625 0.959259 0.123958 0.0777778 0.537716
24 0.652344 0.453241 0.0526042 0.0731481 0.551554
24 0.69375 0.436111 0.0541667 0.111111 0.600353
56 0.111198 0.641667 0.0911458 0.25 0.771144
0 0.83724 0.568519 0.215104 0.775926 0.848196
0 0.538542 0.498148 0.141667 0.642593 0.896305
56 0.240885 0.782407 0.263021 0.424074 0.897737
0 0.160156 0.466204 0.131771 0.326852 0.906045
0 0.326562 0.630093 0.257292 0.710185 0.933069
