67 0.43125 0.630093 0.0510417 0.025 0.251805
60 0.453125 0.743519 0.2125 0.466667 0.278654
56 0.959635 0.64213 0.0807292 0.537963 0.432043
24 0.466406 0.95787 0.124479 0.0787037 0.477912
67 0.808333 0.326852 0.0270833 0.062963 0.504721
24 0.678646 0.442593 0.107292 0.103704 0.537198
39 0.345313 0.168056 0.0104167 0.0527778 0.540489
0 0.371094 0.393981 0.0609375 0.223148 0.755216
0 0.960156 0.311111 0.0640625 0.114815 0.765431
0 0.854427 0.539352 0.201562 0.749074 0.819744
0 0.355469 0.623148 0.260938 0.703704 0.885484
56 0.68151 0.743519 0.298438 0.503704 0.903716
56 0.269531 0.768519 0.235938 0.446296 0.918932
