0 0.978646 0.312963 0.0427083 0.118519 0.257121
60 0.676042 0.716204 0.627083 0.500926 0.268664
24 0.651042 0.446759 0.0510417 0.0805556 0.300069
56 0.782552 0.4625 0.0598958 0.062037 0.34392
24 0.567708 0.474537 0.114583 0.0712963 0.400952
67 0.43151 0.631019 0.0505208 0.0268519 0.407117
56 0.120833 0.639815 0.114583 0.242593 0.409686
26 0.56849 0.474074 0.113021 0.0722222 0.438151
24 0.467187 0.958333 0.122917 0.0777778 0.496272
24 0.682552 0.441667 0.110937 0.105556 0.546967
39 0.345573 0.168519 0.00989583 0.0537037 0.564532
56 0.157031 0.751389 0.194271 0.471296 0.607957
0 0.171875 0.488889 0.155208 0.374074 0.811386
0 0.401823 0.358796 0.0786458 0.282407 0.867506
56 0.261458 0.776389 0.232292 0.434259 0.869653
0 0.84974 0.536111 0.203646 0.744444 0.870955
0 0.278385 0.393056 0.0890625 0.215741 0.890337
0 0.357812 0.63287 0.272917 0.697222 0.916908
