24 0.597917 0.476389 0.101042 0.10463 0.345818
56 0.553125 0.781944 0.1125 0.199074 0.366104
56 0.226042 0.603704 0.1375 0.231481 0.378085
56 0.274219 0.603241 0.0901042 0.24537 0.382489
56 0.56849 0.655556 0.148438 0.444444 0.516244
56 0.642708 0.880556 0.138542 0.224074 0.560012
56 0.70625 0.485185 0.053125 0.0277778 0.579659
39 0.277344 0.189815 0.00989583 0.0555556 0.581442
56 0.815625 0.498611 0.104167 0.15463 0.689117
56 0.209115 0.798148 0.156771 0.394444 0.718042
0 0.275 0.38287 0.0854167 0.30463 0.789648
0 0.0752604 0.558333 0.150521 0.864815 0.937299
