26 0.49375 0.507407 0.096875 0.0722222 0.265801
24 0.596615 0.481019 0.0984375 0.0935185 0.268471
56 0.365365 0.452778 0.0442708 0.146296 0.403528
56 0.566146 0.653704 0.142708 0.444444 0.455542
67 0.672396 0.372685 0.028125 0.0601852 0.474674
39 0.277865 0.190278 0.00989583 0.0546296 0.590408
56 0.820833 0.506481 0.0427083 0.124074 0.667884
56 0.704948 0.879167 0.261979 0.234259 0.669765
0 0.221354 0.445833 0.133333 0.212037 0.761827
0 0.729167 0.401852 0.177083 0.322222 0.788643
0 0.448438 0.521296 0.135417 0.625926 0.836527
56 0.258073 0.78287 0.189063 0.419444 0.917717
