24 0.599479 0.477778 0.103125 0.101852 0.259444
60 0.458594 0.604167 0.368229 0.193519 0.433402
56 0.638281 0.893981 0.127604 0.20463 0.440481
56 0.572135 0.649074 0.155729 0.453704 0.465084
56 0.544531 0.777315 0.0973958 0.200926 0.493573
39 0.277865 0.189815 0.00989583 0.0537037 0.536365
24 0.667188 0.736111 0.0760417 0.151852 0.60837
0 0.182812 0.444907 0.0864583 0.217593 0.866881
56 0.172135 0.800463 0.226562 0.386111 0.921475
0 0.245312 0.663426 0.223958 0.656482 0.931077
0 0.769271 0.496296 0.214583 0.985185 0.934757
