27 0.273958 0.438426 0.0166667 0.0675926 0.266795
24 0.440885 0.957407 0.135937 0.0796296 0.441021
56 0.855729 0.642593 0.138542 0.512963 0.48316
56 0.0606771 0.772685 0.0734375 0.423148 0.498407
39 0.329688 0.155093 0.0104167 0.0583333 0.514814
0 0.821615 0.537037 0.173438 0.712963 0.630458
56 0.282031 0.75463 0.139062 0.231481 0.683428
0 0.0424479 0.698611 0.0838542 0.571296 0.837651
56 0.691927 0.74213 0.274479 0.497222 0.909734
0 0.276563 0.539815 0.141667 0.512963 0.91442
0 0.633594 0.562037 0.251563 0.846296 0.941971
