24 0.567969 0.475463 0.116146 0.0712963 0.28621
56 0.698438 0.437963 0.0625 0.114815 0.289442
24 0.466406 0.959259 0.124479 0.0777778 0.387075
24 0.695833 0.437963 0.0614583 0.112963 0.401182
56 0.63724 0.661111 0.129688 0.518519 0.456273
26 0.568229 0.475 0.114583 0.0703704 0.457866
24 0.652083 0.447222 0.053125 0.0888889 0.475381
67 0.739583 0.464352 0.0291667 0.0324074 0.519808
56 0.136458 0.650463 0.102083 0.299074 0.522878
39 0.345313 0.169907 0.0104167 0.0546296 0.642581
0 0.835938 0.563889 0.216667 0.757407 0.827188
0 0.213021 0.418981 0.0822917 0.337963 0.871641
0 0.365625 0.394907 0.114583 0.213889 0.87315
56 0.239323 0.784259 0.249479 0.418519 0.9177
0 0.344531 0.622222 0.317187 0.731481 0.929414
