60 0.458333 0.610185 0.428125 0.203704 0.250308
56 0.573698 0.634722 0.159896 0.447222 0.268834
39 0.277604 0.189352 0.0104167 0.0546296 0.565247
56 0.857292 0.535185 0.0572917 0.192593 0.640196
24 0.589063 0.491204 0.135417 0.147222 0.733509
0 0.180729 0.381019 0.05 0.197222 0.823424
56 0.13125 0.791667 0.180208 0.4 0.870861
0 0.809635 0.391667 0.109896 0.348148 0.912647
56 0.744792 0.78287 0.25 0.421296 0.91519
0 0.248177 0.439352 0.142188 0.219444 0.927292
0 0.686458 0.599537 0.28125 0.782407 0.939317
0 0.216927 0.657407 0.265104 0.668519 0.949038
