67 0.43151 0.630093 0.0515625 0.025 0.286932
24 0.466927 0.95787 0.124479 0.0787037 0.463291
56 0.681771 0.439815 0.1125 0.109259 0.464125
56 0.960156 0.640741 0.0796875 0.535185 0.471523
0 0.370313 0.392593 0.0614583 0.22963 0.529802
24 0.680729 0.441667 0.1125 0.105556 0.552106
39 0.345313 0.168056 0.0104167 0.0546296 0.588401
67 0.808073 0.310648 0.0265625 0.0564815 0.612966
0 0.959896 0.310648 0.0614583 0.117593 0.761762
0 0.85651 0.539815 0.193229 0.751852 0.823185
56 0.681771 0.743519 0.296875 0.503704 0.873638
0 0.359115 0.617593 0.273438 0.698148 0.904439
56 0.26849 0.770833 0.234896 0.441667 0.914277
