67 0.43125 0.630556 0.0510417 0.0259259 0.271232
60 0.670573 0.720833 0.642187 0.499074 0.27997
56 0.120312 0.640741 0.114583 0.242593 0.380047
24 0.56875 0.474074 0.1125 0.0722222 0.387589
24 0.650521 0.446759 0.0510417 0.0805556 0.395884
56 0.782292 0.461574 0.059375 0.062037 0.442601
26 0.569271 0.474074 0.110417 0.0722222 0.455727
0 0.98125 0.322222 0.0375 0.12037 0.481414
24 0.466927 0.958333 0.123438 0.0777778 0.535159
24 0.696875 0.441667 0.0854167 0.107407 0.557185
39 0.345313 0.168519 0.0104167 0.0537037 0.591608
56 0.154167 0.750926 0.1875 0.474074 0.618906
0 0.176042 0.501852 0.172917 0.398148 0.826872
0 0.402083 0.359259 0.0854167 0.283333 0.839811
56 0.260677 0.775463 0.230729 0.436111 0.87063
0 0.85 0.535648 0.204167 0.74537 0.882918
0 0.354688 0.622685 0.270833 0.712037 0.918227
