0 0.250521 0.346296 0.152083 0.359259 0.265224
27 0.1375 0.462963 0.046875 0.2 0.276006
24 0.567448 0.475926 0.110937 0.0703704 0.276211
24 0.675 0.440278 0.096875 0.10463 0.341989
26 0.567708 0.475 0.114583 0.0703704 0.386487
24 0.651823 0.447685 0.0515625 0.0861111 0.433671
67 0.739323 0.464352 0.0286458 0.0287037 0.446805
24 0.466406 0.959259 0.125521 0.0777778 0.488126
0 0.275 0.282407 0.103125 0.22963 0.513577
56 0.6375 0.659722 0.133333 0.521296 0.541449
39 0.345313 0.169907 0.0104167 0.0546296 0.633436
0 0.0997396 0.448611 0.196354 0.428704 0.780439
56 0.104427 0.740278 0.206771 0.480556 0.826058
0 0.835417 0.561111 0.217708 0.751852 0.837776
56 0.23776 0.778704 0.254687 0.427778 0.911597
0 0.322656 0.630556 0.266146 0.712963 0.942405
