24 0.568229 0.475463 0.115625 0.0712963 0.254911
56 0.63724 0.666204 0.132812 0.519444 0.429314
67 0.771875 0.46713 0.0395833 0.0398148 0.441304
56 0.69401 0.437037 0.0546875 0.112963 0.457488
26 0.569271 0.475 0.113542 0.0722222 0.493312
24 0.466406 0.958796 0.122396 0.0768519 0.501488
41 0.395573 0.510185 0.0213542 0.0351852 0.532462
24 0.651563 0.449074 0.0510417 0.0833333 0.572951
0 0.395052 0.410185 0.0651042 0.194444 0.625123
24 0.69401 0.436574 0.0546875 0.110185 0.637299
39 0.345573 0.169444 0.00989583 0.0537037 0.663473
56 0.280469 0.768056 0.259896 0.44537 0.765334
56 0.173958 0.754167 0.139583 0.476852 0.788636
0 0.851302 0.551389 0.203646 0.812037 0.806205
0 0.364062 0.588426 0.24375 0.710185 0.901078
0 0.227083 0.434259 0.117708 0.292593 0.901479
