0 0.983594 0.312037 0.0328125 0.118519 0.279398
24 0.567969 0.473611 0.115104 0.0712963 0.306318
26 0.56849 0.473611 0.114063 0.0712963 0.34333
56 0.655469 0.639815 0.166146 0.485185 0.346015
24 0.466406 0.957407 0.124479 0.0777778 0.363832
67 0.43125 0.62963 0.0510417 0.0277778 0.402839
24 0.68151 0.439352 0.113021 0.108333 0.403916
39 0.345313 0.168519 0.0104167 0.0537037 0.564789
56 0.782812 0.468056 0.0583333 0.0731481 0.642044
0 0.883073 0.519907 0.196354 0.747222 0.886902
0 0.415625 0.348611 0.108333 0.300926 0.907047
56 0.134375 0.742593 0.219792 0.505556 0.921166
56 0.264062 0.776389 0.242708 0.434259 0.92519
0 0.361719 0.623148 0.296354 0.716667 0.939047
