24 0.568229 0.474537 0.113542 0.0712963 0.303765
56 0.650521 0.636111 0.157292 0.487037 0.30498
26 0.56875 0.474537 0.113542 0.0712963 0.319979
0 0.98099 0.309722 0.0380208 0.139815 0.356002
24 0.466667 0.958796 0.123958 0.0787037 0.482497
60 0.616927 0.722685 0.752604 0.497222 0.504603
24 0.679167 0.441204 0.103125 0.10463 0.5301
39 0.345313 0.169444 0.0104167 0.0555556 0.603211
56 0.113802 0.697685 0.100521 0.358333 0.749094
0 0.342187 0.524074 0.13125 0.505556 0.828497
0 0.824479 0.552778 0.208333 0.7 0.858131
0 0.198958 0.538889 0.18125 0.459259 0.872821
0 0.188281 0.344444 0.128646 0.296296 0.884364
56 0.2375 0.774537 0.28125 0.436111 0.934915
