56 0.836198 0.511111 0.0182292 0.112963 0.282169
56 0.144531 0.557407 0.0276042 0.103704 0.358683
24 0.5875 0.476852 0.0802083 0.0981481 0.416227
26 0.488281 0.509259 0.105729 0.0722222 0.503104
39 0.278125 0.190741 0.0104167 0.0537037 0.584064
56 0.692187 0.773148 0.282292 0.438889 0.784185
0 0.772656 0.397685 0.121354 0.339815 0.787537
0 0.174219 0.443056 0.0817708 0.212037 0.864793
56 0.175 0.796759 0.228125 0.393519 0.921572
0 0.241927 0.662963 0.222396 0.651852 0.927424
0 0.604167 0.605556 0.248958 0.762963 0.934277
