56 0.552604 0.781944 0.110417 0.199074 0.308198
24 0.597917 0.476389 0.101042 0.10463 0.377237
56 0.158854 0.797685 0.228125 0.393519 0.380599
56 0.275521 0.602778 0.0822917 0.240741 0.451075
56 0.56849 0.656482 0.148438 0.442593 0.533311
56 0.642708 0.880556 0.1375 0.224074 0.564627
39 0.277604 0.189352 0.0104167 0.0546296 0.588428
56 0.70651 0.484722 0.0526042 0.0268519 0.638978
56 0.815885 0.497685 0.104687 0.15463 0.66518
0 0.277865 0.381481 0.0765625 0.301852 0.822762
0 0.160938 0.638889 0.255208 0.711111 0.873641
