67 0.739062 0.463426 0.03125 0.0305556 0.264327
26 0.56875 0.474537 0.114583 0.0712963 0.285138
24 0.567969 0.475463 0.115104 0.0712963 0.292504
67 0.43151 0.631944 0.0515625 0.0268519 0.316875
65 0.43125 0.632407 0.0520833 0.0259259 0.344506
56 0.694531 0.437037 0.0546875 0.114815 0.376031
0 0.972396 0.317593 0.0552083 0.118519 0.400379
24 0.694531 0.436574 0.0536458 0.112037 0.466493
24 0.466667 0.959259 0.123958 0.0777778 0.488922
24 0.651823 0.446759 0.0526042 0.087963 0.52177
56 0.641146 0.663889 0.138542 0.511111 0.530988
39 0.345313 0.169444 0.0104167 0.0537037 0.604831
56 0.113281 0.635185 0.0921875 0.255556 0.743605
0 0.836198 0.57037 0.218229 0.775926 0.845977
56 0.241406 0.781018 0.266146 0.425 0.89034
0 0.164844 0.471759 0.141146 0.34537 0.89832
0 0.329688 0.632407 0.261458 0.707407 0.914357
