24 0.651823 0.443981 0.0515625 0.087963 0.309803
26 0.577865 0.474537 0.0942708 0.0694444 0.363956
56 0.65651 0.6625 0.160938 0.499074 0.375347
56 0.880208 0.699537 0.219792 0.567593 0.408743
24 0.466667 0.958333 0.123958 0.0777778 0.435779
24 0.675781 0.440741 0.0984375 0.101852 0.555363
39 0.345313 0.168981 0.0104167 0.0546296 0.625383
0 0.489062 0.570833 0.171875 0.508333 0.674948
56 0.109896 0.636111 0.0864583 0.255556 0.715699
0 0.84349 0.581019 0.203646 0.800926 0.808475
0 0.198958 0.536574 0.215625 0.473148 0.880449
56 0.242188 0.773611 0.273958 0.437963 0.932124
