26 0.580469 0.473148 0.0890625 0.0703704 0.262411
24 0.68099 0.438889 0.113021 0.107407 0.305332
67 0.43151 0.630093 0.0515625 0.0268519 0.356253
56 0.651302 0.636574 0.159896 0.471296 0.429431
24 0.466927 0.95787 0.123438 0.0787037 0.454148
0 0.0213542 0.689815 0.0427083 0.616667 0.516457
56 0.778906 0.466667 0.0723958 0.0722222 0.539171
39 0.345313 0.168519 0.0104167 0.0537037 0.585876
56 0.220313 0.525463 0.0572917 0.115741 0.753599
0 0.866927 0.576389 0.221354 0.837963 0.824957
56 0.259375 0.774537 0.232292 0.441667 0.890302
56 0.127344 0.742593 0.221354 0.514815 0.919366
0 0.357812 0.624537 0.269792 0.70463 0.923228
