56 0.653646 0.638426 0.1625 0.476852 0.269695
56 0.94349 0.643519 0.113021 0.514815 0.291446
24 0.567708 0.473611 0.116667 0.0712963 0.375355
39 0.344792 0.161111 0.009375 0.0388889 0.400949
24 0.466667 0.95787 0.123958 0.0768519 0.422195
26 0.568229 0.473611 0.115625 0.0712963 0.422888
24 0.68125 0.438889 0.1125 0.107407 0.424393
67 0.43151 0.630556 0.0515625 0.0259259 0.457055
56 0.777604 0.46713 0.075 0.0731481 0.611684
0 0.871615 0.577778 0.214062 0.838889 0.83921
0 0.34974 0.628241 0.267188 0.712037 0.903551
56 0.264844 0.779167 0.244271 0.428704 0.912049
56 0.133594 0.743056 0.217187 0.50463 0.91679
0 0.29401 0.339815 0.197396 0.325926 0.920823
