67 0.738802 0.463889 0.0296875 0.0296296 0.272942
24 0.566927 0.474537 0.115104 0.0712963 0.338917
26 0.567448 0.474537 0.115104 0.0712963 0.353056
24 0.674479 0.440278 0.1 0.10463 0.36717
24 0.466927 0.959259 0.122396 0.0777778 0.400608
24 0.651823 0.446759 0.0515625 0.087963 0.402153
56 0.63776 0.660185 0.133854 0.52037 0.476427
39 0.345313 0.17037 0.0104167 0.0537037 0.601158
56 0.138802 0.756019 0.197396 0.473148 0.789569
0 0.141406 0.460648 0.139062 0.34537 0.818525
0 0.835417 0.564815 0.217708 0.759259 0.831628
56 0.23724 0.780556 0.251563 0.422222 0.878599
0 0.0460938 0.513426 0.0921875 0.632407 0.912398
0 0.310156 0.633333 0.248437 0.707407 0.924455
