56 0.554948 0.778704 0.118229 0.198148 0.270296
56 0.573438 0.6375 0.158333 0.450926 0.33975
56 0.858854 0.513889 0.0510417 0.159259 0.507134
39 0.277604 0.189352 0.0104167 0.0546296 0.558407
24 0.588802 0.49213 0.133854 0.14537 0.73241
56 0.289583 0.500463 0.0625 0.0657407 0.748532
0 0.128646 0.448611 0.138542 0.500926 0.884062
56 0.131771 0.789352 0.177083 0.400926 0.890802
56 0.747135 0.784722 0.252604 0.415741 0.899331
0 0.813542 0.387963 0.108333 0.359259 0.905698
0 0.691146 0.593518 0.279167 0.796296 0.928411
0 0.271094 0.656482 0.284896 0.668519 0.952293
