24 0.570573 0.473611 0.109896 0.0712963 0.251988
26 0.576823 0.473148 0.0973958 0.0703704 0.264158
56 0.942448 0.644444 0.115104 0.518519 0.270996
24 0.68099 0.439352 0.113021 0.108333 0.27856
67 0.43099 0.630093 0.0515625 0.0268519 0.299935
24 0.466667 0.958796 0.126042 0.0787037 0.454117
56 0.652865 0.636574 0.163021 0.473148 0.470346
56 0.76901 0.468056 0.0921875 0.0731481 0.574988
39 0.345052 0.168056 0.00989583 0.0527778 0.591777
0 0.0166667 0.7125 0.0322917 0.556481 0.656907
0 0.866927 0.573611 0.222396 0.832407 0.819688
56 0.202604 0.534722 0.0625 0.136111 0.854546
0 0.26849 0.397222 0.0723958 0.235185 0.902238
56 0.260417 0.777315 0.233333 0.434259 0.905477
56 0.132812 0.742593 0.220833 0.512963 0.910223
0 0.358594 0.626389 0.280729 0.708333 0.922507
