56 0.0880208 0.471759 0.0239583 0.0935185 0.286986
0 0.980469 0.311111 0.0390625 0.137037 0.300239
24 0.56875 0.474537 0.113542 0.0712963 0.302286
26 0.56901 0.474537 0.113021 0.0712963 0.306883
24 0.652344 0.443056 0.0546875 0.0916667 0.339828
24 0.467187 0.958333 0.123958 0.0777778 0.474507
60 0.608594 0.725 0.772396 0.494444 0.490007
24 0.69401 0.441204 0.0755208 0.106481 0.498544
39 0.345313 0.168981 0.0104167 0.0546296 0.630082
56 0.116667 0.698148 0.105208 0.359259 0.681019
0 0.34349 0.523611 0.133854 0.50463 0.83256
0 0.824479 0.549537 0.209375 0.69537 0.857755
0 0.194271 0.323611 0.116667 0.252778 0.875066
0 0.182031 0.539352 0.205729 0.462037 0.885218
56 0.2375 0.774074 0.280208 0.437037 0.936315
