60 0.648958 0.719444 0.669792 0.487037 0.283704
41 0.390885 0.467593 0.0171875 0.0222222 0.305159
0 0.444531 0.582407 0.149479 0.792593 0.373305
67 0.390885 0.467593 0.0171875 0.0222222 0.407367
26 0.550521 0.475 0.142708 0.0722222 0.421337
24 0.55 0.475463 0.140625 0.0731481 0.429847
67 0.855469 0.437037 0.0244792 0.0166667 0.491037
56 0.830208 0.672222 0.159375 0.451852 0.521206
24 0.646875 0.443981 0.04375 0.087963 0.646097
0 0.694271 0.565278 0.166667 0.650926 0.64692
39 0.345313 0.169907 0.0104167 0.0527778 0.656969
0 0.260156 0.542593 0.189063 0.468519 0.700402
0 0.921875 0.559722 0.155208 0.760185 0.769485
0 0.365625 0.418519 0.1375 0.190741 0.844898
0 0.445833 0.344444 0.141667 0.305556 0.858435
56 0.19375 0.75463 0.182292 0.487037 0.912935
