56 0.698958 0.4375 0.0635417 0.115741 0.301341
56 0.63724 0.660648 0.129688 0.521296 0.395899
24 0.696354 0.4375 0.0614583 0.112037 0.432223
67 0.741406 0.464815 0.0317708 0.0351852 0.44145
24 0.466667 0.959259 0.123958 0.0777778 0.480869
26 0.568229 0.475 0.114583 0.0722222 0.488438
67 0.430729 0.632407 0.053125 0.0259259 0.509449
24 0.651302 0.448611 0.0505208 0.0824074 0.514362
39 0.345313 0.169907 0.0104167 0.0546296 0.65708
0 0.378125 0.414352 0.0895833 0.184259 0.741636
0 0.836458 0.560648 0.214583 0.750926 0.832654
56 0.234375 0.780093 0.245833 0.428704 0.910707
0 0.18151 0.444444 0.0921875 0.390741 0.915531
0 0.338281 0.631944 0.303646 0.708333 0.937814
