26 0.570573 0.474537 0.110937 0.0712963 0.264577
24 0.569792 0.475463 0.111458 0.0712963 0.31973
24 0.654427 0.44213 0.0578125 0.0935185 0.374679
24 0.688802 0.439815 0.0713542 0.103704 0.420478
56 0.874479 0.699537 0.21875 0.565741 0.467146
24 0.466406 0.958333 0.123438 0.0777778 0.480362
56 0.646354 0.659259 0.15 0.503704 0.539376
39 0.345313 0.168519 0.0104167 0.0537037 0.605161
56 0.264323 0.784722 0.228646 0.415741 0.769677
0 0.84375 0.578241 0.205208 0.810185 0.822254
0 0.319792 0.625926 0.297917 0.712963 0.847448
0 0.351042 0.371759 0.05625 0.167593 0.860689
0 0.161458 0.450926 0.1 0.294444 0.881101
0 0.0903646 0.506944 0.179688 0.969444 0.924528
