56 0.65625 0.631944 0.166667 0.491667 0.298261
24 0.567708 0.473611 0.116667 0.0712963 0.366456
56 0.754427 0.468519 0.0630208 0.0685185 0.372044
67 0.43125 0.630093 0.0520833 0.0268519 0.38886
24 0.68125 0.438889 0.1125 0.109259 0.432203
26 0.567969 0.473148 0.116146 0.0722222 0.455404
24 0.466927 0.958333 0.124479 0.0777778 0.494568
56 0.951302 0.644444 0.0973958 0.525926 0.531329
39 0.345052 0.168519 0.00989583 0.0537037 0.572446
0 0.977083 0.312963 0.0458333 0.127778 0.598905
0 0.857552 0.584722 0.202604 0.823148 0.790509
56 0.259896 0.775 0.232292 0.438889 0.911582
0 0.359115 0.623148 0.271354 0.711111 0.92492
56 0.135937 0.743519 0.222917 0.505556 0.927996
