41 0.504427 0.3875 0.0369792 0.0342593 0.279397
67 0.431771 0.630556 0.0510417 0.0259259 0.307217
24 0.469792 0.95787 0.11875 0.0787037 0.308827
0 0.663281 0.491204 0.176563 0.684259 0.318542
0 0.654427 0.311111 0.141146 0.333333 0.365059
24 0.699479 0.409259 0.140625 0.175926 0.435915
56 0.748698 0.662963 0.153646 0.464815 0.446532
39 0.345313 0.168519 0.0104167 0.0537037 0.535645
0 0.914583 0.486574 0.170833 0.876852 0.898009
56 0.135156 0.743056 0.221354 0.50463 0.9185
56 0.268229 0.775 0.25 0.438889 0.922884
0 0.359635 0.625 0.274479 0.701852 0.92606
