0 0.138281 0.349537 0.0442708 0.087963 0.262432
56 0.695833 0.437037 0.05625 0.112963 0.270432
0 0.961458 0.312037 0.0583333 0.125926 0.287059
67 0.738542 0.463889 0.028125 0.0277778 0.326065
24 0.570052 0.475 0.110937 0.0722222 0.347029
26 0.570573 0.475 0.109896 0.0722222 0.410599
67 0.43099 0.632407 0.0526042 0.0259259 0.432201
24 0.651823 0.446759 0.0515625 0.087963 0.514078
24 0.466667 0.958796 0.122917 0.0787037 0.520237
56 0.638802 0.659722 0.133854 0.521296 0.531046
24 0.694531 0.436574 0.0546875 0.112037 0.542416
39 0.345313 0.169907 0.0104167 0.0546296 0.600575
0 0.835677 0.560185 0.218229 0.753704 0.854574
0 0.164323 0.463426 0.130729 0.319444 0.857453
56 0.108333 0.640278 0.0822917 0.249074 0.863756
0 0.375781 0.389352 0.0817708 0.221296 0.877138
0 0.0333333 0.641667 0.065625 0.674074 0.899899
56 0.238542 0.783796 0.26875 0.421296 0.913095
0 0.317187 0.633796 0.257292 0.706481 0.92912
