64 0.536719 0.487037 0.0369792 0.0222222 0.298264
0 0.30599 0.406481 0.120312 0.131481 0.389045
24 0.402083 0.959259 0.129167 0.0777778 0.533196
39 0.298438 0.144444 0.0104167 0.0574074 0.544348
0 0.78099 0.531018 0.163021 0.682407 0.554579
67 0.375521 0.618056 0.0520833 0.025 0.566705
56 0.80651 0.65463 0.158854 0.512963 0.652867
56 0.656771 0.744444 0.265625 0.492593 0.89433
56 0.173698 0.762037 0.250521 0.461111 0.925842
0 0.584115 0.562963 0.264062 0.85 0.931268
0 0.266406 0.608333 0.290104 0.762963 0.936403
