26 0.570052 0.474537 0.111979 0.0712963 0.320732
24 0.569531 0.475463 0.111979 0.0712963 0.326406
67 0.43125 0.631944 0.0520833 0.0268519 0.386533
24 0.694271 0.435648 0.0520833 0.110185 0.407684
0 0.973437 0.316667 0.053125 0.12037 0.465225
24 0.465365 0.958796 0.125521 0.0787037 0.491294
24 0.652865 0.446296 0.0546875 0.0888889 0.554178
39 0.345313 0.169444 0.0104167 0.0537037 0.560545
56 0.641146 0.66713 0.140625 0.50463 0.58119
56 0.694531 0.436574 0.0526042 0.112037 0.624809
56 0.1125 0.634259 0.090625 0.257407 0.778195
0 0.363542 0.42963 0.059375 0.12037 0.784227
0 0.83776 0.549537 0.222396 0.812037 0.855853
0 0.160677 0.464352 0.133854 0.326852 0.888347
56 0.242188 0.78287 0.270833 0.423148 0.907344
0 0.0348958 0.624537 0.06875 0.710185 0.908216
0 0.326823 0.631944 0.259896 0.708333 0.917367
