60 0.546875 0.731481 0.630208 0.483333 0.336364
24 0.58125 0.483796 0.0677083 0.0824074 0.426983
39 0.277604 0.189815 0.0104167 0.0537037 0.463495
56 0.770312 0.560185 0.141667 0.262963 0.585047
56 0.558854 0.674074 0.126042 0.457407 0.586918
24 0.774219 0.362037 0.0786458 0.2 0.652596
0 0.701302 0.327315 0.125521 0.406481 0.6987
56 0.248177 0.510185 0.0505208 0.0592593 0.759274
56 0.659896 0.501852 0.0729167 0.0666667 0.760015
0 0.489323 0.530093 0.130729 0.530556 0.821258
24 0.109115 0.421759 0.134896 0.319444 0.84134
56 0.791667 0.756019 0.266667 0.471296 0.913017
0 0.17526 0.563426 0.161979 0.850926 0.915767
56 0.33125 0.787963 0.228125 0.411111 0.930445
