0 0.726302 0.613889 0.183854 0.748148 0.261453
60 0.497396 0.7375 0.704167 0.499074 0.273923
56 0.553385 0.781482 0.115104 0.190741 0.308633
26 0.491406 0.506019 0.101562 0.075 0.318067
56 0.365885 0.453704 0.0421875 0.146296 0.395423
56 0.563542 0.664352 0.136458 0.426852 0.427173
67 0.665625 0.35463 0.0270833 0.0407407 0.469624
39 0.277865 0.189815 0.00989583 0.0537037 0.587258
56 0.705729 0.879167 0.2625 0.234259 0.67383
56 0.817187 0.50787 0.0510417 0.125 0.678465
0 0.732552 0.409722 0.165104 0.328704 0.704424
0 0.221094 0.451389 0.134896 0.217593 0.744637
0 0.447656 0.521759 0.133854 0.628704 0.841739
56 0.258073 0.78287 0.189063 0.419444 0.918274
