56 0.65625 0.631944 0.166667 0.491667 0.299508
24 0.567448 0.473611 0.117188 0.0712963 0.367151
56 0.754427 0.468519 0.0630208 0.0685185 0.369677
67 0.43125 0.630093 0.0520833 0.0268519 0.386556
24 0.68125 0.438889 0.1125 0.109259 0.434326
26 0.567969 0.473148 0.116146 0.0722222 0.455945
24 0.466927 0.958333 0.124479 0.0777778 0.497943
56 0.951563 0.643981 0.096875 0.525 0.532958
39 0.345052 0.168519 0.00989583 0.0537037 0.570456
0 0.977083 0.312963 0.0458333 0.127778 0.605388
0 0.857552 0.584722 0.202604 0.823148 0.788638
56 0.260156 0.775 0.232812 0.438889 0.911704
0 0.359115 0.623148 0.271354 0.711111 0.924973
56 0.135937 0.743519 0.222917 0.505556 0.928017
