24 0.579427 0.485185 0.0651042 0.0814815 0.266511
26 0.490885 0.506481 0.100521 0.0722222 0.323106
24 0.758333 0.348148 0.145833 0.387037 0.33022
56 0.804167 0.594907 0.132292 0.326852 0.356955
60 0.555208 0.738426 0.614583 0.478704 0.41447
56 0.368229 0.474537 0.0458333 0.100926 0.447591
39 0.277604 0.189352 0.0104167 0.0546296 0.453422
56 0.254167 0.510185 0.0395833 0.0592593 0.47336
56 0.557292 0.669907 0.119792 0.45463 0.666409
24 0.795833 0.354167 0.103125 0.169444 0.712189
56 0.660417 0.501389 0.0697917 0.0638889 0.750281
24 0.136458 0.438426 0.152083 0.323148 0.808677
0 0.746615 0.343519 0.122396 0.407407 0.83494
56 0.791667 0.755093 0.266667 0.471296 0.880025
0 0.445833 0.539815 0.126042 0.553704 0.892071
0 0.215885 0.560185 0.180729 0.862963 0.905815
56 0.330729 0.7875 0.228125 0.410185 0.919223
