24 0.65026 0.447685 0.0505208 0.0787037 0.28924
56 0.782552 0.4625 0.0598958 0.062037 0.328994
60 0.676042 0.718982 0.63125 0.499074 0.331544
56 0.11901 0.643981 0.111979 0.243519 0.35111
26 0.570052 0.474074 0.108854 0.0703704 0.37924
0 0.972917 0.311574 0.0541667 0.117593 0.438401
24 0.569271 0.474537 0.111458 0.0712963 0.452167
24 0.466667 0.958796 0.123958 0.0787037 0.517878
39 0.345313 0.168981 0.0104167 0.0546296 0.555965
24 0.682552 0.441204 0.109896 0.10463 0.593023
56 0.142708 0.750926 0.164583 0.468519 0.631561
56 0.264062 0.781018 0.232292 0.423148 0.813155
0 0.160156 0.502315 0.122396 0.399074 0.849431
0 0.296354 0.61713 0.25625 0.747222 0.854373
0 0.848958 0.536574 0.204167 0.749074 0.876671
0 0.389583 0.359259 0.111458 0.281481 0.917387
