56 0.569792 0.637037 0.152083 0.448148 0.309047
56 0.553385 0.775 0.114063 0.201852 0.444806
39 0.277865 0.189352 0.00989583 0.0546296 0.523579
56 0.864062 0.538426 0.0354167 0.193519 0.609342
24 0.58724 0.493056 0.129688 0.141667 0.736689
56 0.288021 0.5 0.06875 0.0666667 0.789154
0 0.149219 0.475 0.0921875 0.272222 0.796888
0 0.813802 0.389352 0.0963542 0.360185 0.891535
56 0.745313 0.786111 0.246875 0.412963 0.904115
56 0.13099 0.789815 0.175521 0.401852 0.906078
0 0.69401 0.6 0.273438 0.783333 0.930824
0 0.260677 0.653241 0.259896 0.669444 0.954391
