24 0.694271 0.339815 0.164583 0.385185 0.312493
60 0.548698 0.735648 0.623438 0.476852 0.384185
56 0.558073 0.678241 0.124479 0.465741 0.493315
56 0.77474 0.560185 0.134896 0.257407 0.496368
39 0.277604 0.189352 0.0104167 0.0546296 0.521653
24 0.757812 0.373611 0.104167 0.212037 0.720678
56 0.251823 0.510185 0.0453125 0.0592593 0.736312
0 0.485938 0.528704 0.126042 0.535185 0.7813
24 0.13099 0.409259 0.146354 0.316667 0.836991
0 0.679427 0.3375 0.134896 0.408333 0.904884
56 0.792188 0.756481 0.265625 0.47037 0.911289
0 0.189583 0.551852 0.140625 0.875926 0.913594
56 0.330729 0.7875 0.229167 0.412037 0.930256
