67 0.279427 0.312963 0.0317708 0.05 0.273757
26 0.594271 0.493056 0.138542 0.139815 0.361738
60 0.557031 0.743056 0.609896 0.493519 0.410369
39 0.277604 0.190278 0.0104167 0.0527778 0.504834
65 0.279687 0.313889 0.0322917 0.0518519 0.525947
56 0.776823 0.591667 0.108854 0.322222 0.62905
24 0.596615 0.493519 0.135937 0.140741 0.631344
56 0.683594 0.501852 0.0546875 0.0740741 0.646109
56 0.191927 0.773148 0.257812 0.431481 0.696146
24 0.158854 0.387963 0.179167 0.385185 0.788076
0 0.488021 0.52963 0.13125 0.533333 0.834846
0 0.71875 0.318981 0.160417 0.393519 0.86234
56 0.792188 0.756481 0.265625 0.468519 0.897318
0 0.208594 0.5125 0.177604 0.937963 0.904769
