24 0.478646 0.752315 0.0802083 0.171296 0.275335
26 0.568229 0.475 0.114583 0.0703704 0.388788
56 0.298958 0.419444 0.040625 0.0944444 0.407033
56 0.8 0.67963 0.201042 0.47963 0.447331
56 0.635677 0.6625 0.125521 0.508333 0.459901
56 0.695052 0.437037 0.0536458 0.112963 0.483109
24 0.651823 0.45 0.0505208 0.0833333 0.567691
24 0.694792 0.436574 0.053125 0.112037 0.570817
0 0.923958 0.573611 0.152083 0.680556 0.634544
0 0.246094 0.559259 0.174479 0.527778 0.673733
39 0.345313 0.169907 0.0104167 0.0546296 0.675322
0 0.359896 0.406019 0.135417 0.221296 0.903369
56 0.197135 0.752315 0.179688 0.487963 0.906087
0 0.0617188 0.551389 0.123438 0.876852 0.93944
