24 0.580208 0.485185 0.065625 0.0796296 0.310451
60 0.550521 0.731481 0.641667 0.475926 0.38537
39 0.277604 0.189352 0.0104167 0.0546296 0.553633
56 0.78724 0.561574 0.107813 0.260185 0.558901
56 0.653125 0.500926 0.0541667 0.0666667 0.608384
56 0.558333 0.675926 0.125 0.461111 0.66948
24 0.747917 0.377315 0.105208 0.213889 0.734141
0 0.485938 0.52963 0.127083 0.533333 0.767959
56 0.251302 0.511111 0.0442708 0.0611111 0.769074
24 0.129167 0.408796 0.144792 0.317593 0.842185
0 0.183333 0.553704 0.128125 0.872222 0.895298
56 0.791927 0.756481 0.265104 0.472222 0.90813
0 0.671094 0.3375 0.151562 0.402778 0.91307
56 0.330469 0.787037 0.229687 0.412963 0.931133
