56 0.667448 0.436574 0.0703125 0.108333 0.275043
60 0.677083 0.691667 0.610417 0.475926 0.286997
67 0.43151 0.630556 0.0515625 0.0259259 0.308719
24 0.466406 0.957407 0.124479 0.0777778 0.348312
24 0.567969 0.473611 0.117188 0.0712963 0.400034
0 0.308333 0.33287 0.0333333 0.0990741 0.424755
26 0.56875 0.473611 0.115625 0.0712963 0.437538
56 0.641146 0.633333 0.140625 0.490741 0.474311
24 0.661198 0.443056 0.0671875 0.087963 0.487741
39 0.345313 0.168519 0.0104167 0.0537037 0.575992
56 0.784635 0.468056 0.0817708 0.0731481 0.648577
56 0.883333 0.647222 0.211458 0.522222 0.667487
0 0.979948 0.318056 0.0401042 0.132407 0.69083
0 0.389323 0.356019 0.0473958 0.284259 0.859003
56 0.703125 0.456944 0.0333333 0.0731481 0.859093
0 0.354688 0.627315 0.266667 0.70463 0.918134
56 0.260417 0.775926 0.233333 0.435185 0.921429
56 0.135156 0.743519 0.221354 0.503704 0.923011
