0 0.0260417 0.449537 0.0510417 0.171296 0.263415
56 0.972396 0.649537 0.0552083 0.532407 0.287294
24 0.568229 0.473611 0.114583 0.0712963 0.291707
26 0.572135 0.472685 0.106771 0.0712963 0.295978
56 0.653646 0.6375 0.163542 0.476852 0.357756
24 0.68125 0.439352 0.1125 0.108333 0.396368
24 0.466146 0.957407 0.125 0.0777778 0.423359
67 0.43125 0.630093 0.0520833 0.0268519 0.446393
56 0.771615 0.46713 0.0880208 0.0712963 0.544382
39 0.345313 0.168519 0.0104167 0.0537037 0.61156
0 0.866406 0.558796 0.216146 0.802778 0.801234
0 0.378906 0.389352 0.0536458 0.223148 0.832596
0 0.354427 0.626852 0.279687 0.712963 0.903029
56 0.109375 0.743981 0.217708 0.502778 0.906397
56 0.263542 0.778704 0.239583 0.431481 0.920571
