56 0.866146 0.698611 0.233333 0.569444 0.254556
56 0.457812 0.468056 0.0208333 0.0601852 0.262089
26 0.572396 0.475926 0.1 0.0685185 0.31816
56 0.740104 0.465741 0.0864583 0.0592593 0.390387
0 0.359896 0.434259 0.04375 0.111111 0.43022
56 0.675 0.677315 0.197917 0.491667 0.499986
67 0.43125 0.631944 0.0520833 0.0268519 0.524672
24 0.465885 0.959259 0.124479 0.0777778 0.551562
24 0.652604 0.447685 0.0541667 0.0861111 0.571541
56 0.694531 0.436574 0.0536458 0.113889 0.575683
39 0.345313 0.169444 0.0104167 0.0537037 0.577143
24 0.694792 0.436111 0.053125 0.112963 0.578914
0 0.977083 0.318981 0.0447917 0.125 0.651493
56 0.110677 0.641667 0.0890625 0.25 0.788194
0 0.515625 0.493519 0.140625 0.646296 0.84147
0 0.8375 0.568056 0.214583 0.780556 0.851847
56 0.242969 0.78287 0.269271 0.423148 0.897465
0 0.159896 0.465741 0.132292 0.325926 0.906074
0 0.329427 0.628241 0.264062 0.713889 0.938172
