24 0.651563 0.443519 0.053125 0.0888889 0.32339
24 0.570052 0.474537 0.111979 0.0712963 0.329342
26 0.570312 0.474537 0.1125 0.0712963 0.384643
60 0.598437 0.719444 0.778125 0.472222 0.454694
24 0.467187 0.958333 0.123958 0.0777778 0.474553
24 0.695833 0.441204 0.0770833 0.106481 0.484926
0 0.98099 0.314352 0.0380208 0.136111 0.592314
39 0.345313 0.168981 0.0104167 0.0564815 0.662379
56 0.113802 0.7 0.100521 0.362963 0.770722
0 0.822656 0.556481 0.211979 0.735185 0.773923
0 0.351823 0.526852 0.159896 0.503704 0.779566
0 0.180469 0.539352 0.219271 0.460185 0.875807
0 0.197656 0.370833 0.109896 0.313889 0.894361
56 0.2375 0.774537 0.280208 0.437963 0.939053
