56 0.958333 0.643519 0.0833333 0.505556 0.272506
24 0.465885 0.95787 0.127604 0.0787037 0.353426
67 0.43151 0.630093 0.0515625 0.025 0.422244
24 0.678646 0.443056 0.107292 0.102778 0.547729
39 0.345313 0.167593 0.0104167 0.0537037 0.564194
67 0.803125 0.340741 0.0270833 0.0462963 0.56812
0 0.0627604 0.61713 0.124479 0.737963 0.757665
0 0.853125 0.551852 0.207292 0.740741 0.847408
0 0.370833 0.393519 0.0677083 0.222222 0.873078
56 0.679948 0.742593 0.294271 0.505556 0.893898
0 0.353646 0.617593 0.261458 0.696296 0.906379
56 0.266146 0.771759 0.230208 0.437963 0.914499
