26 0.490885 0.506944 0.103646 0.0712963 0.321879
24 0.757031 0.348148 0.144271 0.388889 0.336546
56 0.803906 0.594444 0.131771 0.325926 0.35976
56 0.254167 0.510185 0.040625 0.0611111 0.389693
60 0.557552 0.734722 0.605729 0.480556 0.401554
56 0.36849 0.474537 0.0463542 0.100926 0.425397
39 0.277604 0.189815 0.0104167 0.0555556 0.427482
56 0.559115 0.669444 0.123438 0.461111 0.658574
56 0.660156 0.501852 0.0692708 0.0648148 0.710983
24 0.795052 0.35463 0.102604 0.164815 0.7124
24 0.138542 0.4375 0.155208 0.326852 0.813519
0 0.746094 0.343519 0.122396 0.409259 0.851918
56 0.791667 0.75463 0.266667 0.47037 0.875353
0 0.445833 0.539352 0.126042 0.549074 0.893205
0 0.216146 0.560185 0.182292 0.862963 0.906605
56 0.330208 0.787037 0.229167 0.411111 0.921185
