26 0.573438 0.472685 0.104167 0.0712963 0.278945
24 0.673177 0.444907 0.0984375 0.0990741 0.316654
39 0.009375 0.522685 0.01875 0.100926 0.336096
24 0.56875 0.473148 0.113542 0.0703704 0.339416
56 0.753125 0.662963 0.147917 0.466667 0.394225
56 0.640365 0.636574 0.135937 0.473148 0.40177
56 0.157031 0.734722 0.215104 0.506481 0.413938
0 0.975 0.475463 0.05 0.0842593 0.423592
67 0.43125 0.630556 0.0520833 0.0277778 0.468852
39 0.345313 0.168056 0.0104167 0.0546296 0.565007
56 0.789323 0.46713 0.0723958 0.0731481 0.573537
56 0.113281 0.607407 0.124479 0.246296 0.578796
24 0.466146 0.958333 0.126042 0.0796296 0.614288
0 0.961979 0.313889 0.0583333 0.111111 0.651218
56 0.909115 0.65463 0.175521 0.557407 0.802722
0 0.375521 0.396296 0.0614583 0.212963 0.813666
0 0.05 0.649537 0.0989583 0.637963 0.881988
56 0.26875 0.775 0.247917 0.437037 0.90648
0 0.359115 0.624074 0.277604 0.718518 0.923075
