67 0.739323 0.464352 0.0307292 0.0324074 0.329125
56 0.638021 0.660648 0.134375 0.521296 0.345204
56 0.135417 0.613426 0.0666667 0.20463 0.379927
24 0.567969 0.475463 0.114063 0.0712963 0.390672
24 0.695312 0.4375 0.0645833 0.112037 0.40445
26 0.568229 0.475463 0.114583 0.0712963 0.408043
24 0.651823 0.448148 0.0505208 0.0833333 0.413909
56 0.182031 0.753704 0.160938 0.47963 0.475307
24 0.466146 0.959722 0.125 0.0787037 0.479848
56 0.260417 0.776389 0.263542 0.432407 0.614904
39 0.345313 0.169907 0.0104167 0.0546296 0.709607
0 0.232812 0.37037 0.0802083 0.155556 0.716175
0 0.836198 0.567593 0.215104 0.762963 0.819217
0 0.300521 0.600463 0.253125 0.750926 0.86744
0 0.378385 0.400463 0.100521 0.212037 0.868452
