0 0.421875 0.593982 0.180208 0.74537 0.352461
56 0.636719 0.6625 0.126563 0.515741 0.368016
24 0.693229 0.4375 0.059375 0.112037 0.38911
67 0.739062 0.463889 0.0270833 0.0314815 0.456792
24 0.466667 0.959259 0.123958 0.0777778 0.467007
24 0.651563 0.446759 0.0510417 0.0861111 0.47091
26 0.56875 0.475 0.113542 0.0722222 0.533295
39 0.345313 0.169907 0.0104167 0.0527778 0.659789
0 0.40026 0.364815 0.126563 0.274074 0.741323
0 0.835677 0.563426 0.217187 0.756481 0.826901
56 0.211458 0.784259 0.298958 0.418519 0.880115
0 0.170312 0.416204 0.128125 0.350926 0.900955
0 0.307552 0.626852 0.240104 0.722222 0.913269
