24 0.56849 0.473148 0.115104 0.0703704 0.254705
56 0.685417 0.440278 0.104167 0.110185 0.284587
24 0.66224 0.447685 0.0755208 0.0898148 0.30271
56 0.761458 0.660185 0.13125 0.461111 0.354744
0 0.0263021 0.651852 0.0526042 0.655556 0.437403
56 0.790104 0.46713 0.071875 0.0731481 0.54219
56 0.638542 0.637037 0.13125 0.468519 0.606011
39 0.345573 0.168519 0.0109375 0.0555556 0.620909
0 0.960417 0.314352 0.05625 0.110185 0.71612
0 0.377865 0.396759 0.0578125 0.215741 0.807634
0 0.246875 0.494444 0.489583 0.985185 0.811118
56 0.910156 0.652315 0.178646 0.558333 0.850324
