60 0.608594 0.709259 0.759896 0.488889 0.250419
56 0.742188 0.465278 0.0875 0.0601852 0.266631
24 0.652083 0.443519 0.0510417 0.0888889 0.334496
24 0.569531 0.475 0.111979 0.0703704 0.386736
26 0.570052 0.474537 0.111979 0.0712963 0.400168
56 0.648958 0.659722 0.151042 0.50463 0.409878
56 0.876823 0.698148 0.221354 0.564815 0.417331
24 0.676823 0.441204 0.0963542 0.0990741 0.445661
24 0.466927 0.958333 0.123438 0.0777778 0.468881
39 0.345313 0.169444 0.0104167 0.0555556 0.679199
56 0.109896 0.636574 0.0864583 0.256481 0.69063
0 0.844271 0.581019 0.205208 0.802778 0.789462
0 0.353125 0.532407 0.1375 0.475926 0.808422
0 0.19974 0.537963 0.215104 0.475926 0.877006
56 0.242188 0.773611 0.273958 0.441667 0.892647
