56 0.87474 0.7 0.225521 0.561111 0.295728
26 0.570052 0.474537 0.111979 0.0712963 0.318224
24 0.569531 0.474537 0.111979 0.0712963 0.371742
24 0.693229 0.439815 0.0635417 0.103704 0.441649
24 0.652083 0.44213 0.0520833 0.0898148 0.473537
24 0.467187 0.958796 0.123958 0.0768519 0.476499
56 0.642448 0.660648 0.139062 0.502778 0.507981
56 0.11224 0.64213 0.0973958 0.247222 0.572273
39 0.345313 0.169444 0.0104167 0.0555556 0.627536
0 0.34349 0.535185 0.153646 0.492593 0.79527
0 0.84375 0.578241 0.205208 0.810185 0.813652
0 0.183854 0.533796 0.217708 0.475 0.878873
0 0.153385 0.320833 0.149479 0.35463 0.906567
56 0.238802 0.773611 0.279687 0.437963 0.919624
