24 0.597656 0.476852 0.101562 0.103704 0.331201
56 0.553385 0.78287 0.111979 0.197222 0.338744
56 0.566927 0.658333 0.144271 0.440741 0.504359
56 0.713021 0.87963 0.28125 0.233333 0.548486
56 0.277083 0.603241 0.0791667 0.243519 0.572826
39 0.277604 0.190278 0.009375 0.0546296 0.589394
56 0.70651 0.484722 0.0526042 0.0268519 0.60372
56 0.15651 0.871759 0.182812 0.250926 0.605419
56 0.815625 0.498148 0.104167 0.155556 0.669928
0 0.265104 0.38287 0.101042 0.299074 0.866992
0 0.161458 0.669444 0.263542 0.65 0.926978
