56 0.795052 0.596296 0.130729 0.331481 0.308227
24 0.579948 0.485185 0.0651042 0.0796296 0.386882
60 0.552083 0.726852 0.589583 0.442593 0.393469
56 0.254167 0.509722 0.0395833 0.062037 0.460248
39 0.277604 0.189352 0.0104167 0.0546296 0.517724
56 0.66849 0.506019 0.0880208 0.0712963 0.6707
56 0.557292 0.673611 0.120833 0.458333 0.706542
24 0.810677 0.35 0.0901042 0.192593 0.736023
24 0.13724 0.428704 0.151562 0.318519 0.824764
0 0.476823 0.537037 0.126563 0.546296 0.830135
56 0.792708 0.755093 0.264583 0.471296 0.884727
0 0.739844 0.334722 0.171354 0.425 0.885706
56 0.332031 0.790278 0.226562 0.406481 0.907056
0 0.213281 0.554167 0.168229 0.876852 0.907458
