60 0.413021 0.636111 0.430208 0.233333 0.256792
56 0.865885 0.508796 0.0213542 0.137963 0.50505
39 0.277604 0.189352 0.0104167 0.0546296 0.543693
56 0.276563 0.664352 0.116667 0.443519 0.610484
24 0.274219 0.493519 0.0703125 0.0944444 0.651953
24 0.576302 0.493981 0.105729 0.141667 0.759992
0 0.385156 0.495833 0.121354 0.630556 0.892209
56 0.0929687 0.772685 0.185937 0.449074 0.894196
0 0.802865 0.389815 0.128646 0.362963 0.902947
56 0.740885 0.785648 0.251563 0.412037 0.919228
0 0.69349 0.596296 0.273438 0.787037 0.926514
0 0.152865 0.656018 0.247396 0.676852 0.939334
