27 0.219531 0.480556 0.0703125 0.116667 0.279274
24 0.597396 0.476852 0.101042 0.105556 0.283106
26 0.490625 0.506481 0.102083 0.0740741 0.326848
56 0.365625 0.462963 0.040625 0.125926 0.339399
27 0.220313 0.486574 0.025 0.0675926 0.342368
56 0.832292 0.5125 0.025 0.115741 0.392402
39 0.277865 0.190278 0.00989583 0.0546296 0.616254
56 0.705469 0.878704 0.261979 0.233333 0.659567
56 0.570052 0.654167 0.150521 0.443519 0.721922
0 0.221615 0.446759 0.134896 0.213889 0.768598
0 0.764844 0.400926 0.131771 0.342593 0.78739
0 0.447135 0.531944 0.133854 0.608333 0.848968
56 0.258333 0.783333 0.188542 0.418519 0.918733
