26 0.577865 0.473148 0.0942708 0.0703704 0.255252
24 0.678125 0.442593 0.110417 0.103704 0.27719
56 0.789323 0.467593 0.0723958 0.0722222 0.431558
67 0.43151 0.62963 0.0526042 0.0277778 0.443317
27 0.0132813 0.416667 0.0182292 0.101852 0.467582
56 0.747917 0.662963 0.155208 0.462963 0.541872
39 0.345313 0.168519 0.0104167 0.0537037 0.545979
24 0.466146 0.958796 0.125 0.0787037 0.564167
56 0.646094 0.635185 0.149479 0.477778 0.576376
56 0.145313 0.575926 0.0677083 0.196296 0.66529
0 0.375781 0.39537 0.0609375 0.214815 0.755698
56 0.897917 0.659722 0.155208 0.567593 0.777931
0 0.951563 0.491667 0.0958333 0.931481 0.803629
0 0.0643229 0.600926 0.127604 0.742593 0.90371
56 0.264583 0.775926 0.254167 0.438889 0.919946
0 0.360417 0.624074 0.280208 0.718518 0.924616
