65 0.43151 0.630093 0.0505208 0.0268519 0.273231
26 0.578906 0.473148 0.0921875 0.0703704 0.295524
24 0.572396 0.473148 0.105208 0.0703704 0.297708
67 0.43125 0.630093 0.0520833 0.0268519 0.362805
24 0.680729 0.438889 0.1125 0.107407 0.373945
56 0.653125 0.638426 0.163542 0.489815 0.422602
56 0.78125 0.46713 0.0854167 0.0731481 0.583662
24 0.466667 0.958333 0.125 0.0796296 0.590716
39 0.345313 0.168519 0.0104167 0.0537037 0.600625
0 0.879427 0.574537 0.228646 0.828704 0.804971
0 0.376042 0.397222 0.0614583 0.211111 0.830295
56 0.261458 0.776389 0.235417 0.436111 0.920116
0 0.360156 0.622685 0.284896 0.713889 0.924892
56 0.108594 0.742593 0.217187 0.503704 0.927403
