56 0.696354 0.437037 0.0583333 0.114815 0.274056
24 0.572656 0.475463 0.106771 0.0712963 0.285703
0 0.969271 0.310185 0.0583333 0.12037 0.320441
67 0.43099 0.63287 0.0526042 0.0268519 0.338948
26 0.574479 0.474537 0.103125 0.0712963 0.353844
67 0.738281 0.464352 0.0265625 0.0287037 0.36876
24 0.69401 0.4375 0.0567708 0.112037 0.481926
24 0.651563 0.446296 0.0520833 0.0888889 0.521502
24 0.466146 0.958796 0.122917 0.0768519 0.52682
39 0.345313 0.17037 0.0104167 0.0537037 0.544262
56 0.639844 0.659259 0.139062 0.522222 0.558989
0 0.368229 0.395833 0.0645833 0.212037 0.592303
56 0.108333 0.640278 0.0833333 0.250926 0.828767
0 0.836198 0.560648 0.217187 0.75463 0.845365
0 0.164583 0.464352 0.130208 0.319444 0.86232
0 0.0333333 0.584259 0.0666667 0.67963 0.902673
56 0.239844 0.783796 0.270312 0.421296 0.910451
0 0.317448 0.63287 0.257812 0.708333 0.924897
