60 0.495573 0.733333 0.728646 0.507407 0.267578
26 0.49349 0.506481 0.0973958 0.0740741 0.288886
56 0.553906 0.781482 0.110937 0.196296 0.292694
56 0.364844 0.465278 0.0442708 0.119444 0.338904
67 0.666927 0.355093 0.0244792 0.0361111 0.363456
56 0.560417 0.656018 0.129167 0.439815 0.486704
56 0.266146 0.509259 0.0541667 0.0648148 0.527092
39 0.277865 0.189815 0.00989583 0.0537037 0.553466
56 0.817187 0.507407 0.0510417 0.124074 0.672358
56 0.705208 0.878704 0.2625 0.233333 0.685756
0 0.732813 0.401852 0.164583 0.314815 0.784598
0 0.447135 0.522685 0.132812 0.621296 0.851184
56 0.257292 0.783333 0.191667 0.416667 0.886083
0 0.116927 0.614815 0.134896 0.581481 0.916613
