56 0.65 0.634259 0.157292 0.487037 0.267845
24 0.56901 0.474537 0.113021 0.0712963 0.307015
24 0.663021 0.441667 0.075 0.0944444 0.331371
26 0.569531 0.474074 0.113021 0.0703704 0.350956
24 0.467187 0.958333 0.123958 0.0777778 0.45956
24 0.690885 0.441204 0.0807292 0.106481 0.486984
60 0.616406 0.725 0.751562 0.498148 0.501993
39 0.345313 0.168519 0.0104167 0.0537037 0.623097
0 0.973437 0.310648 0.053125 0.136111 0.680267
56 0.116667 0.704167 0.109375 0.375 0.817189
0 0.344531 0.523611 0.136979 0.506481 0.823942
0 0.823177 0.546759 0.209896 0.687963 0.851026
0 0.149479 0.296759 0.0927083 0.289815 0.880442
0 0.196875 0.539815 0.197917 0.459259 0.905528
56 0.238281 0.772222 0.278646 0.440741 0.931482
