56 0.575781 0.636574 0.158854 0.44537 0.333173
39 0.277865 0.189352 0.00989583 0.0546296 0.504087
0 0.457292 0.534259 0.0979167 0.546296 0.585596
56 0.864062 0.536111 0.0447917 0.190741 0.613886
0 0.458594 0.390278 0.0911458 0.249074 0.666711
24 0.588802 0.492593 0.134896 0.144444 0.708163
0 0.278125 0.441667 0.0875 0.192593 0.839821
56 0.123958 0.789352 0.161458 0.40463 0.849836
0 0.813281 0.393056 0.106771 0.349074 0.905884
56 0.74401 0.781944 0.249479 0.421296 0.912193
0 0.685938 0.601852 0.282292 0.777778 0.936739
0 0.235417 0.653241 0.225 0.680556 0.942473
