60 0.618229 0.700926 0.720833 0.5 0.27285
56 0.671094 0.664815 0.195312 0.492593 0.278884
26 0.582812 0.475463 0.0833333 0.0675926 0.310691
24 0.651563 0.444907 0.0520833 0.0861111 0.328742
56 0.878125 0.699537 0.215625 0.567593 0.433726
24 0.466927 0.958333 0.123438 0.0777778 0.440599
24 0.675521 0.440741 0.0989583 0.101852 0.545776
56 0.153125 0.64537 0.155208 0.251852 0.5936
39 0.345052 0.169907 0.00989583 0.0564815 0.60527
0 0.528125 0.535648 0.103125 0.523148 0.650181
0 0.844792 0.577315 0.205208 0.810185 0.797434
0 0.193229 0.531944 0.186458 0.469444 0.90224
56 0.242448 0.775926 0.272396 0.433333 0.918301
