60 0.651302 0.719444 0.666146 0.494444 0.30262
67 0.390104 0.46713 0.0177083 0.0231481 0.311146
56 0.829948 0.676852 0.160938 0.461111 0.362613
26 0.547396 0.475 0.133333 0.0722222 0.464287
67 0.864844 0.434722 0.0380208 0.0194444 0.485098
0 0.260417 0.543981 0.188542 0.476852 0.640406
0 0.711979 0.569907 0.176042 0.64537 0.687386
39 0.345313 0.170833 0.009375 0.0546296 0.69285
0 0.922396 0.552778 0.154167 0.755556 0.71744
0 0.23724 0.301389 0.0713542 0.191667 0.851796
0 0.364844 0.419907 0.132812 0.191667 0.860994
56 0.19349 0.75463 0.181771 0.487037 0.913322
