56 0.973958 0.645833 0.0510417 0.547222 0.324367
24 0.466667 0.95787 0.123958 0.0787037 0.388124
39 0.345313 0.168519 0.0104167 0.0537037 0.523496
56 0.769531 0.466667 0.0296875 0.0648148 0.526974
24 0.673958 0.444444 0.096875 0.0981481 0.557299
67 0.815885 0.463426 0.0369792 0.025 0.717489
0 0.864323 0.530093 0.222396 0.776852 0.83725
0 0.368229 0.394444 0.0645833 0.22037 0.849853
56 0.680729 0.743056 0.296875 0.50463 0.89876
56 0.270312 0.76713 0.236458 0.449074 0.903857
0 0.346875 0.621759 0.247917 0.706481 0.909283
