26 0.571875 0.475 0.108333 0.0703704 0.30931
24 0.570573 0.475463 0.109896 0.0712963 0.312362
56 0.641927 0.668519 0.134896 0.498148 0.417145
56 0.739323 0.464815 0.0838542 0.0574074 0.425129
67 0.43099 0.631944 0.0526042 0.0268519 0.447307
24 0.651823 0.452778 0.0515625 0.0722222 0.477659
0 0.977083 0.32037 0.0458333 0.122222 0.501491
24 0.466667 0.959259 0.123958 0.0777778 0.54077
39 0.345313 0.169444 0.0104167 0.0555556 0.620768
56 0.1125 0.64213 0.09375 0.250926 0.750687
0 0.697135 0.318519 0.127604 0.340741 0.849352
0 0.83724 0.57037 0.214062 0.777778 0.858459
56 0.240625 0.780093 0.264583 0.426852 0.878297
0 0.169531 0.476852 0.128646 0.346296 0.884352
0 0.335156 0.63287 0.272396 0.712037 0.934448
