56 0.667708 0.443981 0.0854167 0.0972222 0.282211
26 0.569531 0.473611 0.110937 0.0712963 0.286318
0 0.470052 0.508333 0.0963542 0.635185 0.306387
24 0.683854 0.443056 0.110417 0.100926 0.311232
67 0.43125 0.631019 0.0510417 0.0268519 0.366749
24 0.56875 0.474074 0.1125 0.0703704 0.370144
56 0.648438 0.639352 0.15625 0.506481 0.380671
0 0.733073 0.289815 0.0546875 0.194444 0.412885
56 0.507812 0.415741 0.0364583 0.0907407 0.434207
24 0.651302 0.445833 0.0526042 0.0842593 0.481942
56 0.700521 0.441204 0.0770833 0.106481 0.512948
24 0.466667 0.958796 0.125 0.0787037 0.584215
39 0.345313 0.168056 0.0104167 0.0527778 0.584911
56 0.13724 0.755093 0.160938 0.471296 0.677859
0 0.154948 0.468519 0.172396 0.355556 0.726301
0 0.470052 0.343981 0.0859375 0.299074 0.824589
56 0.26276 0.775 0.233854 0.435185 0.830381
0 0.93776 0.494907 0.124479 0.982407 0.88984
0 0.35651 0.626852 0.273438 0.707407 0.918396
0 0.838021 0.496296 0.1875 0.985185 0.931339
