26 0.489844 0.506019 0.102604 0.0731481 0.310155
60 0.494792 0.736111 0.704167 0.498148 0.339262
67 0.664844 0.356944 0.0244792 0.0416667 0.341153
56 0.366146 0.463426 0.0447917 0.123148 0.347786
56 0.554167 0.781018 0.116667 0.191667 0.362181
56 0.561198 0.686574 0.131771 0.391667 0.399525
39 0.277865 0.190278 0.00989583 0.0546296 0.617078
56 0.817448 0.50787 0.0505208 0.126852 0.623855
56 0.704687 0.879167 0.261458 0.234259 0.673281
0 0.221094 0.451852 0.133854 0.212963 0.746878
0 0.73151 0.398148 0.166146 0.303704 0.786231
0 0.447917 0.521296 0.133333 0.622222 0.798292
56 0.258073 0.783333 0.189063 0.42037 0.92093
