56 0.554688 0.778241 0.11875 0.197222 0.254835
56 0.573698 0.636111 0.159896 0.451852 0.325191
56 0.858333 0.511574 0.0510417 0.152778 0.51675
39 0.277604 0.189352 0.0104167 0.0546296 0.575246
24 0.589323 0.490741 0.136979 0.148148 0.74105
56 0.288021 0.500926 0.0635417 0.0648148 0.776502
0 0.13125 0.448148 0.133333 0.498148 0.860969
56 0.13151 0.789352 0.176563 0.400926 0.89606
56 0.747656 0.785185 0.253646 0.416667 0.898264
0 0.814062 0.3875 0.108333 0.358333 0.905418
0 0.690885 0.594907 0.279687 0.793519 0.93046
0 0.271094 0.656018 0.284896 0.667593 0.952179
