56 0.553125 0.781944 0.113542 0.197222 0.255401
24 0.597656 0.476389 0.101562 0.10463 0.374863
56 0.715104 0.87963 0.285417 0.233333 0.527179
56 0.566927 0.656482 0.144271 0.442593 0.559447
39 0.277865 0.189352 0.0109375 0.0546296 0.584303
56 0.70651 0.485185 0.0526042 0.0277778 0.691282
56 0.815365 0.497685 0.104687 0.150926 0.70582
56 0.264323 0.510185 0.0515625 0.062963 0.719785
0 0.26875 0.452778 0.0875 0.17037 0.899337
0 0.946875 0.508333 0.10625 0.962963 0.904124
56 0.142969 0.7875 0.228646 0.413889 0.918485
0 0.208073 0.659259 0.241146 0.664815 0.937474
