24 0.327865 0.956944 0.0526042 0.0824074 0.265152
24 0.490625 0.508796 0.111458 0.0712963 0.268461
60 0.41224 0.613889 0.446354 0.22963 0.311885
56 0.263542 0.510185 0.0541667 0.0592593 0.333151
24 0.597396 0.477315 0.101042 0.10463 0.373401
41 0.929948 0.143519 0.0901042 0.264815 0.417157
56 0.555469 0.776389 0.119271 0.202778 0.456082
39 0.277604 0.189352 0.0104167 0.0527778 0.563014
56 0.645573 0.878704 0.144271 0.235185 0.817841
56 0.142708 0.776852 0.205208 0.431481 0.850668
67 0.936719 0.142593 0.107813 0.277778 0.861649
0 0.265365 0.388889 0.0807292 0.285185 0.90668
0 0.859635 0.492593 0.276563 0.983333 0.921433
0 0.197135 0.65463 0.198437 0.627778 0.932377
