56 0.696094 0.436574 0.0578125 0.113889 0.274475
67 0.740365 0.463889 0.0307292 0.0296296 0.301586
24 0.569271 0.475463 0.113542 0.0712963 0.33549
26 0.569531 0.474537 0.114063 0.0712963 0.34225
67 0.43125 0.631944 0.0520833 0.0268519 0.344419
0 0.972396 0.317593 0.0552083 0.118519 0.381115
24 0.465885 0.958333 0.124479 0.0777778 0.462028
24 0.694531 0.436574 0.0546875 0.112037 0.469125
24 0.651823 0.445833 0.0515625 0.0898148 0.527143
56 0.642448 0.660185 0.142188 0.516667 0.560433
39 0.345313 0.169444 0.0104167 0.0537037 0.586274
56 0.113281 0.634259 0.0921875 0.255556 0.757838
0 0.835417 0.565741 0.217708 0.766667 0.84941
0 0.165365 0.473611 0.143229 0.349074 0.891599
56 0.242969 0.77963 0.271354 0.427778 0.898915
0 0.331771 0.631944 0.2625 0.700926 0.91396
