56 0.651042 0.503241 0.0489583 0.0638889 0.306756
24 0.595312 0.475926 0.0979167 0.103704 0.347043
60 0.561979 0.735648 0.598958 0.463889 0.37397
56 0.254687 0.509259 0.0385417 0.0574074 0.426995
39 0.277604 0.189352 0.0104167 0.0546296 0.528025
56 0.773177 0.568981 0.138021 0.276852 0.588148
56 0.559375 0.674537 0.126042 0.465741 0.612988
0 0.901042 0.343056 0.0479167 0.180556 0.681649
24 0.766667 0.354167 0.113542 0.187963 0.725071
0 0.707292 0.333333 0.107292 0.409259 0.81269
24 0.134115 0.417593 0.144271 0.322222 0.831225
0 0.472396 0.536574 0.128125 0.537963 0.833599
56 0.791927 0.756481 0.266146 0.47037 0.909188
0 0.195312 0.550926 0.148958 0.87963 0.910744
56 0.33125 0.788426 0.228125 0.410185 0.922676
