56 0.553646 0.781482 0.109375 0.196296 0.27706
56 0.3625 0.452315 0.046875 0.14537 0.322449
26 0.491146 0.506481 0.101042 0.0740741 0.33258
67 0.665365 0.356019 0.0234375 0.0342593 0.431717
24 0.183594 0.465741 0.111979 0.155556 0.432559
56 0.260417 0.515741 0.04375 0.05 0.474894
56 0.563802 0.655093 0.136979 0.441667 0.510748
39 0.277865 0.189815 0.00989583 0.0537037 0.537464
56 0.817448 0.512963 0.0515625 0.137037 0.587304
56 0.705208 0.878704 0.2625 0.233333 0.693408
0 0.733333 0.428241 0.165625 0.363889 0.808873
0 0.447396 0.521759 0.132292 0.621296 0.848607
0 0.155729 0.625463 0.122917 0.550926 0.849879
56 0.254948 0.783796 0.196354 0.417593 0.866985
