56 0.696354 0.437037 0.0583333 0.114815 0.268033
67 0.7375 0.464352 0.0260417 0.0287037 0.302943
26 0.569271 0.475 0.113542 0.0703704 0.318125
24 0.56849 0.475 0.114063 0.0703704 0.345727
56 0.63724 0.662037 0.129688 0.516667 0.382433
24 0.69375 0.4375 0.0583333 0.112037 0.423686
24 0.466927 0.959259 0.123438 0.0777778 0.474701
24 0.652344 0.448148 0.0515625 0.0851852 0.511946
39 0.345313 0.169907 0.0104167 0.0546296 0.635296
0 0.242448 0.342593 0.0713542 0.183333 0.819242
0 0.836198 0.565278 0.218229 0.760185 0.828565
56 0.103906 0.743981 0.207813 0.489815 0.83029
0 0.308073 0.633796 0.240104 0.708333 0.916267
56 0.238542 0.783796 0.251042 0.419444 0.91903
