56 0.636458 0.661574 0.130208 0.517593 0.384397
24 0.567448 0.475463 0.114063 0.0712963 0.389888
24 0.466667 0.958796 0.123958 0.0768519 0.411431
26 0.567708 0.475463 0.114583 0.0712963 0.417722
67 0.740885 0.464352 0.0317708 0.0342593 0.419766
24 0.651823 0.450926 0.0505208 0.0777778 0.445234
24 0.696875 0.438426 0.0697917 0.113889 0.470518
39 0.345313 0.169907 0.0104167 0.0546296 0.596217
0 0.0723958 0.556019 0.144792 0.862037 0.811182
0 0.835938 0.564815 0.216667 0.759259 0.833521
56 0.245312 0.775 0.244792 0.437037 0.853768
0 0.310417 0.62037 0.219792 0.731481 0.922561
