67 0.43151 0.62963 0.0505208 0.0240741 0.253512
24 0.466927 0.95787 0.124479 0.0787037 0.451709
56 0.959896 0.64213 0.0802083 0.537963 0.498984
39 0.345573 0.167593 0.0109375 0.0537037 0.533075
24 0.680469 0.441667 0.110937 0.105556 0.546871
67 0.809896 0.325 0.0270833 0.0666667 0.631465
0 0.855208 0.539815 0.2 0.75 0.819565
0 0.372135 0.388426 0.0630208 0.223148 0.822535
56 0.680729 0.743519 0.296875 0.503704 0.887858
0 0.35651 0.620833 0.265104 0.700926 0.890053
56 0.26849 0.769444 0.234896 0.444444 0.922418
