56 0.696354 0.4375 0.0583333 0.113889 0.281007
24 0.466146 0.958333 0.122917 0.0777778 0.320064
56 0.6375 0.661111 0.132292 0.522222 0.391377
26 0.569531 0.475463 0.110937 0.0712963 0.426188
24 0.695052 0.4375 0.0567708 0.112037 0.449052
67 0.740104 0.465741 0.0302083 0.0333333 0.469374
24 0.652083 0.446759 0.0520833 0.087963 0.54208
39 0.345313 0.169907 0.0104167 0.0546296 0.649908
0 0.83724 0.565741 0.217187 0.761111 0.811645
56 0.285677 0.488889 0.0494792 0.0574074 0.815424
56 0.273177 0.769907 0.251563 0.439815 0.832876
0 0.265104 0.418981 0.146875 0.271296 0.892759
0 0.365365 0.40463 0.124479 0.222222 0.903635
0 0.140885 0.519907 0.144271 0.937963 0.921644
