0 0.491146 0.386111 0.13125 0.246296 0.294028
24 0.719531 0.339352 0.172396 0.356481 0.3073
60 0.547917 0.729167 0.639583 0.487963 0.399117
39 0.277604 0.188889 0.0104167 0.0537037 0.430765
56 0.58724 0.668056 0.188021 0.473148 0.432686
56 0.788021 0.570833 0.107292 0.276852 0.533363
24 0.754427 0.371296 0.120312 0.212963 0.73428
56 0.245052 0.510648 0.0578125 0.062037 0.744841
0 0.492969 0.531482 0.135937 0.527778 0.787921
0 0.688281 0.332407 0.121354 0.405556 0.831345
24 0.113021 0.424074 0.129167 0.311111 0.852483
56 0.792448 0.755556 0.264062 0.472222 0.906503
0 0.177865 0.560185 0.146354 0.857407 0.912703
56 0.330729 0.787963 0.229167 0.411111 0.930308
