24 0.416667 0.978704 0.117708 0.0388889 0.274783
64 0.416927 0.547222 0.0182292 0.0222222 0.297225
26 0.531771 0.489815 0.0958333 0.0722222 0.371781
56 0.844271 0.650463 0.111458 0.462037 0.385866
67 0.388802 0.660648 0.0515625 0.025 0.388906
39 0.309635 0.170833 0.00989583 0.0564815 0.571729
56 0.703646 0.756481 0.2875 0.464815 0.771377
0 0.895833 0.278241 0.132292 0.258333 0.858725
0 0.791667 0.375 0.15625 0.331481 0.879549
56 0.177344 0.787963 0.250521 0.411111 0.925056
0 0.620833 0.580093 0.260417 0.813889 0.937232
0 0.277604 0.641667 0.295833 0.698148 0.943227
