27 0.51849 0.423611 0.0109375 0.121296 0.31164
60 0.507552 0.719907 0.653646 0.54537 0.330312
26 0.328646 0.957407 0.0510417 0.0814815 0.349713
56 0.554688 0.787037 0.115625 0.214815 0.380448
24 0.328125 0.957407 0.0520833 0.0814815 0.392268
39 0.277604 0.189352 0.009375 0.0546296 0.522854
0 0.51276 0.376852 0.122396 0.224074 0.525708
24 0.601042 0.49213 0.14375 0.141667 0.62913
56 0.777344 0.494444 0.104687 0.124074 0.695154
56 0.25625 0.693981 0.152083 0.430556 0.720648
0 0.5125 0.535648 0.130208 0.547222 0.824683
0 0.736719 0.336574 0.164062 0.421296 0.835642
0 0.610417 0.30787 0.0854167 0.249074 0.856234
56 0.805729 0.77037 0.242708 0.446296 0.861159
56 0.167448 0.774537 0.202604 0.436111 0.929622
0 0.115885 0.564352 0.180729 0.793519 0.942097
