56 0.925 0.533333 0.078125 0.246296 0.255062
24 0.56849 0.474537 0.111979 0.0712963 0.345688
26 0.56875 0.474537 0.1125 0.0712963 0.353117
24 0.652604 0.44213 0.05625 0.0916667 0.362195
60 0.617708 0.720833 0.738542 0.500926 0.465926
0 0.0208333 0.584722 0.0416667 0.339815 0.477729
24 0.466927 0.958333 0.124479 0.0777778 0.480653
24 0.694531 0.441204 0.0755208 0.106481 0.497199
39 0.345313 0.168981 0.0104167 0.0546296 0.543634
0 0.0984375 0.383333 0.0479167 0.109259 0.556733
56 0.10599 0.641667 0.0901042 0.25 0.693793
0 0.975781 0.312037 0.0484375 0.131481 0.731304
0 0.349219 0.535185 0.129688 0.525926 0.810758
0 0.824479 0.552778 0.209375 0.694444 0.853625
0 0.174479 0.324074 0.1125 0.346296 0.868948
0 0.1875 0.534259 0.225 0.47037 0.905534
56 0.23724 0.771759 0.282813 0.44537 0.915362
