56 0.739844 0.465741 0.0869792 0.0592593 0.370739
26 0.576042 0.476389 0.0958333 0.0675926 0.391939
0 0.977344 0.320833 0.0453125 0.119444 0.443608
67 0.43151 0.631944 0.0515625 0.0268519 0.461896
0 0.359635 0.436574 0.0453125 0.106481 0.506126
56 0.678906 0.678704 0.199479 0.490741 0.527028
24 0.652604 0.448611 0.053125 0.0861111 0.54022
24 0.465885 0.959259 0.124479 0.0777778 0.564336
39 0.345313 0.169444 0.0104167 0.0537037 0.564398
24 0.694531 0.436574 0.0526042 0.112037 0.587136
56 0.694531 0.436574 0.0526042 0.112037 0.644255
56 0.110937 0.641204 0.090625 0.250926 0.735253
0 0.519792 0.492593 0.136458 0.646296 0.822432
0 0.8375 0.572222 0.215625 0.785185 0.84815
56 0.243229 0.782407 0.267708 0.424074 0.893768
0 0.159896 0.465741 0.132292 0.325926 0.903861
0 0.329688 0.629167 0.264583 0.712037 0.936105
