56 0.698698 0.4375 0.0640625 0.115741 0.26844
24 0.466146 0.959259 0.123958 0.0777778 0.364412
24 0.568229 0.475463 0.1125 0.0712963 0.383674
67 0.739323 0.464815 0.0286458 0.0314815 0.387895
24 0.696354 0.437963 0.0625 0.112963 0.393708
56 0.639844 0.6625 0.134896 0.515741 0.433854
24 0.651823 0.44537 0.0526042 0.0907407 0.452426
26 0.568229 0.475 0.113542 0.0722222 0.457533
39 0.345313 0.169907 0.0104167 0.0546296 0.656111
0 0.835938 0.564815 0.217708 0.759259 0.835787
0 0.379687 0.399537 0.136458 0.208333 0.897005
56 0.239583 0.784722 0.252083 0.417593 0.907618
0 0.196094 0.424537 0.110937 0.34537 0.914646
0 0.34375 0.624537 0.315625 0.725 0.923731
