27 0.379167 0.446296 0.0145833 0.0666667 0.255509
67 0.738802 0.464352 0.0265625 0.0305556 0.322311
24 0.56875 0.475463 0.111458 0.0712963 0.368074
56 0.135417 0.647685 0.0875 0.302778 0.392789
24 0.651563 0.446296 0.05 0.087037 0.426863
24 0.466667 0.959259 0.125 0.0777778 0.432294
56 0.63776 0.661574 0.131771 0.521296 0.435363
26 0.56901 0.475 0.111979 0.0722222 0.452226
24 0.696615 0.437963 0.0671875 0.112963 0.462485
39 0.345313 0.169907 0.0104167 0.0527778 0.682114
0 0.835938 0.562037 0.217708 0.751852 0.825664
0 0.371615 0.403241 0.116146 0.213889 0.871292
0 0.213281 0.430556 0.0859375 0.353704 0.871693
56 0.239583 0.783796 0.248958 0.419444 0.918932
0 0.336198 0.62037 0.297396 0.72963 0.92477
