26 0.491146 0.506019 0.101042 0.075 0.252661
56 0.553906 0.781944 0.110937 0.19537 0.264249
56 0.36276 0.453241 0.0473958 0.14537 0.276217
0 0.126563 0.374537 0.0625 0.163889 0.278208
56 0.560417 0.656018 0.129167 0.439815 0.42111
56 0.265625 0.509259 0.0572917 0.0648148 0.471637
39 0.277865 0.190278 0.00989583 0.0546296 0.549186
56 0.817448 0.507407 0.0515625 0.124074 0.668623
56 0.705729 0.879167 0.2625 0.234259 0.675951
0 0.733073 0.4125 0.165104 0.332407 0.803388
0 0.447396 0.521759 0.133333 0.626852 0.857916
56 0.25651 0.783333 0.193229 0.416667 0.889691
0 0.107813 0.59537 0.113542 0.62037 0.893029
