24 0.650521 0.447685 0.05 0.0787037 0.320711
56 0.120833 0.639815 0.114583 0.242593 0.41878
24 0.567187 0.474074 0.114583 0.0722222 0.421176
26 0.567708 0.474074 0.113542 0.0722222 0.439573
56 0.782812 0.4625 0.0604167 0.0638889 0.452441
67 0.43151 0.630556 0.0515625 0.0259259 0.469493
24 0.467187 0.958333 0.122917 0.0777778 0.51197
24 0.682292 0.441667 0.110417 0.105556 0.526182
56 0.14375 0.749074 0.165625 0.462963 0.576027
39 0.345313 0.168519 0.0104167 0.0537037 0.591891
0 0.404167 0.358796 0.0802083 0.284259 0.809577
0 0.169531 0.483333 0.149479 0.361111 0.828057
56 0.260156 0.775926 0.229687 0.433333 0.855604
0 0.273698 0.39213 0.0869792 0.217593 0.87547
0 0.849219 0.538426 0.203646 0.749074 0.885012
0 0.358333 0.628704 0.279167 0.703704 0.920138
