0 0.972396 0.317593 0.0552083 0.118519 0.259288
26 0.56849 0.474537 0.115104 0.0712963 0.315568
67 0.43099 0.631944 0.0526042 0.0268519 0.366999
24 0.568229 0.475463 0.114583 0.0712963 0.369095
24 0.69401 0.436574 0.0546875 0.112037 0.442777
56 0.69401 0.436574 0.0546875 0.113889 0.459802
24 0.465625 0.959259 0.126042 0.0777778 0.51236
56 0.638542 0.661111 0.134375 0.518519 0.568325
24 0.652083 0.444907 0.053125 0.0916667 0.580163
39 0.345313 0.169444 0.0104167 0.0537037 0.608221
0 0.370833 0.43287 0.0520833 0.115741 0.664411
56 0.113021 0.635185 0.0916667 0.255556 0.818978
0 0.0361979 0.6875 0.0723958 0.606481 0.83204
0 0.836979 0.568056 0.215625 0.771296 0.841422
0 0.1625 0.468981 0.136458 0.336111 0.902294
0 0.333073 0.63287 0.270312 0.702778 0.909472
56 0.238281 0.781944 0.261979 0.423148 0.91168
