56 0.00703125 0.424074 0.0140625 0.124074 0.263147
24 0.567187 0.475463 0.1125 0.0712963 0.294903
24 0.674479 0.439815 0.096875 0.105556 0.371563
24 0.652083 0.449074 0.0520833 0.0814815 0.397217
26 0.567448 0.474537 0.115104 0.0712963 0.430525
56 0.345833 0.477315 0.040625 0.0564815 0.460948
24 0.466667 0.959259 0.125 0.0777778 0.505855
67 0.740104 0.464352 0.0302083 0.0305556 0.536909
56 0.63776 0.659722 0.134896 0.521296 0.570741
39 0.345052 0.169907 0.00989583 0.0546296 0.611403
0 0.275781 0.288426 0.102604 0.237963 0.615639
0 0.0916667 0.456019 0.183333 0.449074 0.657238
0 0.836198 0.560185 0.218229 0.75 0.827329
56 0.102344 0.743056 0.203646 0.484259 0.831585
56 0.239323 0.777778 0.253646 0.42963 0.915669
0 0.322917 0.631019 0.265625 0.713889 0.939034
