0 0.96849 0.272685 0.0630208 0.193519 0.341249
24 0.693229 0.4375 0.0645833 0.112037 0.396104
26 0.567969 0.475 0.116146 0.0703704 0.403054
24 0.567708 0.475463 0.115625 0.0712963 0.404525
67 0.740365 0.462963 0.0286458 0.0296296 0.421458
24 0.651302 0.447222 0.0505208 0.0851852 0.458216
56 0.636719 0.661574 0.128646 0.515741 0.466705
24 0.466927 0.959259 0.123438 0.0777778 0.550241
39 0.345313 0.169907 0.0104167 0.0546296 0.58211
56 0.104687 0.736574 0.197917 0.499074 0.817814
0 0.835417 0.564352 0.216667 0.758333 0.826403
0 0.0395833 0.568056 0.0791667 0.636111 0.902395
56 0.238542 0.783796 0.254167 0.417593 0.908517
0 0.196354 0.400463 0.0927083 0.449074 0.911534
0 0.316927 0.62963 0.261979 0.714815 0.924541
