24 0.480208 0.753704 0.0760417 0.168519 0.287059
67 0.825521 0.366667 0.0385417 0.0222222 0.291744
56 0.781771 0.628241 0.0645833 0.369444 0.341469
56 0.695312 0.798611 0.244792 0.165741 0.351847
67 0.390625 0.465741 0.0177083 0.0240741 0.413262
26 0.547135 0.475463 0.125521 0.0731481 0.459583
56 0.984375 0.51713 0.03125 0.263889 0.493608
0 0.253646 0.5375 0.175 0.471296 0.653572
39 0.345573 0.170833 0.00989583 0.0546296 0.688548
0 0.711979 0.572222 0.18125 0.644444 0.707973
0 0.365104 0.421296 0.132292 0.188889 0.8613
56 0.19401 0.755093 0.182812 0.486111 0.910002
0 0.891927 0.489815 0.198437 0.961111 0.921159
