24 0.651302 0.444444 0.0515625 0.087037 0.265281
56 0.926302 0.52963 0.0734375 0.238889 0.268647
26 0.56875 0.474074 0.113542 0.0703704 0.274206
24 0.567708 0.474537 0.114583 0.0712963 0.278578
59 0.416667 0.426852 0.0947917 0.140741 0.28746
26 0.0330729 0.521296 0.0640625 0.251852 0.394366
24 0.466927 0.958796 0.124479 0.0787037 0.503267
24 0.679427 0.441204 0.103646 0.10463 0.505363
0 0.976302 0.313889 0.0463542 0.137037 0.552579
60 0.620313 0.725463 0.740625 0.499074 0.565547
0 0.341667 0.490741 0.136458 0.444444 0.604041
39 0.345313 0.168981 0.0104167 0.0546296 0.640277
0 0.034375 0.555093 0.06875 0.873148 0.69609
56 0.107552 0.637037 0.0932292 0.244444 0.834678
0 0.823958 0.550926 0.207292 0.701852 0.855786
0 0.201302 0.535185 0.200521 0.466667 0.906986
56 0.236979 0.773148 0.282292 0.442593 0.925827
