60 0.452083 0.740741 0.213542 0.459259 0.277838
24 0.466667 0.95787 0.123958 0.0787037 0.445812
56 0.960417 0.641204 0.0791667 0.536111 0.497575
39 0.345313 0.168056 0.0104167 0.0546296 0.527364
24 0.679688 0.44213 0.110417 0.10463 0.536348
67 0.810677 0.314815 0.0276042 0.0685185 0.691567
0 0.375 0.386111 0.0583333 0.216667 0.718183
0 0.857813 0.539352 0.19375 0.749074 0.815072
0 0.354427 0.618981 0.258854 0.697222 0.883503
56 0.68099 0.743056 0.298438 0.50463 0.897821
56 0.269531 0.768056 0.235938 0.447222 0.906887
