60 0.425 0.744907 0.427083 0.489815 0.251012
56 0.554427 0.779167 0.116146 0.199074 0.271335
39 0.277865 0.189352 0.00989583 0.0546296 0.483346
24 0.580208 0.49537 0.113542 0.138889 0.708718
56 0.274479 0.677778 0.119792 0.412963 0.761581
0 0.8375 0.512963 0.111458 0.316667 0.762758
56 0.116146 0.773148 0.211458 0.448148 0.793674
0 0.399219 0.50787 0.122396 0.636111 0.84989
0 0.084375 0.431944 0.0979167 0.317593 0.878303
56 0.74401 0.783796 0.249479 0.419444 0.914275
0 0.19375 0.655556 0.238542 0.675926 0.919744
0 0.68099 0.60463 0.252604 0.774074 0.937171
