67 0.431771 0.62963 0.0510417 0.0259259 0.280844
24 0.582292 0.468981 0.0854167 0.0564815 0.289185
56 0.965104 0.640741 0.0697917 0.544444 0.402615
24 0.467187 0.95787 0.125 0.0787037 0.427092
56 0.68125 0.440278 0.113542 0.110185 0.430896
39 0.345313 0.168056 0.0104167 0.0527778 0.530659
24 0.680729 0.441204 0.111458 0.106481 0.568568
0 0.961719 0.312037 0.0567708 0.116667 0.73548
67 0.825 0.347685 0.0291667 0.0638889 0.762186
0 0.855729 0.533796 0.197917 0.760185 0.824946
0 0.36849 0.393981 0.0598958 0.221296 0.832461
0 0.354688 0.623611 0.261458 0.702778 0.874901
56 0.68125 0.742593 0.297917 0.505556 0.892944
56 0.266927 0.768981 0.230729 0.443519 0.917143
