56 0.961458 0.649074 0.0760417 0.52963 0.275641
24 0.68151 0.439352 0.113021 0.108333 0.294458
56 0.655469 0.638889 0.167187 0.496296 0.363671
65 0.43151 0.630093 0.0515625 0.0268519 0.37841
24 0.466927 0.958333 0.124479 0.0777778 0.50842
56 0.771354 0.467593 0.0875 0.0722222 0.520476
39 0.345313 0.168519 0.0104167 0.0537037 0.589481
56 0.235938 0.496296 0.0520833 0.062963 0.702294
0 0.867188 0.575926 0.21875 0.837037 0.821924
56 0.2625 0.775 0.235417 0.442593 0.90759
0 0.357552 0.628704 0.267188 0.705556 0.918959
56 0.111719 0.743519 0.222396 0.512963 0.925657
