60 0.494531 0.73287 0.657812 0.513889 0.255678
56 0.553385 0.781482 0.113021 0.2 0.329263
56 0.263281 0.510648 0.0526042 0.0601852 0.369688
24 0.597917 0.476389 0.101042 0.10463 0.430443
56 0.56875 0.656018 0.148958 0.443519 0.529526
56 0.64401 0.879167 0.141146 0.232407 0.537675
56 0.70625 0.484722 0.053125 0.0268519 0.614661
39 0.277604 0.189352 0.0104167 0.0546296 0.630154
56 0.816146 0.497222 0.104167 0.153704 0.696016
0 0.272396 0.380093 0.104167 0.310185 0.879033
56 0.23724 0.765278 0.225521 0.458333 0.907494
