67 0.43151 0.62963 0.0505208 0.0240741 0.269022
24 0.582292 0.468981 0.0854167 0.0564815 0.294462
56 0.964583 0.639815 0.0708333 0.544444 0.395488
24 0.467187 0.95787 0.125 0.0787037 0.4185
39 0.345313 0.168056 0.0104167 0.0527778 0.524252
24 0.68099 0.441204 0.111979 0.106481 0.578115
67 0.823438 0.343519 0.028125 0.0648148 0.737198
0 0.960938 0.312963 0.0583333 0.114815 0.758626
0 0.36875 0.393519 0.0604167 0.222222 0.826678
0 0.854688 0.534259 0.201042 0.757407 0.834991
0 0.355208 0.623611 0.2625 0.70463 0.869603
56 0.68099 0.743056 0.297396 0.50463 0.891979
56 0.267448 0.768981 0.231771 0.443519 0.916467
