56 0.717188 0.861111 0.288542 0.277778 0.264872
56 0.554167 0.77963 0.114583 0.201852 0.303947
67 0.992188 0.21713 0.015625 0.165741 0.351819
24 0.597917 0.475926 0.102083 0.105556 0.394435
56 0.816927 0.500463 0.106771 0.156481 0.463943
56 0.64375 0.879167 0.141667 0.232407 0.534822
56 0.566146 0.655556 0.142708 0.444444 0.608178
39 0.278125 0.189352 0.0104167 0.0546296 0.618904
56 0.70625 0.485185 0.053125 0.0277778 0.712792
56 0.263802 0.511111 0.0526042 0.0611111 0.786466
0 0.285156 0.455556 0.0880208 0.153704 0.879811
0 0.930469 0.496296 0.138021 0.987037 0.9274
56 0.140104 0.781482 0.221875 0.425926 0.929084
0 0.192969 0.659722 0.253646 0.667593 0.944948
