0 0.367708 0.418056 0.0645833 0.175 0.250814
56 0.889323 0.656018 0.207813 0.536111 0.304197
67 0.43151 0.629167 0.0526042 0.025 0.343675
39 0.345052 0.168056 0.00989583 0.0564815 0.425628
0 0.021875 0.671759 0.04375 0.608333 0.46037
24 0.68125 0.440741 0.1125 0.107407 0.502453
24 0.465365 0.95787 0.125521 0.0787037 0.541971
67 0.804688 0.328241 0.0260417 0.0509259 0.660739
0 0.850781 0.547685 0.201562 0.736111 0.842748
56 0.679688 0.743056 0.294792 0.506481 0.90858
56 0.272656 0.771759 0.243229 0.439815 0.91039
0 0.352604 0.607407 0.259375 0.675926 0.922312
