27 0.216406 0.480093 0.0317708 0.106481 0.374874
24 0.572396 0.473611 0.10625 0.0712963 0.381312
56 0.651042 0.633796 0.161458 0.480556 0.389337
67 0.43125 0.631019 0.0510417 0.0268519 0.400771
56 0.855469 0.633796 0.120312 0.486111 0.416361
26 0.572656 0.473611 0.104687 0.0712963 0.419827
24 0.702083 0.441204 0.075 0.106481 0.421861
56 0.858073 0.451389 0.0359375 0.117593 0.471049
24 0.652083 0.443519 0.053125 0.087037 0.509582
56 0.702604 0.441667 0.0729167 0.109259 0.557711
24 0.466667 0.958333 0.123958 0.0777778 0.563835
39 0.345573 0.168981 0.0109375 0.0546296 0.609741
0 0.933594 0.484722 0.132812 0.969444 0.630767
56 0.788802 0.468056 0.0744792 0.0731481 0.674987
56 0.159375 0.756019 0.2 0.473148 0.759796
0 0.170573 0.512037 0.132812 0.444444 0.7928
0 0.272396 0.402315 0.0864583 0.234259 0.842802
0 0.4 0.358333 0.078125 0.283333 0.877384
56 0.264062 0.775 0.2375 0.437037 0.882107
0 0.359375 0.623611 0.276042 0.706481 0.92097
