56 0.274479 0.49537 0.0697917 0.087037 0.417589
60 0.41901 0.751389 0.430729 0.463889 0.476508
56 0.538021 0.781944 0.0854167 0.193519 0.4951
39 0.277344 0.189352 0.00989583 0.0546296 0.512703
24 0.572396 0.493519 0.102083 0.140741 0.622646
0 0.18125 0.375463 0.1875 0.219444 0.792536
0 0.400521 0.509722 0.123958 0.637963 0.892468
56 0.116667 0.773148 0.2125 0.448148 0.899711
56 0.744531 0.78287 0.250521 0.421296 0.920771
0 0.84375 0.484259 0.15 0.346296 0.923352
0 0.194792 0.652778 0.238542 0.675926 0.92701
0 0.682031 0.608333 0.225521 0.761111 0.93628
