56 0.71849 0.67037 0.144271 0.468519 0.251823
56 0.80651 0.686574 0.185937 0.467593 0.278428
0 0.713542 0.318056 0.114583 0.365741 0.305592
24 0.567448 0.475463 0.115104 0.0712963 0.334906
56 0.635417 0.6625 0.125 0.510185 0.352205
26 0.567448 0.475 0.115104 0.0703704 0.376963
0 0.696094 0.531944 0.154687 0.797222 0.401777
67 0.848958 0.4625 0.03125 0.0268519 0.448047
24 0.652083 0.445833 0.0510417 0.087963 0.527526
0 0.263281 0.63287 0.188021 0.671296 0.582814
39 0.345313 0.169907 0.0104167 0.0546296 0.6762
0 0.89375 0.580093 0.2125 0.786111 0.805273
0 0.357292 0.402315 0.134375 0.225 0.877477
56 0.19375 0.755093 0.182292 0.486111 0.913324
