56 0.766146 0.638889 0.121875 0.425926 0.257798
56 0.666406 0.442593 0.0765625 0.0962963 0.287234
26 0.568229 0.473611 0.117708 0.0712963 0.337058
56 0.432031 0.451389 0.0338542 0.0898148 0.349045
24 0.567708 0.473148 0.117708 0.0703704 0.354765
67 0.431771 0.630093 0.0510417 0.0268519 0.355138
24 0.664583 0.443519 0.0739583 0.0888889 0.561271
26 0.51224 0.421296 0.0598958 0.133333 0.56313
39 0.345313 0.168519 0.0104167 0.0537037 0.570576
24 0.466667 0.958796 0.125 0.0787037 0.585177
56 0.77526 0.468056 0.101562 0.0731481 0.594801
0 0.752604 0.281019 0.0916667 0.19537 0.620255
56 0.641406 0.635185 0.142188 0.47963 0.624091
56 0.863281 0.65 0.165104 0.527778 0.691215
0 0.484635 0.337037 0.102604 0.307407 0.725422
0 0.95026 0.476852 0.0984375 0.859259 0.729402
56 0.702865 0.456944 0.0338542 0.0731481 0.843214
56 0.267708 0.775 0.248958 0.438889 0.922629
0 0.358594 0.627315 0.273438 0.710185 0.923668
56 0.135677 0.743519 0.222396 0.505556 0.926598
