26 0.489583 0.508796 0.109375 0.0712963 0.253564
24 0.489583 0.508796 0.109375 0.0712963 0.261568
60 0.440104 0.608796 0.488542 0.223148 0.263572
24 0.233333 0.823148 0.167708 0.342593 0.535826
39 0.277604 0.190278 0.0104167 0.0564815 0.645862
56 0.563542 0.656018 0.1375 0.436111 0.760926
56 0.264583 0.510648 0.0541667 0.062037 0.804135
56 0.814844 0.496759 0.105729 0.150926 0.817632
0 0.283594 0.368056 0.0723958 0.280556 0.854046
56 0.7 0.506944 0.0677083 0.0712963 0.875364
56 0.69375 0.750926 0.24375 0.483333 0.905174
0 0.124479 0.522222 0.248958 0.933333 0.956636
