24 0.652083 0.444907 0.0510417 0.0861111 0.285517
56 0.660156 0.662963 0.170312 0.498148 0.326564
60 0.611719 0.709722 0.761979 0.497222 0.338317
26 0.582812 0.475 0.0833333 0.0685185 0.341199
56 0.880469 0.698611 0.220313 0.567593 0.455175
24 0.467187 0.958333 0.123958 0.0777778 0.482475
24 0.675521 0.440741 0.0989583 0.101852 0.537768
39 0.345313 0.169907 0.0104167 0.0564815 0.633758
0 0.529948 0.531944 0.100521 0.521296 0.707203
56 0.109635 0.6375 0.0859375 0.25463 0.708087
0 0.844271 0.578704 0.205208 0.809259 0.794602
0 0.199479 0.535185 0.215625 0.477778 0.871662
56 0.242188 0.774074 0.273958 0.437037 0.931848
