56 0.817708 0.643981 0.117708 0.506481 0.295955
65 0.955469 0.72037 0.0265625 0.0314815 0.302588
60 0.610156 0.701852 0.504687 0.475926 0.303748
39 0.0893229 0.466204 0.0244792 0.0824074 0.335199
26 0.569531 0.473611 0.109896 0.0712963 0.370061
24 0.699479 0.441204 0.0802083 0.106481 0.384336
24 0.56875 0.474074 0.1125 0.0703704 0.393282
56 0.838542 0.530093 0.0697917 0.275 0.428557
56 0.856771 0.451389 0.034375 0.119444 0.434887
56 0.69974 0.441667 0.0776042 0.107407 0.451835
24 0.651302 0.444907 0.0515625 0.0842593 0.456915
56 0.653646 0.633333 0.165625 0.485185 0.463577
67 0.43125 0.631019 0.0510417 0.0268519 0.580347
24 0.466146 0.958796 0.123958 0.0787037 0.587818
39 0.345313 0.168981 0.0104167 0.0546296 0.622352
56 0.144271 0.749074 0.164583 0.485185 0.65666
56 0.789062 0.468056 0.0729167 0.075 0.671888
0 0.172917 0.463889 0.151042 0.35 0.78726
0 0.372135 0.359259 0.0776042 0.277778 0.827406
56 0.261979 0.775463 0.23125 0.436111 0.864954
0 0.93151 0.496759 0.135937 0.991667 0.9007
0 0.359635 0.628241 0.280729 0.70463 0.926953
