56 0.264323 0.511111 0.0515625 0.0592593 0.261805
56 0.553125 0.78287 0.111458 0.197222 0.330783
24 0.597917 0.476852 0.101042 0.103704 0.345326
56 0.568229 0.657407 0.146875 0.442593 0.505737
56 0.713802 0.87963 0.282813 0.233333 0.550443
56 0.277083 0.603241 0.0802083 0.243519 0.577862
56 0.153906 0.842593 0.188021 0.314815 0.588633
39 0.277604 0.190278 0.0104167 0.0546296 0.598442
56 0.70651 0.484722 0.0526042 0.0268519 0.611103
56 0.815885 0.497685 0.104687 0.15463 0.675631
0 0.265365 0.38287 0.100521 0.299074 0.875738
0 0.163542 0.667593 0.2625 0.651852 0.927722
