56 0.825521 0.475 0.0333333 0.0685185 0.351389
27 0.372135 0.444444 0.0223958 0.0981481 0.364427
24 0.566667 0.475926 0.113542 0.0703704 0.423739
26 0.567187 0.475463 0.113542 0.0712963 0.432718
56 0.683594 0.4125 0.0296875 0.0638889 0.450101
0 0.73724 0.374537 0.160938 0.269444 0.46933
0 0.734635 0.596759 0.172396 0.706481 0.548333
24 0.649479 0.452778 0.0447917 0.0703704 0.569137
67 0.859375 0.437037 0.03125 0.0222222 0.60842
39 0.345313 0.169907 0.0104167 0.0546296 0.662417
0 0.920052 0.554167 0.158854 0.765741 0.665113
0 0.253906 0.522222 0.171354 0.459259 0.678207
0 0.358333 0.402315 0.1375 0.226852 0.880373
0 0.0622396 0.511574 0.124479 0.956481 0.913057
56 0.194531 0.755556 0.179688 0.481481 0.917608
