60 0.458594 0.608796 0.374479 0.189815 0.254738
56 0.570312 0.637037 0.152083 0.446296 0.383431
56 0.1125 0.631944 0.0322917 0.113889 0.410047
39 0.277344 0.189352 0.00989583 0.0546296 0.581236
0 0.0760417 0.447685 0.090625 0.328704 0.666294
56 0.854948 0.536574 0.0609375 0.191667 0.680424
24 0.5875 0.494907 0.130208 0.137963 0.717836
0 0.26276 0.4375 0.111979 0.217593 0.890264
56 0.135156 0.788889 0.182812 0.405556 0.898693
56 0.74401 0.78287 0.247396 0.419444 0.909924
0 0.809375 0.39213 0.110417 0.349074 0.915564
0 0.685677 0.6 0.274479 0.77963 0.938664
0 0.238281 0.649537 0.246354 0.684259 0.939985
