56 0.92526 0.528704 0.0744792 0.237037 0.265152
56 0.65 0.636111 0.157292 0.488889 0.28185
24 0.571354 0.474537 0.108333 0.0712963 0.30601
0 0.347135 0.391204 0.120312 0.234259 0.339241
24 0.651563 0.443981 0.0510417 0.087963 0.342639
26 0.571615 0.474074 0.107813 0.0703704 0.356966
24 0.679167 0.441204 0.103125 0.10463 0.448568
24 0.467187 0.958333 0.123958 0.0777778 0.487074
60 0.616146 0.721759 0.745833 0.49537 0.51985
39 0.345313 0.168519 0.0104167 0.0537037 0.638328
56 0.113021 0.697685 0.0989583 0.362037 0.740117
0 0.34375 0.527315 0.127083 0.502778 0.772046
0 0.971875 0.311111 0.05625 0.127778 0.782797
0 0.824479 0.552315 0.209375 0.693519 0.858679
0 0.204688 0.5375 0.189583 0.462037 0.893529
0 0.164323 0.281481 0.0984375 0.285185 0.905413
56 0.2375 0.772685 0.282292 0.44537 0.918477
