26 0.576563 0.479167 0.0895833 0.062037 0.257605
56 0.865625 0.699074 0.23125 0.57037 0.264823
56 0.740104 0.465741 0.0864583 0.0592593 0.338933
0 0.360938 0.434722 0.0427083 0.112037 0.392159
0 0.977344 0.321296 0.0453125 0.118519 0.479626
56 0.676302 0.678704 0.199479 0.492593 0.490613
56 0.694531 0.436574 0.0536458 0.113889 0.506056
67 0.43125 0.631944 0.0520833 0.0268519 0.522493
39 0.345313 0.169444 0.0104167 0.0537037 0.527795
24 0.465885 0.958796 0.123438 0.0768519 0.555901
24 0.652865 0.45 0.0536458 0.0796296 0.563634
24 0.694271 0.436111 0.053125 0.111111 0.591004
56 0.110937 0.641667 0.0916667 0.25 0.786952
0 0.83724 0.57037 0.214062 0.777778 0.854499
0 0.160938 0.466667 0.13125 0.324074 0.899485
56 0.241406 0.78287 0.265104 0.423148 0.899615
0 0.535677 0.497222 0.138021 0.644444 0.908823
0 0.325521 0.630556 0.255208 0.711111 0.927632
