56 0.740104 0.466204 0.0864583 0.0601852 0.357248
56 0.694271 0.436574 0.0541667 0.113889 0.47737
0 0.977083 0.320833 0.0458333 0.119444 0.497315
56 0.678125 0.678704 0.204167 0.490741 0.498558
24 0.465885 0.959259 0.124479 0.0777778 0.538488
24 0.652083 0.450926 0.0520833 0.0777778 0.548362
39 0.345313 0.169907 0.0104167 0.0546296 0.556754
67 0.43125 0.631944 0.0520833 0.0268519 0.570422
24 0.69401 0.436111 0.0536458 0.111111 0.616042
56 0.11224 0.64213 0.0921875 0.250926 0.813713
0 0.8375 0.571759 0.214583 0.787963 0.850715
56 0.240365 0.780556 0.263021 0.425926 0.892094
0 0.535677 0.494907 0.138021 0.649074 0.892749
0 0.167187 0.474074 0.127083 0.337037 0.895593
0 0.327865 0.633796 0.263021 0.702778 0.927925
