56 0.554167 0.777778 0.117708 0.196296 0.309815
56 0.272396 0.505093 0.0927083 0.0694444 0.517195
56 0.848177 0.512963 0.0682292 0.181481 0.524849
39 0.277865 0.189815 0.00989583 0.0555556 0.538168
56 0.273698 0.677778 0.123438 0.411111 0.705265
24 0.584635 0.49537 0.124479 0.137037 0.723231
56 0.116406 0.773611 0.213021 0.447222 0.858628
0 0.398438 0.514352 0.123958 0.641667 0.897472
56 0.74401 0.786111 0.247396 0.412963 0.898081
0 0.193229 0.652315 0.240625 0.684259 0.926674
0 0.691406 0.593982 0.270312 0.797222 0.928913
