60 0.41276 0.612963 0.446354 0.244444 0.280282
56 0.266927 0.510185 0.0515625 0.0592593 0.309887
24 0.597917 0.476389 0.101042 0.106481 0.484217
56 0.554688 0.778241 0.11875 0.197222 0.51795
39 0.277865 0.189352 0.00989583 0.0546296 0.620549
56 0.644271 0.879167 0.141667 0.234259 0.801327
56 0.13776 0.776852 0.196354 0.431481 0.844968
67 0.941146 0.143056 0.1125 0.280556 0.859218
0 0.266146 0.389815 0.078125 0.27963 0.903963
0 0.859896 0.493056 0.276042 0.984259 0.924621
0 0.196875 0.652315 0.198958 0.636111 0.935895
