56 0.741667 0.465278 0.0875 0.0601852 0.272904
24 0.650781 0.445833 0.0494792 0.0842593 0.289135
26 0.56875 0.474537 0.114583 0.0712963 0.310441
24 0.568229 0.475 0.114583 0.0703704 0.34935
56 0.871875 0.700463 0.225 0.567593 0.353496
67 0.43099 0.631481 0.0526042 0.0259259 0.3755
0 0.348698 0.424537 0.0348958 0.125 0.436412
24 0.677344 0.440278 0.0901042 0.102778 0.454713
56 0.648438 0.663426 0.153125 0.502778 0.522602
24 0.466406 0.958796 0.123438 0.0787037 0.55844
39 0.345313 0.169907 0.0104167 0.0564815 0.600682
0 0.971615 0.309722 0.0567708 0.119444 0.762957
56 0.1125 0.643981 0.0916667 0.252778 0.808001
0 0.84349 0.575463 0.204688 0.806481 0.842889
0 0.171094 0.468981 0.132812 0.325 0.890179
0 0.0388021 0.590741 0.0776042 0.762963 0.895054
56 0.240365 0.78287 0.266146 0.423148 0.904315
0 0.333854 0.629167 0.272917 0.717593 0.930151
