0 0.395573 0.638426 0.247396 0.687963 0.2538
56 0.794792 0.477315 0.0541667 0.062037 0.288809
60 0.635156 0.716667 0.671354 0.509259 0.313735
56 0.832031 0.677778 0.154687 0.461111 0.386243
26 0.566406 0.475463 0.110937 0.0712963 0.522084
0 0.253646 0.589352 0.176042 0.608333 0.554689
39 0.345313 0.17037 0.0104167 0.0537037 0.660422
67 0.860677 0.4375 0.0317708 0.0212963 0.674867
0 0.921094 0.552315 0.157813 0.763889 0.777731
0 0.672656 0.589815 0.225521 0.7 0.804641
0 0.346615 0.40463 0.124479 0.211111 0.807701
0 0.0286458 0.631944 0.0572917 0.649074 0.855875
56 0.194271 0.753704 0.183333 0.487037 0.899599
