27 0.365625 0.444907 0.01875 0.0768519 0.255152
56 0.784375 0.676389 0.16875 0.475 0.277441
56 0.715885 0.681019 0.154687 0.489815 0.292469
26 0.567448 0.475 0.114063 0.0703704 0.341658
24 0.566927 0.475 0.114063 0.0703704 0.444603
56 0.635677 0.661111 0.125521 0.507407 0.447237
24 0.695052 0.437037 0.0526042 0.111111 0.513385
56 0.695312 0.4375 0.053125 0.113889 0.553106
24 0.652083 0.45 0.0520833 0.0833333 0.580282
39 0.345313 0.17037 0.0104167 0.0537037 0.647732
0 0.251823 0.523611 0.173438 0.450926 0.672508
0 0.888542 0.624074 0.196875 0.687037 0.717401
0 0.355208 0.402778 0.130208 0.224074 0.895757
0 0.407292 0.340278 0.0802083 0.312037 0.907914
56 0.195052 0.754167 0.184896 0.487963 0.92093
