26 0.579427 0.473148 0.0921875 0.0703704 0.269614
24 0.574219 0.473148 0.102604 0.0703704 0.304314
67 0.43125 0.630556 0.0520833 0.0277778 0.3541
24 0.68125 0.438889 0.111458 0.107407 0.400552
56 0.774219 0.655556 0.104687 0.45 0.439163
56 0.652604 0.6375 0.1625 0.486111 0.476094
39 0.345313 0.168056 0.0104167 0.0527778 0.541505
56 0.789583 0.46713 0.0729167 0.0731481 0.550028
24 0.466146 0.958333 0.125 0.0796296 0.616484
0 0.374479 0.395833 0.0614583 0.219444 0.672063
56 0.884375 0.654167 0.129167 0.552778 0.808806
0 0.0526042 0.460648 0.104167 0.530556 0.844307
0 0.960677 0.492593 0.0786458 0.985185 0.875372
56 0.053125 0.753241 0.105208 0.476852 0.878334
0 0.359375 0.624537 0.280208 0.719444 0.924799
56 0.267708 0.775926 0.251042 0.437037 0.9288
