60 0.649479 0.718518 0.695833 0.516667 0.254516
24 0.652865 0.446296 0.0505208 0.0851852 0.263136
26 0.568229 0.475 0.114583 0.0703704 0.325202
24 0.567708 0.475463 0.114583 0.0712963 0.387611
0 0.261719 0.633333 0.184896 0.668519 0.581966
0 0.808854 0.292593 0.14375 0.435185 0.589989
24 0.677344 0.437037 0.0984375 0.114815 0.598509
56 0.746875 0.465278 0.0447917 0.062037 0.65701
39 0.345313 0.17037 0.009375 0.0537037 0.680984
0 0.928906 0.537037 0.142188 0.794444 0.741153
0 0.357031 0.402315 0.133854 0.226852 0.901475
56 0.194271 0.75463 0.183333 0.485185 0.908979
