56 0.54974 0.781018 0.105729 0.193519 0.250569
24 0.489062 0.509259 0.107292 0.0722222 0.254445
24 0.597917 0.476852 0.101042 0.105556 0.332583
26 0.488802 0.509259 0.107813 0.0722222 0.343534
56 0.835156 0.511111 0.0192708 0.112963 0.462304
39 0.277865 0.189815 0.00989583 0.0537037 0.538798
56 0.570312 0.652315 0.153125 0.443519 0.611564
56 0.705469 0.879167 0.263021 0.232407 0.650373
0 0.0179687 0.538889 0.0359375 0.453704 0.748884
0 0.189323 0.444907 0.0723958 0.197222 0.849506
0 0.765625 0.394907 0.13125 0.336111 0.87693
56 0.172656 0.802315 0.227604 0.382407 0.914194
0 0.245833 0.664815 0.23125 0.651852 0.936149
