24 0.0296875 0.647685 0.059375 0.247222 0.271254
56 0.570052 0.636574 0.150521 0.447222 0.356577
56 0.86875 0.5375 0.0333333 0.187963 0.432708
0 0.0257812 0.615278 0.0515625 0.423148 0.462242
39 0.277865 0.189815 0.00989583 0.0537037 0.540244
0 0.282552 0.463889 0.0703125 0.146296 0.623105
24 0.586719 0.493519 0.129688 0.140741 0.756247
0 0.826042 0.394444 0.116667 0.359259 0.890054
56 0.132552 0.789352 0.176563 0.400926 0.894447
56 0.749479 0.783333 0.258333 0.42037 0.899706
0 0.686198 0.600463 0.274479 0.780556 0.937802
0 0.259896 0.649537 0.257292 0.682407 0.945957
