26 0.328125 0.957407 0.0520833 0.0814815 0.269692
56 0.863802 0.50787 0.0255208 0.139815 0.464187
39 0.277604 0.189352 0.0104167 0.0546296 0.521573
56 0.27474 0.664815 0.120312 0.440741 0.627643
24 0.27474 0.493519 0.0692708 0.0944444 0.652925
24 0.576302 0.493981 0.105729 0.141667 0.766297
56 0.0895833 0.771296 0.178125 0.448148 0.884959
0 0.385417 0.495833 0.121875 0.630556 0.891999
0 0.802083 0.392593 0.130208 0.366667 0.895613
0 0.697656 0.596759 0.281771 0.787963 0.904373
56 0.741406 0.786574 0.252604 0.410185 0.915726
0 0.149479 0.656018 0.25625 0.673148 0.939249
