56 0.971354 0.645833 0.0572917 0.547222 0.307501
67 0.43151 0.62963 0.0515625 0.0259259 0.40201
24 0.466406 0.95787 0.124479 0.0787037 0.435897
56 0.68125 0.441204 0.114583 0.110185 0.45645
39 0.345313 0.168056 0.0104167 0.0527778 0.566591
24 0.680469 0.44213 0.113021 0.106481 0.592844
67 0.824219 0.466667 0.0369792 0.037037 0.599533
0 0.377865 0.393519 0.0536458 0.216667 0.649324
56 0.774479 0.466667 0.040625 0.0703704 0.65813
0 0.873958 0.526389 0.184375 0.782407 0.886238
56 0.683333 0.744907 0.284375 0.500926 0.898881
0 0.357812 0.627315 0.276042 0.69537 0.912566
56 0.264062 0.771759 0.227083 0.436111 0.925118
