60 0.503906 0.732407 0.764063 0.481481 0.255632
56 0.554167 0.781018 0.116667 0.191667 0.298508
24 0.597396 0.479167 0.101042 0.0990741 0.302592
26 0.491406 0.506481 0.101562 0.0740741 0.344285
67 0.665104 0.359722 0.021875 0.0324074 0.359149
56 0.365625 0.464815 0.0416667 0.12037 0.361515
0 0.217708 0.609722 0.152083 0.550926 0.364011
56 0.564844 0.664815 0.139062 0.427778 0.413091
0 0.21276 0.446759 0.136979 0.234259 0.527003
39 0.277865 0.190278 0.00989583 0.0546296 0.599953
56 0.817448 0.50787 0.0505208 0.125 0.627887
56 0.705469 0.879167 0.261979 0.234259 0.682633
0 0.733073 0.400926 0.165104 0.311111 0.781062
0 0.446875 0.523148 0.132292 0.624074 0.827873
56 0.258333 0.783333 0.188542 0.418519 0.919645
