26 0.572917 0.474537 0.107292 0.0712963 0.357605
56 0.87526 0.698148 0.224479 0.564815 0.374933
24 0.572135 0.475 0.107813 0.0703704 0.385228
56 0.655729 0.665278 0.165625 0.493519 0.44885
24 0.652083 0.442593 0.0510417 0.0907407 0.463448
24 0.691927 0.439815 0.0661458 0.103704 0.466947
24 0.467187 0.958333 0.123958 0.0777778 0.502467
39 0.345313 0.168981 0.0104167 0.0546296 0.667276
56 0.109896 0.636111 0.0864583 0.257407 0.692619
0 0.84401 0.580556 0.205729 0.801852 0.795303
0 0.355729 0.527778 0.140625 0.483333 0.88177
0 0.198958 0.537037 0.214583 0.474074 0.900773
56 0.242188 0.773611 0.272917 0.437963 0.931779
