67 0.433073 0.633333 0.0515625 0.0240741 0.325477
56 0.959896 0.509259 0.0802083 0.240741 0.407213
24 0.471875 0.960648 0.136458 0.0731481 0.426566
64 0.408333 0.555556 0.03125 0.0388889 0.479903
39 0.346615 0.172222 0.00989583 0.0555556 0.538311
0 0.233333 0.413426 0.0697917 0.232407 0.684469
56 0.627344 0.745833 0.182812 0.486111 0.793532
0 0.878646 0.545833 0.145833 0.728704 0.821468
56 0.271615 0.775 0.240104 0.435185 0.919041
0 0.348177 0.621296 0.268229 0.707407 0.921287
0 0.69375 0.493981 0.311458 0.982407 0.937561
