56 0.696094 0.4375 0.0546875 0.113889 0.260289
67 0.43099 0.632407 0.0526042 0.0259259 0.27261
24 0.695312 0.4375 0.0552083 0.112037 0.2943
24 0.466927 0.95787 0.123438 0.0768519 0.306926
24 0.567448 0.475 0.114063 0.0703704 0.339847
26 0.567969 0.474537 0.114063 0.0712963 0.340923
67 0.739062 0.464352 0.0302083 0.0287037 0.363782
24 0.652344 0.448148 0.0526042 0.0833333 0.412675
39 0.345313 0.169444 0.0104167 0.0537037 0.528963
56 0.638281 0.661111 0.133854 0.52037 0.533121
0 0.144271 0.31713 0.09375 0.282407 0.765983
0 0.835417 0.562963 0.217708 0.757407 0.830435
0 0.163281 0.456481 0.120312 0.311111 0.880759
56 0.241667 0.785185 0.264583 0.418519 0.915485
0 0.0833333 0.575 0.165625 0.825926 0.928404
0 0.316927 0.634722 0.257812 0.70463 0.935869
