60 0.452604 0.74213 0.2125 0.460185 0.282496
67 0.43151 0.630093 0.0515625 0.025 0.341022
56 0.682552 0.440278 0.113021 0.108333 0.366713
24 0.466667 0.95787 0.125 0.0787037 0.414397
56 0.960156 0.641667 0.0796875 0.537037 0.434512
24 0.680729 0.441204 0.1125 0.106481 0.536144
39 0.345313 0.168519 0.0104167 0.0537037 0.548589
67 0.810417 0.315741 0.028125 0.0722222 0.696632
0 0.373698 0.390741 0.0598958 0.224074 0.77141
0 0.855208 0.539352 0.2 0.750926 0.813432
0 0.352604 0.621296 0.254167 0.7 0.890261
56 0.680469 0.743519 0.295312 0.503704 0.891311
56 0.269531 0.768056 0.235938 0.447222 0.905408
