24 0.663802 0.442593 0.0776042 0.0944444 0.28896
56 0.647135 0.638426 0.149479 0.489815 0.292886
24 0.571094 0.475 0.108854 0.0703704 0.300907
26 0.571354 0.474537 0.108333 0.0712963 0.302034
24 0.691667 0.441204 0.0802083 0.106481 0.44135
24 0.466927 0.958333 0.124479 0.0777778 0.452369
60 0.616406 0.721296 0.752604 0.490741 0.470889
0 0.980729 0.311574 0.0385417 0.141667 0.48849
39 0.345313 0.169444 0.0104167 0.0555556 0.649723
56 0.114323 0.696759 0.100521 0.35463 0.736806
0 0.342187 0.523148 0.132292 0.507407 0.83243
0 0.82474 0.555093 0.209896 0.70463 0.860297
0 0.198437 0.538426 0.180208 0.462037 0.878503
0 0.188802 0.344444 0.127604 0.294444 0.888189
56 0.23724 0.775463 0.283854 0.436111 0.932442
