24 0.558333 0.471759 0.084375 0.0564815 0.263743
0 0.950521 0.269444 0.0708333 0.209259 0.300528
67 0.407031 0.634722 0.0526042 0.025 0.424557
24 0.65625 0.444907 0.113542 0.106481 0.525214
67 0.773958 0.326389 0.025 0.0472222 0.566769
24 0.44375 0.959722 0.121875 0.075 0.575351
56 0.135417 0.66713 0.09375 0.400926 0.74023
0 0.823438 0.548611 0.198958 0.732407 0.857484
0 0.354688 0.343519 0.103125 0.361111 0.864027
0 0.320052 0.615741 0.265104 0.685185 0.911429
56 0.247656 0.779167 0.245312 0.428704 0.915404
56 0.654427 0.74537 0.292188 0.501852 0.919772
0 0.06875 0.578704 0.1375 0.67037 0.925815
