60 0.675781 0.714352 0.626562 0.473148 0.29331
24 0.651563 0.443981 0.0510417 0.087963 0.295724
24 0.683073 0.441667 0.111979 0.105556 0.378592
67 0.43125 0.630556 0.0510417 0.0259259 0.381696
26 0.56901 0.473611 0.111979 0.0712963 0.458772
24 0.465365 0.958796 0.128646 0.0787037 0.50867
39 0.345313 0.168519 0.0104167 0.0537037 0.569077
0 0.975781 0.314352 0.0473958 0.113889 0.619139
56 0.302604 0.900926 0.152083 0.190741 0.818905
0 0.854948 0.552315 0.209896 0.776852 0.876294
0 0.270833 0.405556 0.0895833 0.237037 0.904372
0 0.126563 0.494907 0.251042 0.986111 0.9045
0 0.360938 0.625926 0.282292 0.694444 0.914358
