56 0.864844 0.626389 0.205729 0.575 0.271239
67 0.43125 0.62963 0.053125 0.0259259 0.434732
39 0.345052 0.168056 0.00989583 0.0546296 0.448997
0 0.0195312 0.668056 0.0390625 0.543519 0.454363
24 0.68099 0.441204 0.113021 0.106481 0.496738
24 0.465625 0.958333 0.126042 0.0814815 0.58648
67 0.804167 0.328241 0.0260417 0.0509259 0.656588
0 0.368229 0.390741 0.065625 0.227778 0.729488
0 0.850781 0.547685 0.201562 0.736111 0.840752
56 0.679948 0.743519 0.295312 0.507407 0.904426
56 0.271094 0.771759 0.239063 0.439815 0.916342
0 0.352604 0.608333 0.259375 0.677778 0.921038
