24 0.56875 0.475463 0.115625 0.0712963 0.265949
56 0.923958 0.530556 0.0770833 0.242593 0.271811
24 0.651563 0.443981 0.0510417 0.0861111 0.385685
26 0.569531 0.474537 0.113021 0.0712963 0.412422
24 0.466927 0.958796 0.123438 0.0768519 0.447603
24 0.696875 0.441204 0.0760417 0.106481 0.465865
60 0.599479 0.726852 0.775 0.490741 0.519527
0 0.981771 0.316204 0.0364583 0.132407 0.545967
39 0.345052 0.169444 0.00989583 0.0555556 0.632742
0 0.823177 0.561574 0.207813 0.743519 0.734234
0 0.352865 0.528704 0.160938 0.503704 0.753414
56 0.113802 0.700463 0.100521 0.363889 0.793183
0 0.180469 0.538889 0.220313 0.461111 0.87973
0 0.2 0.371296 0.107292 0.312963 0.897803
56 0.2375 0.775 0.280208 0.437037 0.937441
