24 0.327604 0.956944 0.053125 0.0824074 0.266982
24 0.490104 0.508796 0.111458 0.0712963 0.27735
56 0.264062 0.510648 0.0541667 0.0601852 0.31
60 0.41224 0.609722 0.447396 0.221296 0.318478
41 0.930208 0.144444 0.090625 0.264815 0.364047
24 0.597917 0.476852 0.101042 0.105556 0.420111
56 0.554948 0.777778 0.119271 0.198148 0.51299
39 0.277604 0.189352 0.0104167 0.0546296 0.608754
56 0.645833 0.878704 0.144792 0.235185 0.819832
56 0.142188 0.776852 0.204167 0.431481 0.857618
67 0.936979 0.142593 0.108333 0.277778 0.859119
0 0.265625 0.390741 0.08125 0.283333 0.908444
0 0.859896 0.493519 0.276042 0.983333 0.921601
0 0.197135 0.654167 0.199479 0.628704 0.932144
