24 0.477344 0.749537 0.0692708 0.165741 0.296026
24 0.676562 0.440741 0.104167 0.105556 0.359947
67 0.740104 0.462963 0.0291667 0.0296296 0.367763
24 0.567448 0.475463 0.115104 0.0712963 0.373065
26 0.567708 0.474537 0.115625 0.0712963 0.404152
24 0.651823 0.446296 0.0515625 0.087037 0.404278
56 0.636979 0.660185 0.130208 0.518519 0.496788
24 0.467187 0.959259 0.122917 0.0777778 0.552324
39 0.345052 0.169907 0.00989583 0.0546296 0.564762
56 0.101302 0.7375 0.196354 0.499074 0.809055
0 0.835677 0.564352 0.217187 0.758333 0.826088
0 0.0429688 0.569444 0.0859375 0.633333 0.880878
56 0.239063 0.78287 0.255208 0.419444 0.910186
0 0.315365 0.629167 0.264062 0.713889 0.926229
0 0.178385 0.393981 0.0984375 0.450926 0.927934
