0 0.69974 0.5375 0.131771 0.784259 0.271122
56 0.752865 0.471759 0.0786458 0.0638889 0.30777
24 0.567448 0.475 0.115104 0.0703704 0.35974
56 0.801042 0.681019 0.179167 0.476852 0.375146
26 0.567708 0.475 0.115625 0.0703704 0.395971
67 0.840625 0.462037 0.0333333 0.0222222 0.479581
56 0.635156 0.663426 0.124479 0.508333 0.531734
24 0.651823 0.447222 0.0505208 0.0851852 0.55758
0 0.261198 0.632407 0.184896 0.67037 0.569081
0 0.702865 0.318981 0.117188 0.349074 0.580766
39 0.345313 0.169907 0.0104167 0.0546296 0.677572
0 0.89375 0.586574 0.2125 0.775 0.804954
0 0.356771 0.402315 0.134375 0.225 0.877613
56 0.19401 0.755093 0.182812 0.486111 0.911447
