24 0.580469 0.484722 0.0661458 0.0805556 0.302431
24 0.693229 0.340741 0.161458 0.387037 0.318517
60 0.546354 0.735648 0.632292 0.476852 0.364736
39 0.277604 0.189815 0.0104167 0.0537037 0.467406
56 0.772917 0.564815 0.138542 0.268519 0.490571
56 0.557552 0.677315 0.122396 0.463889 0.51797
24 0.758073 0.375 0.0848958 0.214815 0.709463
56 0.251302 0.510185 0.0432292 0.0611111 0.752248
0 0.485677 0.528704 0.127604 0.533333 0.794479
24 0.132031 0.410185 0.145313 0.314815 0.836837
0 0.183854 0.553241 0.126042 0.875 0.893304
0 0.679427 0.338426 0.134896 0.408333 0.895971
56 0.791927 0.756481 0.265104 0.47037 0.908976
56 0.330729 0.787037 0.229167 0.412963 0.930601
