66 0.29375 0.520833 0.107292 0.037963 0.2945
0 0.486458 0.40787 0.113542 0.200926 0.49066
39 0.277865 0.189352 0.00989583 0.0546296 0.561469
0 0.478125 0.55463 0.129167 0.496296 0.628857
56 0.75625 0.611574 0.126042 0.367593 0.633162
56 0.554948 0.732407 0.118229 0.342593 0.690759
0 0.163542 0.410185 0.147917 0.309259 0.781605
0 0.755469 0.289352 0.0953125 0.328704 0.830425
0 0.632552 0.495833 0.194271 0.991667 0.919152
56 0.835938 0.752778 0.2625 0.474074 0.926764
56 0.167969 0.773148 0.203646 0.435185 0.938723
