24 0.652604 0.443056 0.0552083 0.0916667 0.341465
0 0.98125 0.311111 0.0375 0.135185 0.347851
26 0.570312 0.474537 0.110417 0.0712963 0.35451
24 0.570312 0.475 0.110417 0.0703704 0.356534
24 0.466927 0.958333 0.123438 0.0777778 0.454703
60 0.61875 0.718518 0.74375 0.490741 0.487453
24 0.694792 0.441204 0.075 0.106481 0.501375
39 0.345573 0.168981 0.00989583 0.0546296 0.653653
56 0.114063 0.698611 0.0989583 0.362037 0.767471
0 0.341406 0.524074 0.133854 0.503704 0.84084
0 0.825 0.550463 0.209375 0.69537 0.855127
0 0.198437 0.538889 0.179167 0.459259 0.872215
0 0.186979 0.347222 0.13125 0.290741 0.885064
56 0.2375 0.774537 0.280208 0.436111 0.935593
