56 0.555208 0.777778 0.117708 0.201852 0.276352
56 0.567969 0.637037 0.147396 0.451852 0.327196
39 0.277604 0.190278 0.0104167 0.0546296 0.597714
0 0.15026 0.423148 0.103646 0.451852 0.744097
24 0.584896 0.493056 0.125 0.141667 0.771574
56 0.286198 0.501389 0.0692708 0.0638889 0.780931
56 0.131771 0.789352 0.177083 0.402778 0.893678
56 0.752344 0.781482 0.260938 0.425926 0.904122
0 0.817969 0.392593 0.142188 0.366667 0.9189
0 0.688021 0.589352 0.269792 0.797222 0.929372
0 0.261198 0.65463 0.265104 0.67037 0.949466
