75 0.0934896 0.469907 0.0328125 0.0824074 0.264848
24 0.569531 0.475463 0.106771 0.0712963 0.276395
27 0.425521 0.414815 0.00833333 0.0685185 0.30389
56 0.0791667 0.743056 0.158333 0.463889 0.323624
64 0.438542 0.5625 0.0364583 0.0305556 0.325144
24 0.67474 0.441204 0.101562 0.10463 0.349077
67 0.739583 0.463889 0.028125 0.0314815 0.418213
24 0.652083 0.449537 0.0510417 0.0824074 0.453826
24 0.466406 0.959259 0.124479 0.0777778 0.46289
56 0.638021 0.661574 0.132292 0.517593 0.469901
26 0.569792 0.475 0.111458 0.0722222 0.499655
39 0.345313 0.169907 0.0104167 0.0527778 0.643203
0 0.835938 0.5625 0.217708 0.75463 0.836665
56 0.221875 0.785185 0.28125 0.414815 0.841587
0 0.170833 0.458333 0.130208 0.274074 0.891316
0 0.398958 0.388426 0.122917 0.230556 0.906757
0 0.321094 0.625926 0.266146 0.722222 0.921478
