67 0.406771 0.610648 0.0510417 0.0231481 0.425325
24 0.365104 0.48287 0.134375 0.0953704 0.430841
39 0.327344 0.136111 0.00989583 0.0555556 0.517885
0 0.307813 0.396296 0.059375 0.12037 0.518253
0 0.81224 0.520833 0.169271 0.684259 0.523312
24 0.432031 0.954167 0.140104 0.087963 0.616799
56 0.840885 0.644907 0.155729 0.517593 0.660041
56 0.689323 0.739815 0.268229 0.503704 0.898693
56 0.197135 0.760185 0.252604 0.462963 0.906724
0 0.614583 0.561574 0.270833 0.852778 0.939809
0 0.294531 0.615741 0.292188 0.748148 0.943217
