26 0.493229 0.506944 0.0979167 0.0731481 0.27942
24 0.596875 0.481944 0.0989583 0.0935185 0.301588
56 0.366146 0.454167 0.0427083 0.14537 0.407929
56 0.566146 0.661574 0.141667 0.432407 0.419246
67 0.67526 0.374537 0.0286458 0.0583333 0.455218
39 0.277865 0.190278 0.00989583 0.0546296 0.592859
56 0.821615 0.506481 0.0411458 0.124074 0.653836
56 0.704948 0.879167 0.261979 0.234259 0.67004
0 0.221354 0.446296 0.133333 0.211111 0.755194
0 0.730208 0.401852 0.175 0.325926 0.784317
0 0.448438 0.521759 0.135417 0.625 0.832931
56 0.258073 0.78287 0.189063 0.419444 0.917979
