60 0.447135 0.743519 0.523438 0.494444 0.264784
56 0.595052 0.637037 0.200521 0.448148 0.344537
0 0.240104 0.44537 0.132292 0.214815 0.345831
0 0.478385 0.39537 0.100521 0.238889 0.376378
39 0.277604 0.188889 0.0104167 0.0537037 0.438951
24 0.601302 0.487963 0.171354 0.151852 0.650092
0 0.247656 0.568981 0.139062 0.467593 0.719737
0 0.474219 0.553704 0.105729 0.540741 0.801493
56 0.211979 0.798148 0.134375 0.37963 0.876625
0 0.827604 0.343981 0.108333 0.476852 0.896649
56 0.770312 0.780093 0.258333 0.428704 0.910655
0 0.704948 0.599074 0.294271 0.783333 0.934125
0 0.0947917 0.513426 0.1875 0.949074 0.943165
