56 0.246875 0.587037 0.09375 0.212963 0.253694
56 0.263021 0.511111 0.0541667 0.0611111 0.257932
56 0.553125 0.782407 0.1125 0.2 0.327215
24 0.597656 0.476852 0.101562 0.103704 0.345758
56 0.715885 0.879167 0.286979 0.234259 0.583924
56 0.816406 0.498611 0.105729 0.15463 0.588722
39 0.277344 0.189815 0.00989583 0.0555556 0.591181
56 0.70625 0.484722 0.053125 0.0268519 0.599007
56 0.56875 0.656018 0.148958 0.443519 0.600495
56 0.24401 0.766667 0.209896 0.455556 0.882583
0 0.272396 0.381019 0.0979167 0.308333 0.913281
0 0.0809896 0.556481 0.160938 0.861111 0.940661
