26 0.577604 0.478241 0.0875 0.0638889 0.270006
56 0.739583 0.466667 0.0875 0.0592593 0.288494
0 0.360938 0.434722 0.0427083 0.110185 0.476559
56 0.679427 0.67963 0.202604 0.490741 0.519162
67 0.43125 0.632407 0.0520833 0.0259259 0.545112
39 0.345313 0.169907 0.0104167 0.0546296 0.559763
56 0.694271 0.436111 0.0541667 0.112963 0.561214
0 0.977344 0.320833 0.0453125 0.121296 0.567706
24 0.651823 0.446759 0.0526042 0.087963 0.576912
24 0.465625 0.959259 0.123958 0.0777778 0.579785
24 0.694271 0.436111 0.053125 0.111111 0.630134
56 0.111458 0.641667 0.0895833 0.25 0.757246
0 0.8375 0.569444 0.215625 0.783333 0.851083
56 0.240625 0.782407 0.2625 0.424074 0.89739
0 0.170573 0.46713 0.126563 0.325 0.897413
0 0.535677 0.49537 0.136979 0.644444 0.904005
0 0.326562 0.632407 0.258333 0.709259 0.930482
