26 0.651563 0.443981 0.0541667 0.0953704 0.258883
56 0.636979 0.6625 0.128125 0.521296 0.290329
24 0.570833 0.475463 0.104167 0.0712963 0.326581
26 0.571615 0.475 0.102604 0.0703704 0.364831
67 0.43099 0.631944 0.0526042 0.0268519 0.405698
24 0.651823 0.443056 0.0526042 0.0935185 0.426756
0 0.977083 0.318981 0.0458333 0.117593 0.46441
56 0.740104 0.464352 0.0854167 0.0601852 0.468584
24 0.466667 0.958796 0.123958 0.0787037 0.549773
39 0.345313 0.168981 0.0104167 0.0546296 0.602662
56 0.11224 0.642593 0.0932292 0.251852 0.749096
0 0.678385 0.322685 0.135937 0.332407 0.825578
0 0.83724 0.567593 0.213021 0.774074 0.850629
56 0.239844 0.780093 0.260938 0.426852 0.881716
0 0.169271 0.476852 0.129167 0.348148 0.892634
0 0.334635 0.633796 0.271354 0.710185 0.936322
