24 0.483594 0.510648 0.0953125 0.0731481 0.303726
56 0.802083 0.560648 0.05625 0.236111 0.403965
26 0.481771 0.510648 0.0958333 0.0731481 0.410635
39 0.264323 0.19213 0.0109375 0.0527778 0.507433
24 0.571875 0.474537 0.0739583 0.100926 0.679996
0 0.177604 0.440278 0.071875 0.199074 0.715546
56 0.670573 0.771759 0.251563 0.439815 0.828174
0 0.733854 0.403241 0.136458 0.312037 0.881085
56 0.157292 0.808333 0.241667 0.37037 0.910797
0 0.23125 0.667593 0.235417 0.644444 0.934373
0 0.592448 0.607407 0.247396 0.766667 0.935588
