39 0.277344 0.189352 0.0109375 0.0509259 0.280308
26 0.594271 0.49213 0.138542 0.141667 0.352477
60 0.577865 0.743981 0.566146 0.480556 0.370737
56 0.182031 0.795833 0.236979 0.397222 0.487546
56 0.683073 0.506481 0.0567708 0.0759259 0.582568
24 0.596875 0.492593 0.136458 0.140741 0.600475
0 0.771875 0.440278 0.147917 0.632407 0.731862
24 0.119531 0.454167 0.125521 0.44537 0.767242
0 0.489583 0.528241 0.13125 0.541667 0.83782
56 0.792448 0.756481 0.265104 0.47037 0.882552
0 0.220313 0.518056 0.191667 0.937963 0.891215
