0 0.334635 0.255093 0.0880208 0.19537 0.258875
24 0.576563 0.473611 0.096875 0.0712963 0.277919
26 0.579948 0.473148 0.0901042 0.0703704 0.305014
24 0.68151 0.438889 0.113021 0.109259 0.34235
56 0.654688 0.6375 0.165625 0.476852 0.369084
67 0.43125 0.630093 0.0510417 0.0268519 0.38605
24 0.466146 0.95787 0.125 0.0768519 0.390644
56 0.776563 0.466667 0.0791667 0.0722222 0.557424
0 0.35026 0.324074 0.119271 0.325926 0.719628
56 0.213281 0.550463 0.0567708 0.180556 0.793775
0 0.86875 0.576389 0.219792 0.834259 0.824724
56 0.26276 0.777778 0.238021 0.433333 0.910153
0 0.357292 0.62963 0.280208 0.707407 0.912396
56 0.133333 0.743056 0.217708 0.50463 0.914008
