26 0.273177 0.494444 0.0734375 0.0944444 0.25342
56 0.546094 0.769907 0.0984375 0.184259 0.351677
24 0.273698 0.49537 0.0744792 0.0944444 0.389945
60 0.385417 0.749537 0.385417 0.482407 0.449527
39 0.277604 0.189352 0.0104167 0.0546296 0.471329
56 0.831771 0.493519 0.040625 0.146296 0.624263
0 0.242448 0.367593 0.0734375 0.35 0.867849
56 0.739323 0.777778 0.249479 0.431481 0.893833
56 0.236719 0.766204 0.223438 0.456481 0.92096
0 0.76224 0.381019 0.144271 0.362037 0.932557
0 0.644271 0.626852 0.229167 0.724074 0.936309
