0 0.93151 0.282407 0.0755208 0.175926 0.283084
0 0.974219 0.314352 0.0515625 0.112037 0.291358
26 0.568229 0.474537 0.113542 0.0712963 0.357057
67 0.739062 0.463889 0.028125 0.0296296 0.366288
24 0.694531 0.437037 0.0546875 0.111111 0.384534
24 0.567969 0.475463 0.113021 0.0712963 0.388463
67 0.43151 0.631944 0.0515625 0.0268519 0.408406
24 0.651563 0.45 0.0510417 0.0796296 0.481981
24 0.466667 0.959259 0.122917 0.0777778 0.506182
56 0.638542 0.658796 0.134375 0.523148 0.539609
39 0.345313 0.169907 0.0104167 0.0546296 0.571119
56 0.107552 0.640741 0.0838542 0.25 0.842858
0 0.835677 0.562037 0.216146 0.755556 0.853705
0 0.366667 0.389352 0.0666667 0.208333 0.856929
0 0.157552 0.461574 0.125521 0.323148 0.860142
0 0.236719 0.341667 0.0755208 0.277778 0.895628
56 0.240365 0.783333 0.270312 0.422222 0.905365
0 0.326042 0.631481 0.275 0.712963 0.927143
