60 0.547135 0.73287 0.633854 0.482407 0.368137
39 0.277344 0.189352 0.00989583 0.0546296 0.47711
56 0.785677 0.561111 0.110937 0.259259 0.538449
56 0.559375 0.680556 0.127083 0.455556 0.630748
24 0.753125 0.377778 0.0927083 0.207407 0.688092
56 0.252344 0.510648 0.0453125 0.0601852 0.757877
0 0.484896 0.530093 0.128125 0.534259 0.76139
0 0.694792 0.335185 0.10625 0.403704 0.792953
56 0.653385 0.500926 0.0546875 0.0685185 0.813189
24 0.129167 0.40787 0.145833 0.315741 0.842954
0 0.592448 0.346296 0.0484375 0.146296 0.849831
0 0.182552 0.553241 0.127604 0.875 0.899432
56 0.791927 0.756944 0.266146 0.471296 0.911822
56 0.33099 0.787037 0.228646 0.412963 0.931598
