67 0.43125 0.629167 0.0520833 0.025 0.32008
24 0.466667 0.95787 0.123958 0.0787037 0.342939
0 0.367969 0.424074 0.0640625 0.159259 0.345922
27 0.665104 0.211111 0.0447917 0.0444444 0.379113
56 0.960417 0.634722 0.078125 0.499074 0.379787
56 0.89349 0.600926 0.123438 0.662963 0.433781
56 0.564583 0.580556 0.059375 0.246296 0.472256
39 0.345313 0.168056 0.0104167 0.0527778 0.559139
0 0.960417 0.312963 0.0583333 0.114815 0.71918
0 0.354688 0.622685 0.258333 0.706481 0.881469
56 0.266927 0.768981 0.231771 0.44537 0.91681
0 0.714063 0.494907 0.339583 0.982407 0.936205
