24 0.291667 0.538889 0.144792 0.0962963 0.265902
0 0.234896 0.460648 0.0645833 0.128704 0.287283
67 0.328646 0.670833 0.0520833 0.0287037 0.292398
26 0.291667 0.539352 0.142708 0.0953704 0.307445
56 0.778125 0.664815 0.115625 0.468519 0.504981
39 0.25026 0.181019 0.00989583 0.0583333 0.508868
56 0.634896 0.7625 0.264583 0.45463 0.850327
0 0.729167 0.376389 0.154167 0.341667 0.853522
56 0.121875 0.793519 0.242708 0.401852 0.929338
0 0.564323 0.586574 0.251563 0.802778 0.94151
0 0.215365 0.649537 0.298438 0.686111 0.94383
