24 0.327865 0.956944 0.0526042 0.0824074 0.267855
60 0.41276 0.610185 0.449479 0.222222 0.324628
56 0.266406 0.510185 0.0526042 0.0611111 0.346414
24 0.597396 0.476852 0.101042 0.105556 0.421316
56 0.555208 0.776389 0.11875 0.200926 0.517599
39 0.277865 0.189815 0.00989583 0.0537037 0.587985
67 0.940625 0.131944 0.109375 0.25463 0.752079
56 0.645312 0.878704 0.142708 0.235185 0.810811
56 0.138021 0.777315 0.195833 0.432407 0.851613
0 0.266146 0.388889 0.078125 0.277778 0.901206
0 0.857031 0.49213 0.280729 0.982407 0.91803
0 0.196354 0.653704 0.198958 0.637037 0.9374
