24 0.327865 0.957407 0.0505208 0.0814815 0.261572
56 0.553385 0.781018 0.114063 0.200926 0.294715
56 0.716667 0.877778 0.288542 0.238889 0.367096
24 0.597656 0.475926 0.101562 0.105556 0.409592
56 0.643229 0.881019 0.138542 0.223148 0.545777
39 0.277865 0.189352 0.00989583 0.0546296 0.612615
56 0.567448 0.655556 0.146354 0.446296 0.616698
56 0.816406 0.497685 0.105729 0.152778 0.622961
56 0.70625 0.485648 0.053125 0.0287037 0.686612
56 0.264062 0.511111 0.0541667 0.0611111 0.802873
0 0.278646 0.451852 0.0864583 0.161111 0.890478
0 0.938542 0.494907 0.122917 0.986111 0.924779
56 0.140885 0.783333 0.226562 0.422222 0.928553
0 0.196615 0.659722 0.249479 0.665741 0.944931
