26 0.580469 0.473148 0.0859375 0.0703704 0.30851
24 0.578646 0.474074 0.0885417 0.0703704 0.32159
67 0.43151 0.62963 0.0515625 0.0259259 0.371767
56 0.970833 0.64537 0.0583333 0.55 0.419733
56 0.68099 0.439352 0.114063 0.113889 0.42188
24 0.467187 0.95787 0.123958 0.0787037 0.466691
67 0.807292 0.471759 0.0375 0.0194444 0.472929
39 0.345313 0.167593 0.0104167 0.0537037 0.566462
24 0.68099 0.440278 0.113021 0.106481 0.641986
56 0.775781 0.466667 0.0421875 0.0703704 0.749405
0 0.376042 0.395833 0.059375 0.213889 0.854593
0 0.875 0.527315 0.1875 0.787963 0.874763
0 0.35026 0.62037 0.266146 0.716667 0.886082
56 0.691667 0.741204 0.248958 0.50463 0.895757
56 0.265625 0.773148 0.228125 0.435185 0.922322
0 0.0697917 0.584722 0.138542 0.812037 0.934813
