24 0.58099 0.484259 0.0682292 0.0833333 0.255741
24 0.757552 0.347222 0.149479 0.377778 0.328476
56 0.801823 0.593982 0.127604 0.326852 0.344767
60 0.557552 0.735185 0.611979 0.47963 0.41471
56 0.253646 0.510648 0.0427083 0.0601852 0.453942
39 0.277865 0.189352 0.00989583 0.0527778 0.489303
56 0.36901 0.474537 0.0473958 0.100926 0.506645
56 0.559896 0.670833 0.125 0.463889 0.649226
24 0.793229 0.352778 0.0979167 0.168519 0.701652
56 0.659635 0.501389 0.0682292 0.0638889 0.749249
24 0.135156 0.431481 0.153646 0.318519 0.777248
0 0.745052 0.343056 0.124479 0.410185 0.816693
56 0.791927 0.75463 0.265104 0.47037 0.881509
0 0.445573 0.540278 0.126563 0.552778 0.888917
0 0.213542 0.561111 0.186458 0.862963 0.909
56 0.330469 0.787037 0.229687 0.411111 0.916591
