56 0.598698 0.477778 0.102604 0.111111 0.256304
24 0.488802 0.509259 0.106771 0.0722222 0.308057
27 0.728125 0.387037 0.0197917 0.0444444 0.332171
26 0.488802 0.509722 0.105729 0.0731481 0.366269
24 0.599219 0.477778 0.103646 0.107407 0.373997
56 0.144531 0.545833 0.0255208 0.0787037 0.474322
39 0.278125 0.190278 0.0104167 0.0527778 0.573883
0 0.178125 0.439352 0.075 0.197222 0.850052
56 0.730729 0.776389 0.239583 0.432407 0.863651
0 0.774219 0.396759 0.117188 0.339815 0.886046
56 0.17526 0.802778 0.231771 0.381481 0.921752
0 0.242708 0.660185 0.223958 0.638889 0.931756
0 0.648438 0.612037 0.251042 0.757407 0.946123
