56 0.742188 0.465741 0.0875 0.0592593 0.296069
26 0.576823 0.474537 0.0994792 0.0712963 0.30256
56 0.694531 0.440278 0.0609375 0.10463 0.323271
24 0.575781 0.475 0.100521 0.0703704 0.361787
56 0.872917 0.697222 0.226042 0.564815 0.418685
0 0.973437 0.312963 0.053125 0.127778 0.439835
56 0.647656 0.663889 0.150521 0.498148 0.469042
24 0.692969 0.440278 0.0640625 0.102778 0.4766
24 0.652344 0.442593 0.0526042 0.0907407 0.480303
24 0.466927 0.958796 0.123438 0.0768519 0.516096
39 0.345313 0.169444 0.0104167 0.0555556 0.62774
56 0.124479 0.644907 0.111458 0.250926 0.689569
0 0.84349 0.577315 0.205729 0.799074 0.800166
0 0.342708 0.525463 0.130208 0.493519 0.802048
0 0.186719 0.53287 0.218229 0.465741 0.878555
56 0.241406 0.772685 0.273438 0.439815 0.920113
0 0.16849 0.323611 0.159896 0.356481 0.923475
