67 0.738542 0.466667 0.028125 0.0277778 0.250825
0 0.972917 0.318519 0.0541667 0.122222 0.253881
56 0.694792 0.4375 0.0552083 0.113889 0.321193
24 0.568229 0.475 0.113542 0.0703704 0.331761
67 0.43099 0.631944 0.0526042 0.0268519 0.359682
26 0.56849 0.474537 0.114063 0.0712963 0.362823
24 0.694271 0.437037 0.0541667 0.111111 0.443899
24 0.466406 0.958796 0.124479 0.0787037 0.446381
24 0.651563 0.449074 0.0510417 0.0814815 0.477798
56 0.641406 0.661574 0.139062 0.515741 0.54494
56 0.239323 0.887037 0.264062 0.22037 0.547913
39 0.345052 0.169907 0.0109375 0.0546296 0.572766
0 0.365625 0.432407 0.059375 0.12037 0.617676
0 0.186979 0.461111 0.0802083 0.32037 0.79872
0 0.836198 0.568056 0.218229 0.769444 0.847092
0 0.329167 0.62963 0.261458 0.716667 0.910021
0 0.113542 0.525 0.227083 0.927778 0.940555
