60 0.44375 0.741204 0.525 0.486111 0.251379
27 0.521615 0.423148 0.0119792 0.122222 0.258761
56 0.226302 0.514815 0.0942708 0.0685185 0.266943
56 0.554948 0.787037 0.117188 0.214815 0.318767
26 0.594792 0.493519 0.138542 0.140741 0.339635
26 0.328385 0.957407 0.0505208 0.0814815 0.347876
24 0.328125 0.957407 0.0520833 0.0814815 0.358654
39 0.277604 0.189352 0.0104167 0.0527778 0.507823
0 0.513021 0.380556 0.120833 0.233333 0.557487
24 0.595573 0.493981 0.136979 0.139815 0.591179
56 0.248177 0.693981 0.140104 0.426852 0.64017
0 0.778385 0.28287 0.113021 0.319444 0.680291
56 0.777344 0.496296 0.104687 0.133333 0.754156
0 0.514323 0.536111 0.123438 0.544444 0.821403
0 0.617188 0.305556 0.0947917 0.244444 0.833957
56 0.795573 0.770833 0.267188 0.447222 0.841397
56 0.167448 0.774074 0.203646 0.437037 0.928025
0 0.110417 0.566667 0.186458 0.8 0.942944
