0 0.498958 0.377778 0.132292 0.242593 0.285567
24 0.689323 0.515741 0.120312 0.111111 0.310282
39 0.277604 0.188889 0.0104167 0.0537037 0.460288
56 0.780729 0.511574 0.0989583 0.171296 0.496404
56 0.251563 0.70463 0.120833 0.448148 0.514353
60 0.532292 0.746296 0.68125 0.483333 0.532462
24 0.0427083 0.449537 0.0854167 0.334259 0.580156
24 0.59349 0.493056 0.133854 0.139815 0.689719
0 0.494531 0.52963 0.144271 0.548148 0.807652
0 0.84401 0.435648 0.147396 0.680556 0.87396
56 0.791146 0.756944 0.265625 0.471296 0.887089
0 0.158854 0.520833 0.183333 0.939815 0.920089
