26 0.569531 0.474537 0.113021 0.0712963 0.292825
24 0.56901 0.475 0.113021 0.0703704 0.356481
67 0.43125 0.631944 0.0520833 0.0268519 0.365103
24 0.69401 0.435648 0.0536458 0.110185 0.442435
0 0.972917 0.314815 0.0541667 0.118519 0.488775
24 0.465885 0.959259 0.124479 0.0777778 0.534234
24 0.652083 0.446296 0.0520833 0.0888889 0.564832
39 0.345313 0.169444 0.0104167 0.0537037 0.580825
56 0.644792 0.672222 0.148958 0.490741 0.59285
56 0.69401 0.436574 0.0536458 0.112037 0.686573
56 0.11224 0.6375 0.0901042 0.252778 0.725652
0 0.363281 0.427315 0.0598958 0.125 0.789237
0 0.840365 0.55 0.217187 0.822222 0.851874
0 0.160156 0.460648 0.132812 0.317593 0.879647
56 0.24349 0.781944 0.273438 0.423148 0.905595
0 0.0442708 0.557407 0.0885417 0.762963 0.908395
0 0.326302 0.631481 0.260938 0.711111 0.925609
