56 0.541927 0.781944 0.0932292 0.19537 0.391913
56 0.274479 0.495833 0.0708333 0.0842593 0.443118
60 0.41849 0.750926 0.428646 0.464815 0.450488
39 0.277344 0.189352 0.00989583 0.0546296 0.511495
24 0.571615 0.49213 0.0994792 0.139815 0.597013
0 0.181771 0.372685 0.190625 0.215741 0.802558
0 0.850521 0.506019 0.1625 0.332407 0.84172
0 0.400781 0.508796 0.123438 0.637963 0.886593
56 0.116667 0.773148 0.2125 0.448148 0.90123
56 0.745052 0.783796 0.245312 0.419444 0.910524
0 0.194271 0.653241 0.238542 0.675 0.926772
0 0.680208 0.609722 0.229167 0.762037 0.937314
