24 0.367708 0.969444 0.151042 0.0592593 0.287043
27 0.725521 0.401852 0.0208333 0.0611111 0.29498
26 0.489844 0.509259 0.105729 0.0722222 0.325776
24 0.598437 0.476389 0.103125 0.110185 0.400192
56 0.835417 0.512037 0.01875 0.116667 0.430055
39 0.278125 0.190741 0.0104167 0.0537037 0.590321
56 0.710156 0.768981 0.236979 0.447222 0.837029
0 0.771875 0.397222 0.119792 0.337037 0.879286
0 0.189583 0.444907 0.0729167 0.213889 0.886959
56 0.173177 0.800463 0.226562 0.386111 0.925155
0 0.24349 0.664815 0.221354 0.642593 0.930033
0 0.636719 0.614815 0.244271 0.75 0.935999
