24 0.569792 0.474537 0.110417 0.0694444 0.27621
60 0.671875 0.688426 0.617708 0.456481 0.314589
56 0.666146 0.4375 0.0739583 0.108333 0.318095
56 0.639844 0.632407 0.141146 0.488889 0.441747
26 0.571094 0.473611 0.111979 0.0712963 0.459862
24 0.467187 0.95787 0.122917 0.0787037 0.470613
0 0.300781 0.39213 0.0776042 0.217593 0.507088
39 0.345313 0.168056 0.0104167 0.0527778 0.545982
24 0.665365 0.440278 0.0744792 0.100926 0.547571
0 0.979688 0.31713 0.040625 0.128704 0.620589
56 0.783594 0.468519 0.0838542 0.0740741 0.651958
56 0.877865 0.648611 0.214062 0.525 0.682445
0 0.385156 0.359722 0.0703125 0.275 0.700258
56 0.703125 0.456944 0.0333333 0.0731481 0.854739
56 0.263542 0.774074 0.238542 0.440741 0.905786
0 0.359635 0.62963 0.263021 0.688889 0.913704
56 0.136458 0.743981 0.221875 0.50463 0.929685
