26 0.592708 0.493056 0.135417 0.141667 0.341856
60 0.561198 0.74213 0.606771 0.497222 0.38285
24 0.596615 0.492593 0.135937 0.140741 0.619539
56 0.776563 0.590278 0.108333 0.319444 0.622422
56 0.191406 0.772222 0.257812 0.433333 0.695287
56 0.683594 0.502778 0.0598958 0.0814815 0.744193
0 0.488021 0.52963 0.13125 0.533333 0.824499
24 0.150781 0.38287 0.158854 0.367593 0.852398
0 0.726302 0.324537 0.155729 0.391667 0.904528
56 0.791667 0.756019 0.266667 0.469444 0.904898
0 0.226562 0.5125 0.2125 0.932407 0.919065
