26 0.565885 0.496759 0.0796875 0.136111 0.371367
56 0.542969 0.778704 0.0942708 0.2 0.490236
39 0.277604 0.189352 0.0104167 0.0546296 0.534511
24 0.565104 0.493519 0.0833333 0.140741 0.595546
56 0.863542 0.519907 0.0364583 0.187963 0.637149
56 0.284115 0.501389 0.0713542 0.0638889 0.806126
56 0.128906 0.789815 0.170312 0.403704 0.898011
0 0.791406 0.366667 0.121354 0.368519 0.905268
56 0.742448 0.770833 0.249479 0.44537 0.909621
0 0.359115 0.359259 0.0859375 0.337037 0.923773
0 0.67526 0.577315 0.241146 0.826852 0.93181
0 0.257031 0.652315 0.257812 0.675 0.951626
