56 0.697135 0.437037 0.0598958 0.114815 0.263076
0 0.972396 0.318056 0.0552083 0.119444 0.271946
26 0.56849 0.474537 0.114063 0.0712963 0.335743
67 0.43125 0.631944 0.0520833 0.0268519 0.346568
67 0.741406 0.464815 0.0338542 0.0314815 0.456244
24 0.695052 0.436574 0.0557292 0.112037 0.467103
24 0.465885 0.958796 0.124479 0.0787037 0.496315
24 0.652344 0.450463 0.0526042 0.0787037 0.501651
56 0.638542 0.65787 0.136458 0.523148 0.5636
39 0.345313 0.169444 0.0104167 0.0537037 0.599851
56 0.113021 0.635185 0.0916667 0.255556 0.772301
0 0.836458 0.566204 0.216667 0.767593 0.85004
56 0.240885 0.781944 0.266146 0.423148 0.895505
0 0.165104 0.469444 0.139583 0.338889 0.911417
0 0.328646 0.631481 0.260417 0.709259 0.91864
