56 0.865625 0.699074 0.232292 0.57037 0.282654
26 0.577604 0.478241 0.0864583 0.0638889 0.284376
56 0.740104 0.466667 0.0864583 0.0592593 0.325267
56 0.69401 0.436574 0.0546875 0.113889 0.465299
0 0.977083 0.323148 0.0458333 0.12037 0.488851
0 0.360156 0.435185 0.0421875 0.107407 0.507008
56 0.677604 0.679167 0.203125 0.491667 0.514679
67 0.43125 0.631944 0.0520833 0.0268519 0.524253
24 0.652083 0.451852 0.0520833 0.0759259 0.553703
24 0.465625 0.959259 0.125 0.0777778 0.554709
39 0.345573 0.168981 0.0109375 0.0546296 0.567201
24 0.69401 0.435648 0.0536458 0.112037 0.612787
56 0.110937 0.640741 0.090625 0.25 0.771473
0 0.8375 0.570833 0.214583 0.780556 0.846489
0 0.539062 0.497685 0.14375 0.643519 0.888345
56 0.244271 0.782407 0.270833 0.424074 0.895719
0 0.159896 0.466204 0.132292 0.325 0.903555
0 0.330469 0.62963 0.266146 0.709259 0.936211
