56 0.651042 0.635648 0.158333 0.489815 0.265937
26 0.571875 0.474537 0.107292 0.0712963 0.311662
24 0.571354 0.475 0.108333 0.0703704 0.320382
0 0.980469 0.312037 0.0390625 0.140741 0.332949
24 0.467187 0.958333 0.123958 0.0777778 0.434645
60 0.607552 0.724074 0.773438 0.490741 0.498672
24 0.68125 0.441204 0.103125 0.10463 0.516329
39 0.345313 0.169444 0.0104167 0.0555556 0.60345
56 0.116927 0.698611 0.104687 0.363889 0.725653
0 0.345052 0.523611 0.134896 0.506481 0.837943
0 0.824219 0.55 0.208854 0.696296 0.848444
0 0.195312 0.34213 0.113542 0.291667 0.877223
0 0.186979 0.538889 0.19375 0.462963 0.888339
56 0.23776 0.775 0.279687 0.435185 0.936755
