67 0.43099 0.632407 0.0526042 0.0259259 0.300752
26 0.56875 0.474537 0.113542 0.0712963 0.333454
24 0.568229 0.475463 0.113542 0.0712963 0.33668
67 0.740365 0.463889 0.0296875 0.0314815 0.429115
24 0.69401 0.436574 0.0546875 0.112037 0.441278
24 0.652083 0.448611 0.0510417 0.0824074 0.477802
24 0.466667 0.959259 0.122917 0.0777778 0.497847
39 0.345313 0.169907 0.0104167 0.0546296 0.595679
56 0.638802 0.657407 0.136979 0.522222 0.61229
56 0.120833 0.651852 0.05625 0.225926 0.683838
0 0.836198 0.563426 0.216146 0.758333 0.847498
0 0.166146 0.459722 0.119792 0.323148 0.87726
0 0.0554687 0.589815 0.109896 0.805556 0.885736
56 0.238542 0.78287 0.265625 0.421296 0.904748
0 0.232552 0.315741 0.0942708 0.3 0.907325
0 0.315885 0.634722 0.257812 0.706481 0.92866
