56 0.263542 0.510648 0.0541667 0.0601852 0.289054
56 0.552344 0.782407 0.110937 0.198148 0.355264
56 0.284375 0.664352 0.111458 0.369444 0.370786
24 0.597656 0.476852 0.100521 0.103704 0.387081
56 0.568229 0.656944 0.146875 0.441667 0.541331
56 0.7125 0.880093 0.280208 0.232407 0.560154
39 0.277604 0.189352 0.0104167 0.0546296 0.598213
56 0.70651 0.484722 0.0526042 0.0268519 0.646917
56 0.815625 0.497685 0.104167 0.152778 0.664421
56 0.113802 0.771296 0.150521 0.448148 0.890662
0 0.266406 0.388889 0.0890625 0.287037 0.915431
0 0.185156 0.662963 0.220313 0.657407 0.938541
