67 0.43125 0.631944 0.0510417 0.0268519 0.270548
26 0.572396 0.474537 0.107292 0.0712963 0.284053
24 0.571615 0.475463 0.107813 0.0712963 0.34697
24 0.69401 0.436111 0.0536458 0.112963 0.488178
24 0.652344 0.449537 0.0536458 0.0824074 0.530474
24 0.466146 0.958796 0.125 0.0787037 0.550341
56 0.641146 0.67037 0.139583 0.496296 0.586392
39 0.345313 0.169444 0.0104167 0.0555556 0.603515
56 0.69401 0.436574 0.0546875 0.113889 0.62252
0 0.190104 0.253704 0.053125 0.103704 0.636648
0 0.366406 0.428241 0.0546875 0.126852 0.727278
0 0.166146 0.462037 0.142708 0.32963 0.812436
56 0.110937 0.641667 0.090625 0.25 0.847429
0 0.858333 0.555093 0.220833 0.830556 0.887048
56 0.241667 0.78287 0.26875 0.423148 0.901218
0 0.332031 0.633333 0.268229 0.709259 0.915114
