0 0.360417 0.437037 0.0385417 0.103704 0.284331
56 0.695052 0.436574 0.0536458 0.112037 0.292693
26 0.575521 0.475463 0.0927083 0.0694444 0.332971
56 0.867448 0.699074 0.227604 0.57037 0.375922
56 0.638542 0.664352 0.127083 0.512037 0.387585
0 0.977865 0.317593 0.0442708 0.12037 0.389454
24 0.652083 0.452778 0.0510417 0.0740741 0.504229
67 0.43125 0.631944 0.0520833 0.0268519 0.55448
39 0.345313 0.169444 0.0104167 0.0537037 0.556366
24 0.465885 0.959259 0.124479 0.0777778 0.58302
24 0.69375 0.436111 0.0552083 0.111111 0.636505
56 0.110417 0.641204 0.0895833 0.250926 0.773323
0 0.822917 0.560648 0.2375 0.767593 0.872338
0 0.519271 0.492593 0.133333 0.640741 0.885849
56 0.243229 0.782407 0.269792 0.424074 0.894181
0 0.160938 0.46713 0.13125 0.325 0.898155
0 0.329948 0.630093 0.264062 0.713889 0.93553
