24 0.567969 0.475463 0.116146 0.0712963 0.29943
67 0.740104 0.463889 0.0302083 0.0296296 0.311227
67 0.43125 0.631944 0.0520833 0.0268519 0.394944
26 0.568229 0.474537 0.115625 0.0712963 0.422917
24 0.694271 0.437037 0.0552083 0.111111 0.448789
24 0.651823 0.450463 0.0505208 0.0805556 0.495033
56 0.638281 0.659722 0.132812 0.519444 0.538858
24 0.466667 0.959259 0.122917 0.0777778 0.555147
39 0.345313 0.169907 0.0104167 0.0546296 0.590443
0 0.258333 0.30787 0.0552083 0.202778 0.821589
0 0.836458 0.5625 0.216667 0.758333 0.838536
56 0.107813 0.640741 0.084375 0.25 0.842117
0 0.366667 0.388426 0.0666667 0.208333 0.84381
0 0.157552 0.461111 0.126563 0.325926 0.891155
56 0.239323 0.783333 0.267188 0.422222 0.902722
0 0.326042 0.631944 0.275 0.712037 0.923156
