56 0.56875 0.636574 0.15 0.44537 0.308172
56 0.554427 0.777315 0.116146 0.199074 0.354227
39 0.277865 0.188889 0.00989583 0.0537037 0.509443
0 0.28724 0.479167 0.0661458 0.117593 0.529239
56 0.872135 0.536111 0.0213542 0.192593 0.563629
24 0.586458 0.493981 0.128125 0.139815 0.74962
56 0.131771 0.789815 0.177083 0.401852 0.892253
56 0.745833 0.78287 0.25 0.419444 0.893525
0 0.811458 0.390741 0.114583 0.361111 0.904085
0 0.6875 0.593056 0.272917 0.793519 0.932178
0 0.260417 0.651852 0.260417 0.677778 0.949791
