24 0.756771 0.347222 0.145833 0.388889 0.334011
56 0.803385 0.593982 0.130729 0.326852 0.353966
60 0.555208 0.734722 0.614583 0.478704 0.423043
56 0.253385 0.509722 0.0421875 0.0601852 0.482893
56 0.36901 0.474537 0.0473958 0.100926 0.484713
39 0.277865 0.189352 0.00989583 0.0527778 0.508305
56 0.559635 0.669907 0.125521 0.462037 0.661641
24 0.79375 0.352778 0.0989583 0.168519 0.705633
56 0.659635 0.501389 0.0682292 0.0638889 0.741582
24 0.135417 0.434722 0.154167 0.315741 0.76802
0 0.745833 0.343519 0.122917 0.409259 0.836068
56 0.791927 0.75463 0.266146 0.47037 0.880441
0 0.445573 0.540278 0.126563 0.552778 0.886503
56 0.33099 0.7875 0.228646 0.410185 0.910104
0 0.213281 0.561111 0.190104 0.864815 0.914299
