60 0.530469 0.572222 0.326562 0.164815 0.276258
56 0.63776 0.763426 0.130729 0.249074 0.331766
24 0.652865 0.443519 0.0557292 0.087037 0.355908
67 0.43151 0.630093 0.0526042 0.0268519 0.36242
0 0.0434896 0.594907 0.0869792 0.741667 0.460448
39 0.345313 0.167593 0.0104167 0.0537037 0.560884
24 0.466146 0.958333 0.125 0.0796296 0.675835
0 0.37474 0.396296 0.0619792 0.212963 0.816281
0 0.0424479 0.36713 0.0848958 0.286111 0.819873
56 0.0828125 0.742593 0.165625 0.503704 0.917309
0 0.358854 0.624537 0.279167 0.719444 0.927812
0 0.833854 0.495833 0.33125 0.987963 0.930892
56 0.267448 0.775926 0.249479 0.438889 0.937192
