27 0.496615 0.422685 0.0151042 0.117593 0.264138
24 0.66276 0.384259 0.0494792 0.0796296 0.268075
24 0.724219 0.328241 0.169271 0.371296 0.271317
60 0.548958 0.732407 0.636458 0.483333 0.309491
39 0.277604 0.189815 0.0104167 0.0537037 0.446337
24 0.580469 0.484259 0.0661458 0.0814815 0.455781
56 0.772917 0.562963 0.136458 0.264815 0.601031
56 0.558333 0.674074 0.125 0.457407 0.615051
56 0.251042 0.510185 0.0479167 0.0611111 0.682707
56 0.661979 0.502315 0.0770833 0.0657407 0.740888
0 0.697135 0.328704 0.119271 0.396296 0.795171
0 0.490365 0.52963 0.130729 0.533333 0.809031
24 0.768229 0.359722 0.0958333 0.226852 0.819773
24 0.107552 0.419907 0.127604 0.317593 0.844898
56 0.791406 0.756481 0.267188 0.47037 0.909922
0 0.173958 0.569907 0.1625 0.839815 0.912827
56 0.330729 0.7875 0.229167 0.412037 0.928306
