62 0.321875 0.290741 0.180208 0.190741 0.25471
56 0.657552 0.443981 0.114063 0.106481 0.31341
67 0.407031 0.634722 0.0526042 0.025 0.391884
0 0.951823 0.268519 0.0682292 0.209259 0.528527
24 0.65625 0.444907 0.113542 0.106481 0.537481
24 0.443229 0.959722 0.121875 0.075 0.566307
67 0.774219 0.327315 0.0255208 0.0490741 0.614615
56 0.135156 0.662037 0.0942708 0.390741 0.73835
0 0.354167 0.339352 0.10625 0.360185 0.844443
0 0.823438 0.549074 0.198958 0.733333 0.863946
0 0.31875 0.611111 0.2625 0.675926 0.909812
56 0.247656 0.780093 0.245312 0.426852 0.916975
56 0.654167 0.74537 0.292708 0.501852 0.920552
0 0.0690104 0.574537 0.136979 0.663889 0.929407
