26 0.597656 0.49213 0.153646 0.14537 0.251804
56 0.21901 0.864815 0.146354 0.240741 0.361144
0 0.270833 0.572222 0.104167 0.474074 0.425694
39 0.277604 0.189352 0.0104167 0.0546296 0.50858
0 0.270312 0.441667 0.0989583 0.201852 0.553313
0 0.477344 0.400926 0.0994792 0.225926 0.553767
56 0.86224 0.533333 0.0526042 0.201852 0.647172
24 0.597135 0.488426 0.157813 0.152778 0.674925
0 0.473958 0.559259 0.101042 0.533333 0.756761
56 0.746875 0.783796 0.260417 0.417593 0.892729
0 0.694792 0.6 0.302083 0.787037 0.914316
0 0.141146 0.555093 0.28125 0.876852 0.953029
