26 0.578906 0.475926 0.0817708 0.0703704 0.394245
56 0.83151 0.673148 0.161979 0.455556 0.415718
67 0.388542 0.469444 0.0177083 0.0259259 0.430357
60 0.652865 0.726389 0.658854 0.506481 0.585003
67 0.860937 0.434259 0.0291667 0.0222222 0.589003
39 0.345573 0.17037 0.00989583 0.0537037 0.635194
0 0.69401 0.596296 0.224479 0.703704 0.715223
0 0.922135 0.559722 0.154687 0.760185 0.755557
0 0.259115 0.518981 0.186979 0.450926 0.770806
0 0.517448 0.495833 0.140104 0.632407 0.776015
0 0.361198 0.414352 0.127604 0.199074 0.894528
56 0.194271 0.755093 0.183333 0.486111 0.904672
