56 0.835938 0.511111 0.0177083 0.112963 0.333655
24 0.572917 0.479167 0.05 0.0898148 0.365715
26 0.489323 0.509259 0.104687 0.0722222 0.484161
56 0.144271 0.561574 0.028125 0.113889 0.493349
39 0.278125 0.190278 0.0104167 0.0546296 0.596398
56 0.691146 0.772685 0.282292 0.439815 0.797958
0 0.772396 0.397222 0.11875 0.338889 0.806478
0 0.177344 0.44213 0.0817708 0.210185 0.863766
56 0.174479 0.796296 0.227083 0.394444 0.920492
0 0.242188 0.6625 0.222917 0.652778 0.92528
0 0.603906 0.606019 0.252604 0.769444 0.933215
