56 0.963542 0.773611 0.0708333 0.226852 0.26388
56 0.0830729 0.527315 0.0473958 0.0361111 0.303165
0 0.379167 0.677315 0.108333 0.519444 0.321425
56 0.0888021 0.543519 0.0588542 0.0685185 0.372658
56 0.0192708 0.662963 0.0385417 0.22963 0.421108
56 0.948177 0.707407 0.0911458 0.246296 0.462014
56 0.940625 0.755556 0.059375 0.174074 0.51648
56 0.922656 0.547685 0.103646 0.134259 0.520432
0 0.384635 0.53287 0.103646 0.202778 0.555158
0 0.493229 0.705093 0.219792 0.567593 0.702186
56 0.160417 0.544907 0.046875 0.0787037 0.720521
56 0.935156 0.610185 0.127604 0.253704 0.72556
56 0.0773437 0.638889 0.0776042 0.198148 0.73426
56 0.284635 0.583796 0.0734375 0.156481 0.783798
0 0.600781 0.49537 0.109896 0.225926 0.829766
56 0.168229 0.736111 0.128125 0.318519 0.865568
62 0.235677 0.381019 0.234896 0.247222 0.867109
56 0.704948 0.789352 0.158854 0.413889 0.895007
56 0.51901 0.833333 0.192188 0.322222 0.899238
0 0.673958 0.648611 0.177083 0.684259 0.908478
56 0.290625 0.801389 0.166667 0.387963 0.93235
