0 0.379948 0.674537 0.109896 0.512037 0.305373
56 0.0841146 0.527778 0.0505208 0.037037 0.352838
56 0.0895833 0.544907 0.0604167 0.0712963 0.405709
56 0.0190104 0.663889 0.0380208 0.225926 0.429572
56 0.948438 0.702315 0.0916667 0.258333 0.471837
56 0.940625 0.755093 0.0604167 0.173148 0.497556
56 0.922396 0.547222 0.103125 0.133333 0.500843
0 0.385156 0.537037 0.102604 0.209259 0.591253
0 0.493229 0.706019 0.222917 0.567593 0.708225
56 0.935417 0.611111 0.128125 0.25 0.729785
56 0.160417 0.54537 0.046875 0.0777778 0.736192
56 0.0773437 0.639815 0.0786458 0.2 0.744647
56 0.283594 0.583796 0.0755208 0.158333 0.776121
62 0.235677 0.381019 0.234896 0.247222 0.856422
0 0.601042 0.49537 0.109375 0.225926 0.861417
56 0.168229 0.736111 0.128125 0.318519 0.866514
56 0.704948 0.788889 0.159896 0.412963 0.893286
56 0.519271 0.833333 0.191667 0.322222 0.898211
0 0.674479 0.651389 0.176042 0.680556 0.914612
56 0.290885 0.801389 0.167187 0.387963 0.932533
