56 0.964063 0.774074 0.0697917 0.227778 0.280532
0 0.379167 0.665278 0.107292 0.493519 0.298055
56 0.0830729 0.526852 0.0473958 0.0351852 0.305573
56 0.0885417 0.543056 0.0583333 0.0675926 0.375655
56 0.0192708 0.662963 0.0385417 0.22963 0.419725
56 0.948177 0.706019 0.0911458 0.249074 0.465096
56 0.940625 0.755556 0.059375 0.174074 0.518536
56 0.922396 0.547222 0.103125 0.133333 0.523272
0 0.384375 0.533333 0.103125 0.203704 0.587054
0 0.49401 0.70463 0.219271 0.566667 0.705313
56 0.160677 0.544907 0.0473958 0.0787037 0.714479
56 0.934896 0.610185 0.128125 0.253704 0.725005
56 0.0773437 0.637963 0.0776042 0.196296 0.732233
56 0.285417 0.583796 0.0729167 0.156481 0.779281
0 0.600521 0.49537 0.110417 0.225926 0.833489
62 0.235417 0.381019 0.234375 0.247222 0.863099
56 0.168229 0.736111 0.128125 0.318519 0.86693
56 0.70625 0.788889 0.15625 0.412963 0.894136
56 0.51901 0.833333 0.192188 0.322222 0.896962
0 0.673958 0.649537 0.177083 0.686111 0.911351
56 0.290625 0.801389 0.166667 0.387963 0.931774
